,perc_1,perc_2,perc_3,perc_4,perc_5,perc_6,perc_7,perc_8,perc_9,perc_10,perc_11,perc_12,perc_13,perc_14,perc_15,perc_16,perc_17,perc_18,perc_19,perc_20,perc_21,perc_22,perc_23,perc_24,perc_25,perc_26,perc_27,perc_28,perc_29,perc_30,perc_31,perc_32,perc_33,perc_34,perc_35,perc_36,perc_37,perc_38,perc_39,perc_40,perc_41,perc_42,perc_43,perc_44,perc_45,perc_46,perc_47,perc_48,perc_49,perc_50,perc_51,perc_52,perc_53,perc_54,perc_55,perc_56,perc_57,perc_58,perc_59,perc_60,perc_61,perc_62,perc_63,perc_64,perc_65,perc_66,perc_67,perc_68,perc_69,perc_70,perc_71,perc_72,perc_73,perc_74,perc_75,perc_76,perc_77,perc_78,perc_79,perc_80,perc_81,perc_82,perc_83,perc_84,perc_85,perc_86,perc_87,perc_88,perc_89,perc_90,perc_91,perc_92,perc_93,perc_94,perc_95,perc_96,perc_97,perc_98,perc_99,perc_100,mode,color_percentile_10,color_percentile_20,color_percentile_30,color_percentile_40,color_percentile_50,color_percentile_60,color_percentile_70,color_percentile_80,color_percentile_90,color_percentile_100,fourier_distribution_10,fourier_distribution_20,fourier_distribution_30,fourier_distribution_40,fourier_distribution_50,fourier_distribution_60,fourier_distribution_70,fourier_distribution_80,fourier_distribution_90,fourier_distribution_100,fourier_median,class,image_name,no_of_connected_components,kept_components,distance
0,0.0,0.0,0.0,0.0,0.0,0.0,0.0,0.0,0.0,0.0,0.0,0.0,0.0,0.0,0.0,1.0,1.0,2.0,2.0,3.0,3.0,4.0,4.0,5.0,5.0,6.0,6.0,7.0,8.0,8.0,9.0,9.0,9.0,10.0,10.0,10.0,10.0,11.0,11.0,11.0,11.0,12.0,12.0,12.0,12.0,13.0,13.0,13.0,13.0,14.0,14.0,14.0,15.0,15.0,15.0,15.0,16.0,16.0,16.0,17.0,17.0,17.0,17.0,18.0,18.0,18.0,19.0,19.0,19.0,20.0,20.0,20.0,21.0,21.0,21.0,22.0,22.0,22.0,23.0,23.0,24.0,24.0,24.0,25.0,25.0,25.0,26.0,26.0,26.110000000000127,27.0,27.0,28.0,28.0,29.0,30.0,30.0,31.0,32.01999999999998,35.0,41.0,0.0,1000.6039215922356,1000.7607843279839,2000.2509804069996,2000.8862745165825,3000.274509817362,3000.46274510026,3000.5803921818733,3000.6745098233223,3000.784313738346,3001.0,148.84219360351562,156.5520812988281,161.4202407836914,165.24337463378907,168.59619140625,171.85003662109375,175.31814575195312,179.77294921875,189.61419677734375,346.2167663574219,219.20944,0.0,test_data/Useful/Validation/1 inch at 1ft/20241103_113747_001.jpg,324.0,209.0,31.33899713361014
1,0.0,0.0,0.0,0.0,0.0,0.0,0.0,0.0,0.0,0.0,0.0,0.0,0.0,0.0,0.0,1.0,1.0,2.0,2.0,3.0,3.0,4.0,4.0,5.0,5.0,6.0,6.0,7.0,7.0,8.0,8.0,9.0,9.670000000000073,10.0,10.0,10.0,11.0,11.0,11.0,11.0,12.0,12.0,12.0,13.0,13.0,13.0,13.0,14.0,14.0,14.0,14.0,15.0,15.0,15.0,15.0,16.0,16.0,16.0,16.0,17.0,17.0,17.0,18.0,18.0,18.0,19.0,19.0,19.0,19.309999999999945,20.0,20.0,20.0,21.0,21.0,21.0,21.24000000000001,22.0,22.0,23.0,23.0,23.0,23.0,24.0,24.0,25.0,25.0,25.0,26.0,26.0,27.0,27.0,28.0,28.0,29.0,30.0,31.0,31.0,32.0,34.0,43.0,0.0,1000.6039215922356,1000.7607843279839,2000.2274509817362,2000.8901960849762,3000.274509817362,3000.4666666686535,3000.5803921818733,3000.6745098233223,3000.784313738346,3001.0,148.9673629760742,156.60314025878907,161.4526794433594,165.296484375,168.61235809326172,171.87396240234375,175.32308959960938,179.7403564453125,189.62603759765625,346.2120056152344,219.2945,0.0,test_data/Useful/Validation/1 inch at 1ft/20241103_113747_002.jpg,314.0,206.0,35.00736015302392
2,0.0,0.0,0.0,0.0,0.0,0.0,0.0,0.0,0.0,0.0,0.0,0.0,0.0,0.0,0.0,1.0,1.0,2.0,2.0,3.0,3.0,4.0,4.0,4.0,5.0,5.0,6.0,6.0,7.0,7.0,8.0,8.0,9.0,9.0,9.0,10.0,10.0,10.0,11.0,11.0,11.0,11.0,12.0,12.0,12.0,12.0,13.0,13.0,13.0,14.0,14.0,14.0,14.0,15.0,15.0,15.0,16.0,16.0,16.0,16.0,17.0,17.0,17.0,18.0,18.0,18.0,18.0,19.0,19.0,19.0,20.0,20.0,20.0,21.0,21.0,21.0,22.0,22.0,22.0,23.0,23.0,23.0,24.0,24.0,24.0,25.0,25.0,26.0,26.0,27.0,27.0,28.0,28.0,29.0,29.0,30.0,31.0,32.0,34.0,40.0,0.0,1000.6078431606293,1000.7607843279839,2000.243137255311,2000.8627451062202,3000.2549019753933,3000.4549019634724,3000.5764706134796,3000.6705882549286,3000.7803921699524,3001.0,148.87120971679687,156.66022033691405,161.46682739257812,165.31568908691406,168.68336486816406,171.89048767089844,175.3324737548828,179.8202667236328,189.55950927734375,346.2160949707031,219.26973,0.0,test_data/Useful/Validation/1 inch at 1ft/20241103_113747_003.jpg,309.0,197.0,29.207160114528666
3,0.0,0.0,0.0,0.0,0.0,0.0,0.0,0.0,0.0,0.0,0.0,0.0,0.0,0.0,0.0,1.0,2.0,2.0,2.8100000000000023,3.0,4.0,4.0,5.0,5.0,6.0,6.0,7.0,7.0,7.0,8.0,8.0,9.0,9.0,10.0,10.0,10.0,10.0,11.0,11.0,11.0,12.0,12.0,12.0,12.0,13.0,13.0,13.0,13.0,14.0,14.0,14.0,14.0,15.0,15.0,15.0,16.0,16.0,16.0,16.0,16.0,17.0,17.0,17.0,17.0,18.0,18.0,18.0,19.0,19.0,19.0,20.0,20.0,20.0,21.0,21.0,21.0,22.0,22.0,23.0,23.0,23.0,24.0,24.0,25.0,25.0,25.0,26.0,26.0,26.0,27.0,27.0,28.0,29.0,30.0,30.0,31.0,32.0,33.0,34.00999999999976,40.0,0.0,1000.6039215922356,1000.7568627595901,2000.215686276555,2000.8705882430077,3000.258823543787,3000.458823531866,3000.5764706134796,3000.6705882549286,3000.7803921699524,3001.0,149.04824829101562,156.65498046875,161.46147918701172,165.24688720703125,168.5649871826172,171.80136108398438,175.2517547607422,179.68995056152343,189.62493743896485,346.2191162109375,219.12573,0.0,test_data/Useful/Validation/1 inch at 1ft/20241103_113747_004.jpg,301.0,196.0,27.09649521187866
4,0.0,0.0,0.0,0.0,0.0,0.0,0.0,0.0,0.0,0.0,0.0,0.0,0.0,0.0,1.0,1.0,1.0,2.0,3.0,3.0,3.0,4.0,5.0,5.0,6.0,6.0,7.0,7.0,8.0,8.0,9.0,9.0,9.0,10.0,10.0,10.0,11.0,11.0,11.0,11.0,12.0,12.0,12.0,13.0,13.0,13.0,13.0,14.0,14.0,14.0,14.0,15.0,15.0,15.0,16.0,16.0,16.0,16.0,17.0,17.0,17.0,17.0,18.0,18.0,18.0,19.0,19.0,19.0,20.0,20.0,20.0,20.0,21.0,21.0,22.0,22.0,22.0,23.0,23.0,23.0,24.0,24.0,24.0,25.0,25.0,25.0,26.0,26.0,26.0,27.0,27.0,28.0,29.0,29.0,30.0,31.0,32.0,33.0,36.0,41.0,0.0,1000.6078431606293,1000.7607843279839,2000.2549019753933,2000.8705882430077,3000.2627451121807,3000.458823531866,3000.5764706134796,3000.6705882549286,3000.7803921699524,3001.0,148.84512023925782,156.47793579101562,161.3184814453125,165.18446350097656,168.56422424316406,171.76299133300782,175.22711181640625,179.6693572998047,189.55377197265625,346.2167053222656,219.08096,0.0,test_data/Useful/Validation/1 inch at 1ft/20241103_113747_005.jpg,327.0,226.0,30.17756527589157
5,0.0,0.0,0.0,0.0,0.0,0.0,0.0,0.0,0.0,0.0,0.0,0.0,0.0,0.0,0.0,1.0,1.0,2.0,2.0,3.0,3.0,3.0,4.0,4.0,5.0,5.740000000000009,6.0,7.0,7.0,7.0,8.0,8.0,9.0,9.0,10.0,10.0,10.0,10.0,11.0,11.0,11.0,12.0,12.0,12.0,12.0,13.0,13.0,13.0,14.0,14.0,14.0,14.0,15.0,15.0,15.0,16.0,16.0,16.0,16.0,17.0,17.0,17.0,18.0,18.0,18.0,19.0,19.0,19.0,19.0,20.0,20.0,20.0,21.0,21.0,21.0,22.0,22.0,23.0,23.0,23.0,23.190000000000055,24.0,24.0,25.0,25.0,25.0,26.0,26.0,27.0,27.0,27.0,28.0,28.0,29.0,30.0,30.0,31.0,32.0,34.0,39.0,0.0,1000.6078431606293,1000.7647058963776,2000.3215686380863,2000.9137254953384,3000.286274522543,3000.474509805441,3000.584313750267,3000.678431391716,3000.784313738346,3001.0,148.83779907226562,156.46844482421875,161.388525390625,165.19101257324218,168.5042495727539,171.71194152832032,175.1586883544922,179.53216857910158,189.6233154296875,346.22576904296875,219.12346,0.0,test_data/Useful/Validation/1 inch at 1ft/20241103_113747_006.jpg,299.0,190.0,34.5438599675427
6,0.0,0.0,0.0,0.0,0.0,0.0,0.0,0.0,0.0,0.0,0.0,0.0,0.0,0.0,0.0,0.0,1.0,1.0,2.0,2.0,3.0,3.0,4.0,4.0,5.0,5.0,6.0,6.0,7.0,7.0,7.0,8.0,8.0,9.0,9.0,10.0,10.0,10.0,10.0,11.0,11.0,11.0,12.0,12.0,12.0,12.0,13.0,13.0,13.0,14.0,14.0,14.0,14.0,15.0,15.0,15.0,16.0,16.0,16.0,17.0,17.0,17.0,17.0,18.0,18.0,18.0,19.0,19.0,19.0,20.0,20.0,20.0,21.0,21.0,21.0,22.0,22.0,22.0,23.0,23.0,23.0,24.0,24.0,25.0,25.0,25.0,26.0,26.0,27.0,27.0,28.0,28.0,28.0,29.0,29.049999999999727,30.0,31.0,33.0,34.0,41.0,0.0,1000.6156862974167,1000.772549033165,2000.4156862795353,2000.9254902005196,3000.2941176593304,3000.474509805441,3000.5882353186607,3000.678431391716,3000.784313738346,3001.0,148.7444625854492,156.42977600097657,161.29330444335938,165.10321350097655,168.4625244140625,171.70480346679688,175.20464630126952,179.59804992675782,189.60018920898438,346.2249755859375,219.21204,0.0,test_data/Useful/Validation/1 inch at 1ft/20241103_113747_007.jpg,288.0,180.0,31.010611331841954
7,0.0,0.0,0.0,0.0,0.0,0.0,0.0,0.0,0.0,0.0,0.0,0.0,0.0,0.0,0.0,1.0,1.0,2.0,2.0,3.0,3.0,4.0,5.0,5.0,6.0,6.0,7.0,7.0,8.0,8.0,8.0,9.0,9.0,10.0,10.0,10.0,10.629999999999995,11.0,11.0,11.0,11.0,12.0,12.0,12.0,12.0,13.0,13.0,13.0,13.0,14.0,14.0,14.0,14.0,15.0,15.0,15.0,15.429999999999836,16.0,16.0,16.0,17.0,17.0,17.0,17.0,18.0,18.0,18.0,19.0,19.0,19.0,20.0,20.0,20.0,21.0,21.0,21.0,21.0,22.0,22.0,22.0,23.0,23.0,23.0,24.0,24.0,25.0,25.0,26.0,26.0,27.0,27.0,28.0,28.0,29.0,30.0,31.0,32.0,33.0,34.0,40.0,0.0,1000.6196078658104,1000.7764706015587,2000.4274509847164,2000.933333337307,3000.298039227724,3000.4784313738346,3000.5882353186607,3000.678431391716,3000.784313738346,3001.0,148.9477310180664,156.48564758300782,161.2766128540039,165.0559509277344,168.44295501708984,171.65306091308594,175.06265258789062,179.42984008789062,189.62303161621094,346.2353820800781,219.12708,0.0,test_data/Useful/Validation/1 inch at 1ft/20241103_113747_008.jpg,310.0,197.0,29.092893894096658
8,0.0,0.0,0.0,0.0,0.0,0.0,0.0,0.0,0.0,0.0,0.0,0.0,0.0,0.0,1.0,1.0,2.0,2.0,3.0,3.0,4.0,4.0,5.0,5.0,6.0,6.0,7.0,7.0,8.0,8.0,9.0,9.0,10.0,10.0,10.0,10.0,11.0,11.0,11.0,11.0,12.0,12.0,12.0,12.0,13.0,13.0,13.0,13.0,14.0,14.0,14.0,14.0,15.0,15.0,15.0,16.0,16.0,16.0,16.0,17.0,17.0,17.0,18.0,18.0,18.0,18.0,19.0,19.0,19.0,20.0,20.0,20.0,20.0,21.0,21.0,21.0,22.0,22.0,22.0,23.0,23.0,23.0,24.0,24.0,24.0,25.0,25.0,26.0,26.0,27.0,27.0,28.0,28.0,29.0,30.0,30.0,31.0,33.0,34.0,40.0,0.0,1000.6235294342041,1000.7803921699524,2000.4666666686535,2000.9529411792755,3000.3058823645115,3000.486274510622,3000.5921568870544,3000.6823529601097,3000.784313738346,3001.0,147.96713256835938,155.7770233154297,160.63742065429688,164.5006103515625,167.93624877929688,171.19117736816406,174.6863784790039,179.1317352294922,189.55447387695312,346.2412109375,219.28922,0.0,test_data/Useful/Validation/1 inch at 1ft/20241103_113747_009.jpg,280.0,184.0,27.48407458927312
9,0.0,0.0,0.0,0.0,0.0,0.0,0.0,0.0,0.0,0.0,0.0,0.0,0.0,0.0,0.0,1.0,1.0,2.0,3.0,3.0,3.0,4.0,4.0,5.0,6.0,6.0,6.0,7.0,7.0,8.0,8.0,9.0,9.0,10.0,10.0,10.0,10.0,10.0,11.0,11.0,11.0,12.0,12.0,12.0,12.0,13.0,13.0,13.0,13.0,14.0,14.0,14.0,15.0,15.0,15.0,16.0,16.0,16.0,16.0,16.0,17.0,17.0,17.0,18.0,18.0,18.0,18.0,19.0,19.0,19.0,20.0,20.0,20.0,21.0,21.0,21.0,22.0,22.0,22.0,23.0,23.0,23.0,24.0,24.0,25.0,25.0,25.0,26.0,26.0,27.0,27.0,28.0,28.0,29.0,29.0,30.0,31.0,32.0,34.0,42.0,0.0,1000.6274510025978,1000.7843137383461,2000.5294117927551,3000.0509803928435,3000.3215686380863,3000.4941176474094,3000.596078455448,3000.6823529601097,3000.784313738346,3001.0,147.76760864257812,155.44454956054688,160.33572387695312,164.20640563964844,167.6225128173828,170.8763885498047,174.3525390625,178.89541931152343,189.54188537597656,346.243896484375,219.68579,0.0,test_data/Useful/Validation/1 inch at 1ft/20241103_113747_010.jpg,321.0,199.0,28.44680624690699
10,0.0,0.0,0.0,0.0,0.0,0.0,0.0,0.0,0.0,0.0,0.0,0.0,0.0,0.0,1.0,1.0,2.0,2.0,3.0,3.0,4.0,5.0,5.0,5.0,6.0,6.0,6.730000000000018,7.0,7.0,8.0,8.0,9.0,9.0,10.0,10.0,10.0,10.0,10.0,11.0,11.0,11.0,11.0,12.0,12.0,12.0,12.0,13.0,13.0,13.0,14.0,14.0,14.0,14.0,15.0,15.0,15.0,15.0,16.0,16.0,16.0,16.0,17.0,17.0,17.0,17.0,18.0,18.0,18.0,19.0,19.0,19.0,20.0,20.0,20.0,21.0,21.0,21.0,21.0,22.0,22.0,22.0,23.0,23.0,24.0,24.0,24.0,25.0,25.0,26.0,26.0,26.0,27.0,27.0,28.0,29.0,30.0,31.0,32.0,34.0,44.0,0.0,1000.6392157077789,1000.7921568751335,2000.611764729023,3000.0784313753247,3000.3450980484486,3000.505882382393,3000.600000023842,3000.6823529601097,3000.772549033165,3001.0,145.5077651977539,153.27808227539063,158.23684692382812,162.0809326171875,165.5365753173828,168.88946533203125,172.54298095703123,177.37551574707032,189.39675903320312,346.2553405761719,220.2577,0.0,test_data/Useful/Validation/1 inch at 1ft/20241103_113747_011.jpg,312.0,188.0,30.760523591391244
11,0.0,0.0,0.0,0.0,0.0,0.0,0.0,0.0,0.0,0.0,0.0,0.0,0.0,0.0,0.0,1.0,1.0,2.0,2.0,3.0,4.0,4.0,4.0,5.0,5.0,6.0,6.0,7.0,7.0,8.0,8.0,8.0,9.0,9.0,10.0,10.0,10.0,10.0,10.0,11.0,11.0,11.0,12.0,12.0,12.0,12.0,13.0,13.0,13.0,13.0,14.0,14.0,14.0,14.0,15.0,15.0,15.0,15.0,16.0,16.0,16.0,16.0,17.0,17.0,17.0,17.0,18.0,18.0,18.0,19.0,19.0,19.0,19.0,20.0,20.0,20.0,21.0,21.0,21.0,22.0,22.0,22.179999999999836,23.0,23.0,24.0,24.0,24.13000000000011,25.0,25.0,26.0,26.0,27.0,27.0,28.0,29.0,30.0,31.0,32.0,34.0,40.0,0.0,1000.6431372761726,1000.7921568751335,2000.6196078658104,3000.086274512112,3000.352941185236,3000.5098039507866,3000.6039215922356,3000.6823529601097,3000.772549033165,3001.0,144.9551544189453,152.66954040527344,157.5828094482422,161.4832305908203,164.90914916992188,168.28855895996094,171.99505615234375,176.99380493164062,189.26937866210938,346.2519836425781,220.28476,0.0,test_data/Useful/Validation/1 inch at 1ft/20241103_113747_012.jpg,324.0,191.0,22.545888041883607
12,0.0,0.0,0.0,0.0,0.0,0.0,0.0,0.0,0.0,0.0,0.0,0.0,0.0,0.0,1.0,1.0,2.0,2.0,3.0,3.0,4.0,5.0,5.0,5.0,6.0,6.0,7.0,7.0,8.0,8.0,9.0,9.0,10.0,10.0,10.0,10.0,10.0,11.0,11.0,11.0,12.0,12.0,12.0,12.0,12.0,13.0,13.0,13.0,13.0,14.0,14.0,14.0,14.0,15.0,15.0,15.0,15.0,16.0,16.0,16.0,16.0,17.0,17.0,17.0,17.0,18.0,18.0,18.0,19.0,19.0,19.0,19.0,20.0,20.0,20.0,21.0,21.0,21.0,22.0,22.0,22.0,22.0,23.0,23.0,23.0,24.0,24.0,25.0,25.0,26.0,26.0,27.0,27.0,28.0,28.0,29.0,30.0,31.0,34.0,45.0,0.0,1000.6392157077789,1000.7921568751335,2000.6039215922356,3000.0784313753247,3000.3450980484486,3000.505882382393,3000.600000023842,3000.6823529601097,3000.7764706015587,3001.0,145.7216033935547,153.44549560546875,158.29721069335938,162.1500244140625,165.53536987304688,168.90353393554688,172.5160369873047,177.2985076904297,189.26817321777344,346.2562255859375,220.27885,0.0,test_data/Useful/Validation/1 inch at 1ft/20241103_113747_013.jpg,347.0,230.0,28.045740395686128
13,0.0,0.0,0.0,0.0,0.0,0.0,0.0,0.0,0.0,0.0,0.0,0.0,0.0,0.0,1.0,2.0,2.0,3.0,3.0,4.0,4.0,5.0,5.0,6.0,6.0,7.0,7.0,8.0,8.0,8.0,9.0,9.0,10.0,10.0,10.0,10.0,11.0,11.0,11.0,11.0,12.0,12.0,12.0,12.0,13.0,13.0,13.0,14.0,14.0,14.0,14.0,14.480000000000018,15.0,15.0,15.0,15.0,16.0,16.0,16.0,17.0,17.0,17.0,17.0,18.0,18.0,18.0,18.0,19.0,19.0,19.0,19.0,20.0,20.0,20.0,20.0,21.0,21.0,21.0,22.0,22.0,22.0,23.0,23.0,24.0,24.0,24.0,25.0,25.0,26.0,26.0,27.0,27.0,28.0,28.0,29.0,30.0,31.0,32.0,33.0,40.0,0.0,1000.6392157077789,1000.7882353067398,2000.5960784554482,3000.090196080506,3000.3490196168423,3000.5098039507866,3000.6039215922356,3000.6862745285034,3000.7803921699524,3001.0,146.20632934570312,153.84790954589843,158.77653045654296,162.67438354492188,166.12374877929688,169.457763671875,173.11231994628906,177.8016815185547,189.50918579101562,346.25323486328125,220.16199,0.0,test_data/Useful/Validation/1 inch at 1ft/20241103_113747_014.jpg,317.0,198.0,24.673592543971306
14,0.0,0.0,0.0,0.0,0.0,0.0,0.0,0.0,0.0,0.0,0.0,0.0,0.0,0.0,1.0,1.0,2.0,2.0,3.0,3.0,4.0,5.0,5.0,6.0,6.0,7.0,7.0,8.0,8.0,9.0,9.0,9.0,10.0,10.0,10.0,10.0,11.0,11.0,11.0,11.0,11.0,12.0,12.0,12.0,12.549999999999955,13.0,13.0,13.0,14.0,14.0,14.0,14.0,15.0,15.0,15.0,15.0,16.0,16.0,16.0,16.0,17.0,17.0,17.0,18.0,18.0,18.0,18.0,19.0,19.0,19.0,20.0,20.0,20.0,21.0,21.0,21.0,21.0,22.0,22.0,22.0,23.0,23.0,23.0,24.0,24.0,25.0,25.0,25.0,26.0,26.0,27.0,27.0,28.0,29.0,29.049999999999727,30.0,31.0,32.0,34.0,44.0,0.0,1000.6352941393852,1000.7882353067398,2000.5686274766922,3000.0666666701436,3000.3294117748737,3000.4941176474094,3000.596078455448,3000.6823529601097,3000.7803921699524,3001.0,147.05099487304688,154.71266479492186,159.60428161621093,163.46832275390625,166.84017944335938,170.16535339355468,173.66536407470704,178.37956542968752,189.66616821289062,346.232177734375,220.05629,0.0,test_data/Useful/Validation/1 inch at 1ft/20241103_113747_015.jpg,317.0,198.0,30.702857481064143
15,0.0,0.0,0.0,0.0,0.0,0.0,0.0,0.0,0.0,0.0,0.0,0.0,0.0,0.0,0.0,1.0,1.0,2.0,3.0,3.0,4.0,4.0,5.0,5.0,6.0,6.0,6.730000000000018,7.0,7.0,8.0,8.0,9.0,9.0,10.0,10.0,10.0,10.0,11.0,11.0,11.0,11.0,11.0,12.0,12.0,12.0,12.0,13.0,13.0,13.0,14.0,14.0,14.0,15.0,15.0,15.0,15.0,16.0,16.0,16.0,16.0,17.0,17.0,17.0,17.360000000000127,18.0,18.0,18.0,18.320000000000164,19.0,19.0,19.0,20.0,20.0,20.0,21.0,21.0,21.0,22.0,22.0,22.0,23.0,23.0,23.0,24.0,24.0,24.0,25.0,25.0,26.0,26.0,27.0,27.0,28.0,29.0,29.0,30.0,31.0,32.0,34.0,43.0,0.0,1000.6313725709915,1000.7882353067398,2000.5607843399048,3000.0274509806186,3000.3176470696926,3000.4901960790157,3000.5921568870544,3000.678431391716,3000.7803921699524,3001.0,147.301708984375,154.9987030029297,159.88348388671875,163.69056701660156,167.1292724609375,170.41175842285156,173.87620544433594,178.44546508789062,189.50924682617188,346.2392578125,219.86421,0.0,test_data/Useful/Validation/1 inch at 1ft/20241103_113747_016.jpg,315.0,195.0,33.718199576593655
16,0.0,0.0,0.0,0.0,0.0,0.0,0.0,0.0,0.0,0.0,0.0,0.0,0.0,0.0,1.0,1.0,2.0,2.0,2.0,3.0,3.0,4.0,4.0,5.0,5.0,6.0,6.0,7.0,8.0,8.0,8.0,9.0,9.0,10.0,10.0,10.0,10.0,11.0,11.0,11.0,12.0,12.0,12.0,12.0,13.0,13.0,13.0,13.0,14.0,14.0,14.0,14.0,15.0,15.0,15.0,15.0,16.0,16.0,16.0,16.0,17.0,17.0,17.0,17.0,18.0,18.0,18.0,18.0,19.0,19.0,19.0,20.0,20.0,20.0,21.0,21.0,21.0,22.0,22.0,22.0,22.0,23.0,23.0,24.0,24.0,24.0,25.0,25.0,25.0,26.0,27.0,27.0,28.0,28.059999999999945,29.0,30.0,31.0,33.0,35.0,41.0,0.0,1000.6313725709915,1000.7843137383461,2000.5333333611488,2000.960784316063,3000.313725501299,3000.486274510622,3000.5921568870544,3000.678431391716,3000.7803921699524,3001.0,147.38878936767577,155.01571350097657,159.85274353027344,163.6302001953125,167.0748748779297,170.360009765625,173.83355712890625,178.37885131835938,189.51332092285156,346.23651123046875,219.82501,0.0,test_data/Useful/Validation/1 inch at 1ft/20241103_113747_017.jpg,333.0,203.0,28.048997175163255
17,0.0,0.0,0.0,0.0,0.0,0.0,0.0,0.0,0.0,0.0,0.0,0.0,0.0,0.0,0.0,1.0,1.0,2.0,3.0,3.0,4.0,4.0,5.0,5.0,5.0,6.0,6.0,7.0,7.0,8.0,8.0,9.0,9.0,9.0,10.0,10.0,10.0,10.0,11.0,11.0,11.0,12.0,12.0,12.0,12.0,12.0,13.0,13.0,13.0,14.0,14.0,14.0,14.0,15.0,15.0,15.0,16.0,16.0,16.0,16.0,17.0,17.0,17.0,17.0,18.0,18.0,18.0,19.0,19.0,19.0,19.0,20.0,20.0,20.0,21.0,21.0,22.0,22.0,22.0,23.0,23.0,23.0,24.0,24.0,24.0,25.0,25.0,25.11999999999989,26.0,26.0,27.0,27.0,28.0,28.0,29.0,30.0,31.0,32.0,35.0,41.0,0.0,1000.6274510025978,1000.772549033165,2000.447058826685,2000.9294117689133,3000.3058823645115,3000.486274510622,3000.5921568870544,3000.6823529601097,3000.784313738346,3001.0,147.73013305664062,155.44900512695312,160.32742309570312,164.17578125,167.5619354248047,170.81890258789062,174.32454833984374,178.8616149902344,189.8108856201172,346.2470703125,219.73535,0.0,test_data/Useful/Validation/1 inch at 1ft/20241103_113747_018.jpg,320.0,194.0,29.20135522224664
18,0.0,0.0,0.0,0.0,0.0,0.0,0.0,0.0,0.0,0.0,0.0,0.0,0.0,0.0,0.0,0.0,0.0,1.0,1.0,2.0,2.0,3.0,3.0,4.0,4.0,5.0,5.0,6.0,6.0,7.0,7.0,8.0,8.0,9.0,9.0,9.0,10.0,10.0,10.0,11.0,11.0,11.0,11.0,12.0,12.0,12.0,12.0,13.0,13.0,13.0,14.0,14.0,14.0,14.460000000000036,15.0,15.0,15.0,16.0,16.0,16.0,16.0,17.0,17.0,17.0,17.0,18.0,18.0,18.0,18.309999999999945,19.0,19.0,20.0,20.0,20.0,21.0,21.0,21.0,21.0,22.0,22.0,23.0,23.0,23.0,24.0,24.0,25.0,25.0,26.0,26.0,27.0,27.0,28.0,28.0,28.0,29.0,30.0,31.0,32.01999999999998,34.00999999999976,40.0,0.0,1000.6235294342041,1000.7647058963776,2000.3725490272045,2000.8980392217636,3000.301960796118,3000.4823529422283,3000.5921568870544,3000.6823529601097,3000.784313738346,3001.0,147.45567321777344,155.0341339111328,159.90359497070312,163.73992919921875,167.1127166748047,170.40725708007812,173.91116333007812,178.4728210449219,189.472509765625,346.25799560546875,219.68893,0.0,test_data/Useful/Validation/1 inch at 1ft/20241103_113747_019.jpg,310.0,183.0,28.38384068759565
19,0.0,0.0,0.0,0.0,0.0,0.0,0.0,0.0,0.0,0.0,0.0,0.0,0.0,0.0,0.0,0.0,1.0,1.0,2.0,2.0,3.0,3.0,4.0,4.0,5.0,5.0,6.0,6.0,7.0,7.0,8.0,8.0,9.0,9.0,9.0,10.0,10.0,10.0,10.0,11.0,11.0,11.0,12.0,12.0,12.0,12.0,13.0,13.0,13.0,13.0,14.0,14.0,14.0,14.0,15.0,15.0,15.0,15.0,16.0,16.0,16.0,17.0,17.0,17.0,18.0,18.0,18.0,18.0,19.0,19.0,19.0,19.0,20.0,20.0,20.0,21.0,21.0,22.0,22.0,22.0,23.0,23.0,23.0,24.0,24.0,25.0,25.0,26.0,26.0,27.0,27.0,28.0,28.0,29.0,30.0,30.0,31.0,33.0,35.0,40.0,0.0,1000.6156862974167,1000.7568627595901,1000.9647058844566,2000.866666674614,3000.2784313857555,3000.474509805441,3000.5882353186607,3000.6823529601097,3000.78823530674,3001.0,147.8658447265625,155.60302734375,160.52223205566406,164.33770751953125,167.6838836669922,170.94479370117188,174.39651947021483,178.91022644042968,189.49163818359375,346.2597961425781,219.52483,0.0,test_data/Useful/Validation/1 inch at 1ft/20241103_113747_020.jpg,332.0,223.0,31.262221585082624
20,0.0,0.0,0.0,0.0,0.0,0.0,0.0,0.0,0.0,0.0,0.0,0.0,0.0,0.0,0.0,0.0,0.0,0.0,0.0,0.0,1.0,1.0,2.0,2.0,3.0,3.0,3.0,4.0,4.0,5.0,5.0,6.0,6.0,7.0,7.0,7.639999999999986,8.0,8.0,9.0,9.0,10.0,10.0,10.0,10.0,11.0,11.0,11.0,11.0,12.0,12.0,12.0,12.0,13.0,13.0,13.0,13.0,14.0,14.0,14.0,15.0,15.0,15.0,15.0,16.0,16.0,16.0,16.330000000000155,17.0,17.0,17.0,18.0,18.0,18.0,19.0,19.0,19.0,20.0,20.0,20.0,21.0,21.0,21.0,22.0,22.0,22.0,23.0,23.0,24.0,24.0,25.0,25.0,26.0,27.0,27.0,28.0,29.0,30.0,31.0,33.00999999999976,40.0,0.0,1000.6980392336845,1000.9098039269447,3000.023529412225,3000.2901960909367,3000.4666666686535,3000.572549045086,3000.65098041296,3000.729411780834,3000.827450990677,3001.0,147.3176513671875,154.95425415039062,159.8280487060547,163.62197875976562,167.04551696777344,170.31210327148438,173.85862731933594,178.41583251953125,188.80804443359375,346.26123046875,218.67963,0.0,test_data/Useful/Validation/1 inch at 1ft/20241103_113747_061.jpg,302.0,193.0,29.714141022177024
21,0.0,0.0,0.0,0.0,0.0,0.0,0.0,0.0,0.0,0.0,0.0,0.0,0.0,0.0,0.0,0.0,0.0,0.0,0.0,0.0,1.0,1.0,2.0,2.0,2.0,3.0,3.0,4.0,5.0,5.0,5.0,6.0,7.0,7.0,7.0,8.0,8.0,9.0,9.0,9.0,10.0,10.0,10.0,10.0,11.0,11.0,11.0,11.0,12.0,12.0,12.0,12.0,13.0,13.0,13.0,13.0,14.0,14.0,14.0,15.0,15.0,15.0,15.0,16.0,16.0,16.0,17.0,17.0,17.0,18.0,18.0,18.0,18.0,19.0,19.0,20.0,20.0,20.0,21.0,21.0,22.0,22.0,22.0,23.0,23.0,24.0,24.0,24.0,25.0,25.0,26.0,27.0,27.0,28.0,29.0,29.0,30.0,32.0,34.0,40.0,0.0,1000.7019608020782,1000.9215686321259,2001.0,3000.2784313857555,3000.4549019634724,3000.5647059082985,3000.6470588445663,3000.7254902124405,3000.823529422283,3001.0,147.8994140625,155.4417510986328,160.3252716064453,164.09950256347656,167.4260711669922,170.70091247558594,174.18179321289062,178.675048828125,188.98477172851562,346.2447814941406,218.5928,0.0,test_data/Useful/Validation/1 inch at 1ft/20241103_113747_062.jpg,258.0,170.0,27.690371705586188
22,0.0,0.0,0.0,0.0,0.0,0.0,0.0,0.0,0.0,0.0,0.0,0.0,0.0,0.0,0.0,0.0,0.0,0.0,0.0,0.0,0.0,1.0,1.0,1.0,2.0,2.0,3.0,3.0,4.0,4.0,5.0,5.0,5.0,6.0,6.0,7.0,7.0,8.0,8.0,9.0,9.0,9.0,10.0,10.0,10.0,10.0,11.0,11.0,11.0,11.0,12.0,12.0,12.0,12.0,13.0,13.0,13.0,13.0,14.0,14.0,14.0,15.0,15.0,15.0,15.0,16.0,16.0,16.0,17.0,17.0,17.0,18.0,18.0,18.0,18.25,19.0,19.0,19.0,20.0,20.0,20.0,21.0,21.0,22.0,22.0,22.0,23.0,24.0,24.0,25.0,25.0,25.0,26.0,27.0,28.0,29.0,30.0,31.0,34.0,41.0,0.0,1000.7098039388657,1000.8941176533699,3000.0705882385373,3000.309803932905,3000.4784313738346,3000.5764706134796,3000.65098041296,3000.721568644047,3000.8078431487083,3001.0,145.73028717041015,153.367822265625,158.3363006591797,162.18585205078125,165.58721923828125,168.8565673828125,172.4388641357422,177.11077880859375,188.4011993408203,346.2586975097656,219.15123,0.0,test_data/Useful/Validation/1 inch at 1ft/20241103_113747_063.jpg,292.0,189.0,29.448826398935083
23,0.0,0.0,0.0,0.0,0.0,0.0,0.0,0.0,0.0,0.0,0.0,0.0,0.0,0.0,0.0,0.0,0.0,0.0,0.0,0.0,0.0,0.0,1.0,1.0,2.0,2.0,3.0,3.0,3.7099999999999227,4.0,5.0,5.0,6.0,6.0,6.0,7.0,7.0,8.0,8.0,9.0,9.0,10.0,10.0,10.0,10.0,10.0,11.0,11.0,11.0,11.0,12.0,12.0,12.0,12.0,13.0,13.0,13.0,13.0,13.0,14.0,14.0,14.0,15.0,15.0,15.0,16.0,16.0,16.0,17.0,17.0,17.0,18.0,18.0,18.0,19.0,19.0,19.0,20.0,20.0,20.0,21.0,21.0,21.0,22.0,22.0,23.0,23.0,24.0,24.0,24.0,25.0,26.0,26.0,27.0,28.0,28.0,30.0,31.0,33.0,38.0,0.0,1000.705882370472,1000.8784313797951,2001.0,3000.298039227724,3000.470588237047,3000.572549045086,3000.6470588445663,3000.7137255072594,3000.800000011921,3001.0,144.77613830566406,152.54342651367188,157.41948852539062,161.30520629882812,164.7046661376953,168.00843505859376,171.5866683959961,176.34063415527345,188.2595672607422,346.256591796875,219.19966,0.0,test_data/Useful/Validation/1 inch at 1ft/20241103_113747_064.jpg,271.0,179.0,30.530426839471964
24,0.0,0.0,0.0,0.0,0.0,0.0,0.0,0.0,0.0,0.0,0.0,0.0,0.0,0.0,0.0,0.0,0.0,0.0,0.0,1.0,1.0,2.0,2.0,2.0,3.0,3.0,4.0,4.0,5.0,5.0,6.0,6.0,7.0,7.0,8.0,8.0,9.0,9.0,9.0,10.0,10.0,10.0,10.0,10.0,11.0,11.0,11.0,11.0,12.0,12.0,12.0,12.0,12.0,13.0,13.0,13.0,13.0,14.0,14.0,14.0,14.0,15.0,15.0,15.0,16.0,16.0,16.0,16.0,17.0,17.0,17.0,18.0,18.0,18.0,19.0,19.0,19.0,20.0,20.0,20.0,21.0,21.0,22.0,22.0,23.0,23.0,23.0,24.0,24.0,25.0,25.0,26.0,26.0,27.0,28.0,28.0,29.0,30.0,32.0,38.0,0.0,1000.7019608020782,1000.8705882430077,2000.8980392217636,3000.274509817362,3000.4549019634724,3000.560784339905,3000.639215707779,3000.7098039388657,3000.796078443527,3001.0,144.58617095947267,152.29629211425782,157.25231018066407,161.14237060546876,164.57733917236328,167.94986267089843,171.56219177246092,176.32805480957032,188.35494995117188,346.2477111816406,219.02094,0.0,test_data/Useful/Validation/1 inch at 1ft/20241103_113747_065.jpg,282.0,190.0,32.21116857151759
25,0.0,0.0,0.0,0.0,0.0,0.0,0.0,0.0,0.0,0.0,0.0,0.0,0.0,0.0,0.0,0.0,0.0,0.0,0.0,0.0,1.0,1.0,1.0,2.0,2.0,3.0,3.0,4.0,4.0,5.0,6.0,6.0,6.0,7.0,7.0,8.0,8.0,9.0,9.0,9.0,10.0,10.0,10.0,10.0,10.0,11.0,11.0,11.0,11.0,12.0,12.0,12.0,12.0,12.0,13.0,13.0,13.0,14.0,14.0,14.0,14.0,14.379999999999882,15.0,15.0,15.0,16.0,16.0,16.0,16.0,17.0,17.0,17.0,18.0,18.0,18.0,19.0,19.0,19.0,20.0,20.0,20.0,21.0,21.0,22.0,22.0,23.0,23.0,23.11999999999989,24.0,25.0,25.0,26.0,26.0,27.0,28.0,29.0,30.0,31.0,32.00999999999976,39.0,0.0,1000.6901960968971,1000.8549019694328,2000.8588235378265,3000.2509804069996,3000.4392156898975,3000.5529412031174,3000.635294139385,3000.705882370472,3000.7921568751335,3001.0,144.80775451660156,152.3372344970703,157.28787231445312,161.15405883789063,164.56658172607422,167.88652954101562,171.5016326904297,176.2779510498047,188.18734741210938,346.2495422363281,218.67235,0.0,test_data/Useful/Validation/1 inch at 1ft/20241103_113747_066.jpg,299.0,209.0,32.081587926646904
26,0.0,0.0,0.0,0.0,0.0,0.0,0.0,0.0,0.0,0.0,0.0,0.0,0.0,0.0,0.0,0.0,0.0,0.0,0.0,0.0,0.0,1.0,1.0,1.759999999999991,2.0,2.740000000000009,3.0,4.0,4.0,5.0,5.0,6.0,6.0,7.0,7.0,7.0,8.0,8.0,9.0,9.0,10.0,10.0,10.0,10.0,10.0,11.0,11.0,11.0,11.0,11.0,12.0,12.0,12.0,12.0,13.0,13.0,13.0,13.0,13.0,14.0,14.0,14.0,15.0,15.0,15.0,15.340000000000146,16.0,16.0,16.0,17.0,17.0,17.0,18.0,18.0,18.0,19.0,19.0,19.0,20.0,20.0,20.0,21.0,21.0,22.0,22.0,23.0,23.0,24.0,24.0,24.0,25.0,26.0,26.0,27.0,28.0,29.0,30.0,31.0,33.0,39.0,0.0,1000.6862745285034,1000.8470588326454,2000.8509804010391,3000.2509804069996,3000.4392156898975,3000.5529412031174,3000.635294139385,3000.705882370472,3000.7921568751335,3001.0,144.0454574584961,151.80352783203125,156.6622314453125,160.490234375,163.98717498779297,167.33238220214844,170.98785400390625,175.85421752929688,188.17852783203125,346.25048828125,219.20401,0.0,test_data/Useful/Validation/1 inch at 1ft/20241103_113747_067.jpg,281.0,191.0,27.553409009822985
27,0.0,0.0,0.0,0.0,0.0,0.0,0.0,0.0,0.0,0.0,0.0,0.0,0.0,0.0,0.0,0.0,0.0,0.0,0.0,0.0,1.0,1.0,2.0,2.0,3.0,3.0,4.0,4.0,4.709999999999923,5.0,5.0,6.0,6.0,7.0,7.0,8.0,8.0,8.0,9.0,9.0,10.0,10.0,10.0,10.0,10.0,11.0,11.0,11.0,11.0,12.0,12.0,12.0,12.0,13.0,13.0,13.0,13.0,14.0,14.0,14.0,14.0,15.0,15.0,15.0,15.0,16.0,16.0,16.0,16.0,17.0,17.0,17.0,18.0,18.0,18.0,19.0,19.0,19.0,20.0,20.0,21.0,21.0,21.0,22.0,22.0,22.0,23.0,23.0,24.0,24.0,25.0,25.0,26.0,27.0,27.0,28.0,29.0,30.0,32.0,36.0,0.0,1000.6745098233223,1000.8352941274643,2000.8196078538895,3000.23137255013,3000.4274509847164,3000.5490196347237,3000.6313725709915,3000.7019608020782,3000.784313738346,3001.0,142.81626892089844,150.49710083007812,155.48135375976562,159.41172790527344,162.87948608398438,166.27080078125,170.07952575683595,175.15515441894533,188.0465087890625,346.2466735839844,218.93324,0.0,test_data/Useful/Validation/1 inch at 1ft/20241103_113747_068.jpg,267.0,186.0,31.16304136259301
28,0.0,0.0,0.0,0.0,0.0,0.0,0.0,0.0,0.0,0.0,0.0,0.0,0.0,0.0,0.0,0.0,0.0,0.0,0.0,0.0,0.0,1.0,1.0,1.0,2.0,2.0,3.0,3.0,4.0,4.0,5.0,5.0,6.0,6.0,6.0,7.0,7.0,8.0,8.0,8.0,9.0,9.0,10.0,10.0,10.0,10.0,10.0,10.0,11.0,11.0,11.0,11.0,12.0,12.0,12.0,12.0,12.0,12.419999999999845,13.0,13.0,13.0,13.0,14.0,14.0,14.0,14.0,15.0,15.0,15.0,16.0,16.0,16.0,16.0,17.0,17.0,18.0,18.0,18.0,18.210000000000036,19.0,19.0,19.0,20.0,20.0,21.0,21.0,22.0,22.0,23.0,23.0,24.0,25.0,25.0,26.0,27.0,27.0,28.0,29.0,31.0,39.0,0.0,1000.6745098233223,1000.839215695858,2000.8196078538895,3000.23137255013,3000.4235294163227,3000.5490196347237,3000.6313725709915,3000.6980392336845,3000.784313738346,3001.0,142.5376739501953,150.2926788330078,155.2031478881836,159.09754028320313,162.62010192871094,166.02691650390625,169.73770141601562,174.826171875,187.72467041015625,346.2308349609375,218.85086,0.0,test_data/Useful/Validation/1 inch at 1ft/20241103_113747_069.jpg,295.0,189.0,30.319611017369592
29,0.0,0.0,0.0,0.0,0.0,0.0,0.0,0.0,0.0,0.0,0.0,0.0,0.0,0.0,0.0,0.0,0.0,0.0,0.0,0.0,0.0,0.0,1.0,1.0,2.0,2.0,3.0,3.0,3.0,4.0,4.0,5.0,5.0,6.0,6.0,6.0,7.0,7.0,8.0,8.0,8.0,9.0,9.0,10.0,10.0,10.0,10.0,10.0,11.0,11.0,11.0,11.0,12.0,12.0,12.0,13.0,13.0,13.0,13.0,13.0,14.0,14.0,14.0,15.0,15.0,15.0,15.0,16.0,16.0,16.0,17.0,17.0,17.0,17.0,18.0,18.0,18.0,18.0,19.0,19.0,20.0,20.0,20.0,21.0,21.0,21.0,22.0,22.0,23.0,23.0,24.0,24.0,25.0,26.0,26.0,27.0,28.0,29.0,32.00999999999976,38.0,0.0,1000.6705882549286,1000.8352941274643,2000.8078431487083,3000.215686276555,3000.4156862795353,3000.54509806633,3000.627451002598,3000.6980392336845,3000.784313738346,3001.0,142.58406982421874,150.25424194335938,155.18487548828125,159.1324462890625,162.63262939453125,166.02723693847656,169.8077392578125,174.9125518798828,187.79067993164062,346.2315673828125,219.0372,0.0,test_data/Useful/Validation/1 inch at 1ft/20241103_113747_070.jpg,266.0,183.0,29.056269229616397
30,0.0,0.0,0.0,0.0,0.0,0.0,0.0,0.0,0.0,0.0,0.0,0.0,0.0,0.0,0.0,0.0,0.0,0.0,0.0,0.0,0.0,0.0,0.0,1.0,1.0,2.0,2.0,3.0,3.0,4.0,4.0,4.0,5.0,5.0,6.0,6.0,7.0,7.0,7.0,8.0,8.0,9.0,9.0,9.0,10.0,10.0,10.0,10.0,10.509999999999991,11.0,11.0,11.0,11.0,12.0,12.0,12.0,12.0,12.0,13.0,13.0,13.0,13.0,14.0,14.0,14.0,14.0,15.0,15.0,15.0,16.0,16.0,16.0,16.269999999999982,17.0,17.0,17.0,18.0,18.0,18.0,19.0,19.0,20.0,20.0,20.159999999999854,21.0,21.0,22.0,22.0,23.0,23.0,24.0,24.0,25.0,25.0,26.0,27.0,28.0,29.0,31.0,37.0,0.0,1000.6745098233223,1000.8274509906769,2000.7960784435272,3000.2000000029802,3000.407843142748,3000.5411764979362,3000.627451002598,3000.6980392336845,3000.7803921699524,3001.0,141.5610092163086,149.33544921875,154.31744384765625,158.2705841064453,161.76834106445312,165.2554931640625,169.0799102783203,174.31105041503906,187.4509231567383,346.2388610839844,218.64102,0.0,test_data/Useful/Validation/1 inch at 1ft/20241103_113747_071.jpg,278.0,193.0,27.900861434006707
31,0.0,0.0,0.0,0.0,0.0,0.0,0.0,0.0,0.0,0.0,0.0,0.0,0.0,0.0,0.0,0.0,0.0,0.0,0.0,0.0,0.0,0.0,1.0,1.0,1.0,2.0,2.0,3.0,3.0,4.0,4.0,5.0,5.0,6.0,6.0,7.0,7.0,8.0,8.0,8.0,9.0,9.0,10.0,10.0,10.0,10.0,10.0,11.0,11.0,11.0,11.0,11.0,12.0,12.0,12.0,12.0,13.0,13.0,13.0,13.0,13.0,14.0,14.0,14.0,14.350000000000136,15.0,15.0,15.0,16.0,16.0,16.0,17.0,17.0,17.0,18.0,18.0,18.0,19.0,19.0,19.0,20.0,20.0,20.0,21.0,21.0,21.0,22.0,22.0,23.0,23.0,24.0,24.0,25.0,25.0,26.0,27.0,28.0,30.0,31.0,38.0,0.0,1000.6627451181412,1000.8078431487083,2000.7294117808342,3000.1686274558306,3000.3843137323856,3000.529411792755,3000.6196078658104,3000.694117665291,3000.7803921699524,3001.0,140.82791137695312,148.5332763671875,153.57404022216798,157.51461791992188,161.10577392578125,164.67999267578125,168.6344741821289,174.18448486328126,187.67230834960938,346.248291015625,218.61618,0.0,test_data/Useful/Validation/1 inch at 1ft/20241103_113747_072.jpg,286.0,211.0,30.158964838834404
32,0.0,0.0,0.0,0.0,0.0,0.0,0.0,0.0,0.0,0.0,0.0,0.0,0.0,0.0,0.0,0.0,0.0,0.0,0.0,0.0,0.0,0.0,0.0,0.0,1.0,1.0,1.0,2.0,2.0,3.0,3.0,4.0,4.0,4.0,5.0,5.0,6.0,6.0,7.0,7.0,8.0,8.0,8.0,9.0,9.0,10.0,10.0,10.0,10.0,10.0,11.0,11.0,11.0,11.0,12.0,12.0,12.0,12.0,13.0,13.0,13.0,13.0,14.0,14.0,14.0,14.0,15.0,15.0,15.0,16.0,16.0,16.0,16.0,17.0,17.0,17.0,18.0,18.0,18.0,19.0,19.0,19.0,20.0,20.0,20.0,21.0,21.0,22.0,22.0,22.0,23.0,23.0,24.0,25.0,25.0,26.0,27.0,29.0,30.0,38.0,0.0,1000.65098041296,1000.7960784435272,2000.6862745285034,3000.1450980454683,3000.376470595598,3000.529411792755,3000.6196078658104,3000.690196096897,3000.7764706015587,3001.0,140.32176208496094,148.07736206054688,153.08465576171875,157.143310546875,160.76461791992188,164.41622924804688,168.4799041748047,173.98745727539062,187.23690795898438,346.2646789550781,218.69037,0.0,test_data/Useful/Validation/1 inch at 1ft/20241103_113747_073.jpg,277.0,182.0,32.80232353041779
33,0.0,0.0,0.0,0.0,0.0,0.0,0.0,0.0,0.0,0.0,0.0,0.0,0.0,0.0,0.0,0.0,0.0,0.0,0.0,0.0,0.0,0.0,0.0,0.0,1.0,1.0,1.0,2.0,2.0,3.0,3.0,3.0,4.0,4.0,5.0,5.0,6.0,6.0,7.0,7.0,8.0,8.0,9.0,9.0,10.0,10.0,10.0,10.0,10.0,10.0,11.0,11.0,11.0,11.0,12.0,12.0,12.0,12.0,13.0,13.0,13.0,13.0,14.0,14.0,14.0,14.0,14.0,15.0,15.0,15.0,16.0,16.0,16.0,16.0,17.0,17.0,17.0,18.0,18.0,18.0,18.0,19.0,19.0,20.0,20.0,20.0,21.0,21.0,22.0,22.0,23.0,23.0,24.0,24.0,25.0,26.0,27.0,28.0,30.0,39.0,0.0,1000.65098041296,1000.7882353067398,2000.6549019813538,3000.133333340287,3000.3725490272045,3000.5215686559677,3000.6156862974167,3000.690196096897,3000.7764706015587,3001.0,138.32827758789062,146.24220275878906,151.44351196289062,155.61598205566406,159.45641326904297,163.28475952148438,167.71263427734374,173.867138671875,187.45956420898438,346.25994873046875,218.73528,0.0,test_data/Useful/Validation/1 inch at 1ft/20241103_113747_074.jpg,275.0,185.0,34.37961640422611
34,0.0,0.0,0.0,0.0,0.0,0.0,0.0,0.0,0.0,0.0,0.0,0.0,0.0,0.0,0.0,0.0,0.0,0.0,0.0,0.0,0.0,0.0,0.0,0.0,1.0,1.0,1.0,2.0,3.0,3.0,4.0,4.0,4.0,5.0,5.0,6.0,6.0,6.0,7.0,7.0,8.0,8.0,8.0,9.0,9.0,9.0,10.0,10.0,10.0,10.0,10.0,11.0,11.0,11.0,11.0,11.0,12.0,12.0,12.0,12.0,13.0,13.0,13.0,13.0,14.0,14.0,14.0,14.0,15.0,15.0,15.0,15.0,16.0,16.0,16.0,17.0,17.0,17.0,18.0,18.0,18.0,18.0,19.0,19.0,20.0,20.0,21.0,21.0,21.0,22.0,22.0,23.0,23.0,24.0,25.0,26.0,28.0,29.0,31.009999999999764,38.0,0.0,1000.6470588445663,1000.7843137383461,2000.6274510025978,3000.1215686276555,3000.364705890417,3000.5215686559677,3000.611764729023,3000.6862745285034,3000.772549033165,3001.0,137.7345397949219,145.59646606445312,150.83055114746094,155.02256774902344,158.8852767944336,162.7648712158203,167.3306457519531,173.55624389648438,187.35594940185547,346.2578125,218.64821,0.0,test_data/Useful/Validation/1 inch at 1ft/20241103_113747_075.jpg,289.0,178.0,25.26336865023609
35,0.0,0.0,0.0,0.0,0.0,0.0,0.0,0.0,0.0,0.0,0.0,0.0,0.0,0.0,0.0,0.0,0.0,0.0,0.0,0.0,0.0,1.0,1.0,1.0,2.0,2.0,2.0,3.0,3.0,4.0,4.0,5.0,5.0,6.0,6.0,6.0,7.0,7.0,8.0,8.0,9.0,9.0,9.0,10.0,10.0,10.0,10.0,10.0,11.0,11.0,11.0,11.0,11.0,12.0,12.0,12.0,12.0,13.0,13.0,13.0,13.0,13.0,13.370000000000118,14.0,14.0,14.0,15.0,15.0,15.0,15.0,16.0,16.0,16.0,16.0,17.0,17.0,17.0,18.0,18.0,18.0,19.0,19.0,19.0,20.0,20.0,21.0,21.0,21.0,22.0,22.0,23.0,23.0,24.0,24.0,25.0,26.0,27.0,28.0,30.009999999999764,40.0,0.0,1000.6431372761726,1000.7803921699524,2000.6039215922356,3000.1058823540807,3000.352941185236,3000.5098039507866,3000.6078431606293,3000.6823529601097,3000.7686274647713,3001.0,137.97837829589844,145.78997802734375,150.9768829345703,155.18133544921875,159.00038146972656,162.88296508789062,167.3466339111328,173.43634948730468,187.0803680419922,346.24462890625,218.48398,0.0,test_data/Useful/Validation/1 inch at 1ft/20241103_113747_076.jpg,296.0,189.0,32.85679930068764
36,0.0,0.0,0.0,0.0,0.0,0.0,0.0,0.0,0.0,0.0,0.0,0.0,0.0,0.0,0.0,0.0,0.0,0.0,0.0,0.0,0.0,0.0,0.0,0.0,0.0,0.0,1.0,1.0,2.0,3.0,3.0,3.0,4.0,4.0,5.0,5.0,5.0,6.0,6.0,7.0,7.0,8.0,8.0,8.0,9.0,9.0,9.0,10.0,10.0,10.0,10.0,11.0,11.0,11.0,11.0,11.0,12.0,12.0,12.0,12.0,12.0,13.0,13.0,13.0,13.0,14.0,14.0,14.0,14.0,15.0,15.0,15.0,15.0,16.0,16.0,16.0,16.0,17.0,17.0,18.0,18.0,18.0,18.0,19.0,19.0,20.0,20.0,21.0,21.0,22.0,22.0,23.0,23.0,24.0,25.0,25.0,27.0,28.0,30.0,38.0,0.0,1000.6431372761726,1000.7686274647713,2000.4980392158031,3000.0823529437184,3000.3333333432674,3000.501960813999,3000.6039215922356,3000.678431391716,3000.7647058963776,3001.0,135.28992309570313,143.32537841796875,148.6552001953125,153.08027038574218,157.22368621826172,161.50518493652342,166.34425201416016,172.92053527832033,187.17156982421875,346.2445373535156,218.7038,0.0,test_data/Useful/Validation/1 inch at 1ft/20241103_113747_077.jpg,280.0,174.0,28.192621674903798
37,0.0,0.0,0.0,0.0,0.0,0.0,0.0,0.0,0.0,0.0,0.0,0.0,0.0,0.0,0.0,0.0,0.0,0.0,0.0,0.0,0.0,0.0,0.0,0.0,0.75,1.0,1.0,2.0,2.0,3.0,3.0,4.0,4.0,5.0,5.0,5.0,6.0,6.0,7.0,7.0,8.0,8.0,8.0,9.0,9.0,9.539999999999964,10.0,10.0,10.0,10.0,10.0,11.0,11.0,11.0,11.0,11.0,12.0,12.0,12.0,12.0,12.0,13.0,13.0,13.0,13.0,14.0,14.0,14.0,14.0,15.0,15.0,15.0,15.0,16.0,16.0,16.0,16.0,17.0,17.0,18.0,18.0,18.0,19.0,19.0,20.0,20.0,21.0,21.0,21.110000000000127,22.0,22.0,23.0,24.0,24.0,25.0,26.0,27.0,28.0,30.0,37.0,0.0,1000.6274510025978,1000.7490196228027,2000.2666666805744,3000.06274510175,3000.3215686380863,3000.498039215803,3000.6039215922356,3000.6823529601097,3000.7686274647713,3001.0,139.83154296875,147.5421936035156,152.505908203125,156.40692749023438,160.05966186523438,163.70713806152344,167.78762817382812,173.4591064453125,187.00119018554688,346.2450866699219,218.70093,0.0,test_data/Useful/Validation/1 inch at 1ft/20241103_113747_078.jpg,287.0,188.0,31.384334770016807
38,0.0,0.0,0.0,0.0,0.0,0.0,0.0,0.0,0.0,0.0,0.0,0.0,0.0,0.0,0.0,0.0,0.0,0.0,0.0,0.0,0.0,0.0,0.0,0.0,0.0,0.0,0.0,1.0,1.0,2.0,2.0,2.0,3.0,3.0,4.0,5.0,5.0,5.0,6.0,6.0,7.0,7.0,7.0,8.0,8.0,9.0,9.0,9.0,10.0,10.0,10.0,10.0,10.0,11.0,11.0,11.0,11.0,11.0,12.0,12.0,12.0,12.0,12.0,13.0,13.0,13.0,13.0,14.0,14.0,14.0,15.0,15.0,15.0,15.0,16.0,16.0,16.0,17.0,17.0,17.0,17.0,18.0,18.0,19.0,19.0,20.0,20.0,21.0,21.0,22.0,22.0,23.0,23.0,24.0,25.0,25.039999999999964,27.0,28.0,30.0,36.0,0.0,1000.6235294342041,1000.7411764860153,1000.8823529481888,2000.8901960849762,3000.301960796118,3000.4901960790157,3000.600000023842,3000.678431391716,3000.7647058963776,3001.0,137.43893432617188,145.27462463378907,150.4843307495117,154.64322814941406,158.44020080566406,162.3028106689453,166.711865234375,172.9162353515625,186.92832946777344,346.25103759765625,218.41856,0.0,test_data/Useful/Validation/1 inch at 1ft/20241103_113747_079.jpg,293.0,184.0,29.988122559555386
39,0.0,0.0,0.0,0.0,0.0,0.0,0.0,0.0,0.0,0.0,0.0,0.0,0.0,0.0,0.0,0.0,0.0,0.0,0.0,0.0,0.0,0.0,0.0,0.0,0.0,1.0,1.0,2.0,2.0,3.0,3.0,3.0,4.0,4.0,5.0,5.0,6.0,6.0,6.0,7.0,7.0,8.0,8.0,8.0,9.0,9.0,10.0,10.0,10.0,10.0,10.0,10.0,11.0,11.0,11.0,11.0,11.0,12.0,12.0,12.0,12.0,13.0,13.0,13.0,13.0,14.0,14.0,14.0,15.0,15.0,15.0,15.0,16.0,16.0,16.0,16.0,17.0,17.0,18.0,18.0,18.0,19.0,19.0,20.0,20.0,20.0,21.0,21.0,22.0,23.0,23.0,24.0,24.0,25.0,25.0,26.0,27.0,29.0,31.0,38.0,0.0,1000.6235294342041,1000.7411764860153,1000.8862745165825,2000.8745098114014,3000.2941176593304,3000.4901960790157,3000.596078455448,3000.678431391716,3000.7647058963776,3001.0,138.41656951904298,146.24148254394532,151.31965026855468,155.42750549316406,159.22026824951172,163.04510803222655,167.37111358642576,173.30975036621095,186.8828125,346.26226806640625,218.33331,0.0,test_data/Useful/Validation/1 inch at 1ft/20241103_113747_080.jpg,287.0,192.0,32.332044078182484
40,0.0,0.0,0.0,0.0,0.0,0.0,0.0,0.0,0.0,0.0,0.0,0.0,0.0,0.0,0.0,0.0,1.0,1.0,1.0,2.0,2.7899999999999636,3.0,3.0,4.0,4.0,5.0,5.0,6.0,6.0,7.0,7.0,8.0,8.0,8.0,9.0,9.0,9.0,10.0,10.0,10.0,10.0,11.0,11.0,11.0,11.0,11.0,12.0,12.0,12.0,12.0,13.0,13.0,13.0,13.0,14.0,14.0,14.0,14.0,15.0,15.0,15.0,15.0,16.0,16.0,16.0,17.0,17.0,17.0,18.0,18.0,18.0,18.0,19.0,19.0,19.0,20.0,20.0,20.0,21.0,21.0,21.0,22.0,22.0,23.0,23.0,23.0,24.0,24.0,25.0,25.0,25.0,26.0,27.0,27.0,28.0,29.0,30.0,31.0,33.0,40.0,0.0,1000.5294117927551,1000.6705882549286,1000.8156862854958,2000.678431391716,3000.117647059262,3000.4000000059605,3000.568627476692,3000.678431391716,3000.78823530674,3001.0,145.3883041381836,153.1229248046875,158.01181030273438,161.8834228515625,165.26873779296875,168.58624267578125,172.15817108154297,176.81456298828127,188.25088500976562,346.2320556640625,219.62527,0.0,test_data/Useful/Validation/1 inch at 1ft/20241103_113826_021.jpg,289.0,181.0,28.52066158213562
41,0.0,0.0,0.0,0.0,0.0,0.0,0.0,0.0,0.0,0.0,0.0,0.0,0.0,0.0,0.0,0.0,0.0,1.0,1.0,2.0,2.0,3.0,3.0,3.0,4.0,4.0,5.0,5.0,6.0,6.0,6.0,7.0,7.0,8.0,8.0,8.0,9.0,9.0,10.0,10.0,10.0,10.0,10.0,11.0,11.0,11.0,11.0,12.0,12.0,12.0,13.0,13.0,13.0,13.0,13.0,14.0,14.0,14.0,14.0,15.0,15.0,15.0,15.0,16.0,16.0,16.0,16.0,17.0,17.0,17.0,18.0,18.0,18.0,18.0,19.0,19.0,20.0,20.0,20.0,21.0,21.0,21.0,22.0,22.0,22.15000000000009,23.0,23.0,24.0,24.0,25.0,25.0,26.0,26.0,27.0,28.0,28.0,29.0,31.0,33.0,41.0,0.0,1000.5411764979362,1000.6823529601097,1000.8274509906769,2000.7529411911964,3000.160784319043,3000.435294121504,3000.5882353186607,3000.6862745285034,3000.7921568751335,3001.0,144.70809631347657,152.40243530273438,157.31829833984375,161.17550659179688,164.60548400878906,167.89761352539062,171.4232635498047,176.1337432861328,187.70016479492188,346.238037109375,219.61671,0.0,test_data/Useful/Validation/1 inch at 1ft/20241103_113826_022.jpg,298.0,202.0,31.825592593871583
42,0.0,0.0,0.0,0.0,0.0,0.0,0.0,0.0,0.0,0.0,0.0,0.0,0.0,0.0,0.0,0.0,0.8300000000000409,1.0,2.0,2.0,2.0,3.0,3.0,4.0,4.0,4.0,5.0,5.0,6.0,6.0,7.0,7.0,8.0,8.0,8.0,9.0,9.0,9.0,10.0,10.0,10.0,10.0,10.0,11.0,11.0,11.0,12.0,12.0,12.0,12.0,13.0,13.0,13.0,13.0,14.0,14.0,14.0,14.0,15.0,15.0,15.0,15.0,16.0,16.0,16.0,16.0,17.0,17.0,17.0,18.0,18.0,18.0,18.0,19.0,19.0,19.0,20.0,20.0,20.0,21.0,21.0,21.0,22.0,22.0,22.0,23.0,23.0,24.0,24.0,25.0,25.0,26.0,26.0,27.0,28.0,29.0,29.029999999999745,31.0,33.0,40.0,0.0,1000.54509806633,1000.6901960968971,1000.8431372642517,2000.7882353067398,3000.1803921610117,3000.447058826685,3000.5921568870544,3000.690196096897,3000.796078443527,3001.0,145.4525115966797,153.00936889648438,157.91220092773438,161.73709106445312,165.14413452148438,168.45274353027344,172.01393280029296,176.63363647460938,188.08148193359375,346.24072265625,219.59944,0.0,test_data/Useful/Validation/1 inch at 1ft/20241103_113826_023.jpg,294.0,194.0,30.942702548749942
43,0.0,0.0,0.0,0.0,0.0,0.0,0.0,0.0,0.0,0.0,0.0,0.0,0.0,0.0,0.0,0.0,0.0,0.0,1.0,1.0,1.0,2.0,2.0,3.0,3.0,4.0,4.0,5.0,5.0,6.0,6.0,7.0,7.0,8.0,8.0,9.0,9.0,9.0,10.0,10.0,10.0,10.0,11.0,11.0,11.0,11.0,12.0,12.0,12.0,12.0,12.0,13.0,13.0,13.0,13.0,14.0,14.0,14.0,14.0,15.0,15.0,15.0,15.0,16.0,16.0,16.0,16.0,17.0,17.0,17.0,17.0,18.0,18.0,18.0,19.0,19.0,19.0,19.0,20.0,20.0,20.0,21.0,21.0,21.159999999999854,22.0,22.0,23.0,23.0,24.0,24.0,25.0,25.0,26.0,26.0,27.0,28.0,29.0,30.0,32.0,36.0,0.0,1000.54509806633,1000.6941176652908,1000.8509804010391,2000.8078431487083,3000.192156866193,3000.4509803950787,3000.5921568870544,3000.694117665291,3000.800000011921,3001.0,145.41590270996093,153.18917236328124,158.1031494140625,161.97964477539062,165.38697814941406,168.66273193359376,172.2560272216797,176.9232177734375,188.03378295898438,346.2386779785156,219.31699,0.0,test_data/Useful/Validation/1 inch at 1ft/20241103_113826_024.jpg,298.0,189.0,27.86608870614468
44,0.0,0.0,0.0,0.0,0.0,0.0,0.0,0.0,0.0,0.0,0.0,0.0,0.0,0.0,0.0,0.0,0.0,1.0,1.0,2.0,2.0,2.7799999999999727,3.0,3.0,4.0,4.0,5.0,5.0,6.0,6.0,6.0,7.0,7.0,8.0,8.0,8.0,9.0,9.0,9.0,10.0,10.0,10.0,10.0,11.0,11.0,11.0,11.0,12.0,12.0,12.0,12.0,13.0,13.0,13.0,13.0,14.0,14.0,14.0,15.0,15.0,15.0,15.0,16.0,16.0,16.0,16.0,17.0,17.0,17.0,17.0,18.0,18.0,18.0,19.0,19.0,19.0,19.0,20.0,20.0,20.0,21.0,21.0,21.0,22.0,22.0,22.139999999999873,23.0,23.0,24.0,24.0,25.0,26.0,26.0,27.0,27.049999999999727,28.0,30.0,31.0,33.0,43.0,0.0,1000.54509806633,1000.6941176652908,1000.8627451062202,2000.8235294222832,3000.203921571374,3000.46274510026,3000.596078455448,3000.694117665291,3000.800000011921,3001.0,145.91355895996094,153.53131103515625,158.41050720214844,162.23451232910156,165.66055297851562,168.935302734375,172.49139099121095,177.01900634765627,188.06173706054688,346.2506103515625,219.17047,0.0,test_data/Useful/Validation/1 inch at 1ft/20241103_113826_025.jpg,291.0,183.0,33.01588813330175
45,0.0,0.0,0.0,0.0,0.0,0.0,0.0,0.0,0.0,0.0,0.0,0.0,0.0,0.0,0.0,0.0,0.0,0.0,0.0,1.0,1.0,1.7799999999999727,2.0,2.0,3.0,4.0,4.0,4.0,5.0,5.0,6.0,6.0,6.0,7.0,7.0,8.0,8.0,8.0,9.0,9.0,10.0,10.0,10.0,10.0,11.0,11.0,11.0,11.0,12.0,12.0,12.0,12.0,13.0,13.0,13.0,13.0,14.0,14.0,14.0,14.0,15.0,15.0,15.0,16.0,16.0,16.0,16.0,17.0,17.0,17.0,17.289999999999964,18.0,18.0,18.0,19.0,19.0,19.0,20.0,20.0,20.0,21.0,21.0,21.0,22.0,22.0,23.0,23.0,23.0,24.0,24.0,25.0,25.0,26.0,26.0,27.0,28.0,29.0,30.0,32.0,41.0,0.0,1000.5490196347237,1000.6980392336845,1000.8627451062202,2000.8274509906769,3000.2117647081614,3000.4666666686535,3000.600000023842,3000.694117665291,3000.800000011921,3001.0,145.69847106933594,153.34046936035156,158.2008514404297,162.03414916992188,165.49578857421875,168.79238891601562,172.29241943359375,176.86509704589844,188.0078125,346.2478942871094,219.13782,0.0,test_data/Useful/Validation/1 inch at 1ft/20241103_113826_026.jpg,294.0,191.0,30.63377690485778
46,0.0,0.0,0.0,0.0,0.0,0.0,0.0,0.0,0.0,0.0,0.0,0.0,0.0,0.0,0.0,0.0,0.0,1.0,1.0,2.0,2.0,3.0,3.0,3.0,4.0,4.0,5.0,5.0,6.0,6.0,6.0,7.0,7.0,8.0,8.0,8.0,9.0,9.0,9.0,10.0,10.0,10.0,10.0,11.0,11.0,11.0,11.0,12.0,12.0,12.0,12.0,13.0,13.0,13.0,13.0,14.0,14.0,14.0,14.0,15.0,15.0,15.0,15.0,16.0,16.0,16.0,17.0,17.0,17.0,17.0,18.0,18.0,18.0,19.0,19.0,19.0,20.0,20.0,20.0,21.0,21.0,21.0,22.0,22.0,23.0,23.0,23.0,24.0,24.0,24.0,25.0,25.0,26.0,27.0,28.0,29.0,29.029999999999745,31.0,32.0,38.0,0.0,1000.54509806633,1000.6980392336845,1000.866666674614,2000.8352941274643,3000.2196078449488,3000.470588237047,3000.6039215922356,3000.6980392336845,3000.800000011921,3001.0,145.74850463867188,153.40830993652344,158.2414093017578,162.08729553222656,165.4861602783203,168.79947204589843,172.29132232666015,176.90628967285159,188.0279510498047,346.25433349609375,219.17815,0.0,test_data/Useful/Validation/1 inch at 1ft/20241103_113826_027.jpg,303.0,199.0,27.380553486477332
47,0.0,0.0,0.0,0.0,0.0,0.0,0.0,0.0,0.0,0.0,0.0,0.0,0.0,0.0,0.0,0.0,0.0,0.0,0.0,1.0,1.0,1.0,2.0,2.0,3.0,3.0,3.0,4.0,5.0,5.0,5.0,6.0,6.0,7.0,7.0,8.0,8.0,9.0,9.0,9.0,10.0,10.0,10.0,10.0,11.0,11.0,11.0,11.0,11.0,12.0,12.0,12.0,13.0,13.0,13.0,13.0,13.429999999999836,14.0,14.0,14.0,14.0,15.0,15.0,15.0,16.0,16.0,16.0,17.0,17.0,17.0,17.289999999999964,18.0,18.0,18.0,18.25,19.0,19.0,19.0,20.0,20.0,21.0,21.0,21.0,22.0,22.0,22.0,23.0,23.0,24.0,24.0,25.0,25.0,26.0,27.0,27.0,28.0,29.0,31.0,33.0,40.0,0.0,1000.54509806633,1000.6980392336845,1000.8627451062202,2000.8352941274643,3000.2235294133425,3000.4784313738346,3000.6039215922356,3000.6980392336845,3000.8039215803146,3001.0,145.44125366210938,153.1243438720703,157.99375915527344,161.83010864257812,165.23080444335938,168.55210876464844,172.06830596923828,176.75106811523438,187.97430419921875,346.2540283203125,219.20926,0.0,test_data/Useful/Validation/1 inch at 1ft/20241103_113826_028.jpg,291.0,197.0,32.95247120737165
48,0.0,0.0,0.0,0.0,0.0,0.0,0.0,0.0,0.0,0.0,0.0,0.0,0.0,0.0,0.0,0.0,0.0,0.0,0.0,0.0,1.0,1.0,1.0,2.0,3.0,3.0,4.0,4.0,4.0,5.0,5.0,6.0,6.0,7.0,7.0,7.0,8.0,8.0,9.0,9.0,9.0,10.0,10.0,10.0,10.0,11.0,11.0,11.0,11.0,12.0,12.0,12.0,12.0,13.0,13.0,13.0,13.0,14.0,14.0,14.0,14.0,15.0,15.0,15.0,15.0,16.0,16.0,16.0,17.0,17.0,17.0,17.0,18.0,18.0,18.0,19.0,19.0,19.0,20.0,20.0,20.0,21.0,21.0,21.0,22.0,22.0,23.0,23.0,23.0,24.0,24.0,25.0,25.0,26.0,27.0,27.039999999999964,29.0,30.0,32.0,40.0,0.0,1000.5490196347237,1000.7019608020782,1000.8705882430077,2000.8352941274643,3000.215686276555,3000.470588237047,3000.6039215922356,3000.6980392336845,3000.8039215803146,3001.0,145.3769790649414,152.9636962890625,157.82341461181642,161.6820526123047,165.1388702392578,168.46414184570312,171.98086547851562,176.60321044921875,187.8560028076172,346.2509765625,218.93364,0.0,test_data/Useful/Validation/1 inch at 1ft/20241103_113826_029.jpg,299.0,195.0,29.789390483483427
49,0.0,0.0,0.0,0.0,0.0,0.0,0.0,0.0,0.0,0.0,0.0,0.0,0.0,0.0,0.0,0.0,0.0,0.0,0.0,1.0,1.0,1.0,2.0,2.0,3.0,3.0,3.0,4.0,4.0,5.0,5.0,5.0,6.0,6.0,7.0,7.0,8.0,8.0,9.0,9.0,9.0,10.0,10.0,10.0,10.0,11.0,11.0,11.0,11.0,11.0,12.0,12.0,12.0,13.0,13.0,13.0,13.0,14.0,14.0,14.0,15.0,15.0,15.0,15.0,15.0,16.0,16.0,16.0,17.0,17.0,17.0,18.0,18.0,18.0,18.0,19.0,19.0,19.0,20.0,20.0,20.0,21.0,21.0,21.0,22.0,22.0,22.0,23.0,23.0,24.0,24.0,25.0,26.0,26.0,27.0,28.0,29.0,30.0,31.0,40.0,0.0,1000.5529412031174,1000.7019608020782,1000.8705882430077,2000.8352941274643,3000.2117647081614,3000.470588237047,3000.6039215922356,3000.694117665291,3000.796078443527,3001.0,144.68545379638672,152.40398254394532,157.4250717163086,161.24109802246093,164.67713165283203,167.98353576660156,171.5411376953125,176.25534057617188,187.74383544921875,346.26971435546875,219.35596,0.0,test_data/Useful/Validation/1 inch at 1ft/20241103_113826_030.jpg,305.0,195.0,35.33616604781731
50,0.0,0.0,0.0,0.0,0.0,0.0,0.0,0.0,0.0,0.0,0.0,0.0,0.0,0.0,0.0,0.0,0.0,0.0,0.0,0.0,1.0,1.0,1.0,2.0,2.0,3.0,3.0,4.0,4.0,5.0,5.0,5.680000000000064,6.0,6.0,7.0,7.0,8.0,8.0,9.0,9.0,9.0,10.0,10.0,10.0,10.0,11.0,11.0,11.0,11.0,12.0,12.0,12.0,12.0,13.0,13.0,13.0,13.0,14.0,14.0,14.0,14.0,15.0,15.0,15.0,15.0,16.0,16.0,16.0,16.0,17.0,17.0,17.0,18.0,18.0,18.0,18.0,19.0,19.0,19.0,20.0,20.0,20.0,21.0,21.0,21.0,22.0,22.0,22.0,23.0,24.0,24.0,25.0,25.0,26.0,27.0,28.0,29.0,30.0,32.0,40.0,0.0,1000.5490196347237,1000.7019608020782,1000.8745098114014,2000.839215695858,3000.215686276555,3000.470588237047,3000.6039215922356,3000.694117665291,3000.796078443527,3001.0,144.50292053222657,152.20598754882812,157.07029724121094,160.97854614257812,164.43939208984375,167.71017456054688,171.26486206054688,176.0855712890625,187.95114135742188,346.24688720703125,219.48456,0.0,test_data/Useful/Validation/1 inch at 1ft/20241103_113826_031.jpg,306.0,199.0,29.872031723890252
51,0.0,0.0,0.0,0.0,0.0,0.0,0.0,0.0,0.0,0.0,0.0,0.0,0.0,0.0,0.0,0.0,0.0,0.0,0.0,0.0,1.0,1.0,2.0,2.0,3.0,3.0,4.0,4.0,5.0,5.0,6.0,6.0,7.0,7.0,7.0,8.0,8.0,9.0,9.0,9.0,10.0,10.0,10.0,10.0,10.0,11.0,11.0,11.0,11.0,11.0,12.0,12.0,12.0,12.0,13.0,13.0,13.0,14.0,14.0,14.0,14.0,15.0,15.0,15.0,16.0,16.0,16.0,16.0,17.0,17.0,17.0,17.0,18.0,18.0,18.0,19.0,19.0,19.0,20.0,20.0,20.0,21.0,21.0,21.0,22.0,22.0,23.0,23.0,24.0,24.0,24.0,25.0,26.0,26.0,27.0,27.039999999999964,29.0,29.0,31.0,41.0,0.0,1000.54509806633,1000.7019608020782,1000.8705882430077,2000.8313725590706,3000.203921571374,3000.4666666686535,3000.600000023842,3000.694117665291,3000.796078443527,3001.0,144.468359375,152.24758605957032,157.25038146972656,161.10574340820312,164.50311279296875,167.80003662109374,171.3216995239258,176.03006896972656,187.74400329589844,346.2500305175781,218.9222,0.0,test_data/Useful/Validation/1 inch at 1ft/20241103_113826_032.jpg,305.0,210.0,30.13944046438452
52,0.0,0.0,0.0,0.0,0.0,0.0,0.0,0.0,0.0,0.0,0.0,0.0,0.0,0.0,0.0,0.0,0.0,0.0,0.0,0.0,1.0,1.0,2.0,2.0,3.0,3.0,4.0,4.0,4.0,5.0,6.0,6.0,6.0,7.0,7.0,8.0,8.0,8.0,9.0,9.0,10.0,10.0,10.0,10.0,10.0,11.0,11.0,11.0,11.0,12.0,12.0,12.0,12.470000000000027,13.0,13.0,13.0,14.0,14.0,14.0,14.0,15.0,15.0,15.0,15.0,16.0,16.0,16.0,17.0,17.0,17.0,17.0,18.0,18.0,18.0,19.0,19.0,19.0,20.0,20.0,20.0,21.0,21.0,21.0,22.0,22.0,22.0,23.0,23.0,24.0,24.0,25.0,25.0,26.0,26.0,27.0,28.0,29.0,30.0,32.0,40.0,0.0,1000.54509806633,1000.7019608020782,1000.8705882430077,2000.8313725590706,3000.2078431397676,3000.470588237047,3000.6039215922356,3000.694117665291,3000.800000011921,3001.0,144.62508392333984,152.2598876953125,157.12020416259764,161.01776123046875,164.47256469726562,167.78648376464844,171.36480712890625,176.05913696289062,187.5865936279297,346.2632751464844,219.03247,0.0,test_data/Useful/Validation/1 inch at 1ft/20241103_113826_033.jpg,288.0,195.0,33.00269870589677
53,0.0,0.0,0.0,0.0,0.0,0.0,0.0,0.0,0.0,0.0,0.0,0.0,0.0,0.0,0.0,0.0,0.0,0.0,0.0,0.0,1.0,1.0,1.0,2.0,2.0,3.0,3.0,3.0,4.0,4.0,5.0,5.0,5.670000000000073,6.0,6.0,7.0,7.0,8.0,8.0,9.0,9.0,9.0,10.0,10.0,10.0,10.0,10.0,11.0,11.0,11.0,11.0,12.0,12.0,12.0,12.0,12.0,13.0,13.0,13.0,14.0,14.0,14.0,14.0,15.0,15.0,15.0,15.0,16.0,16.0,16.0,16.0,17.0,17.0,17.0,17.0,18.0,18.0,19.0,19.0,19.0,20.0,20.0,20.0,21.0,21.0,22.0,22.0,23.0,23.0,24.0,24.0,25.0,25.070000000000164,26.0,27.0,27.0,28.0,30.0,32.0,38.0,0.0,1000.5411764979362,1000.6941176652908,1000.8549019694328,2000.8039215803146,3000.1803921610117,3000.458823531866,3000.596078455448,3000.690196096897,3000.796078443527,3001.0,144.47964477539062,152.10548706054686,156.9552490234375,160.85670471191406,164.30641174316406,167.6121856689453,171.19659423828125,175.95816040039062,187.74591064453125,346.2629699707031,219.00433,0.0,test_data/Useful/Validation/1 inch at 1ft/20241103_113826_034.jpg,295.0,188.0,33.96313997016082
54,0.0,0.0,0.0,0.0,0.0,0.0,0.0,0.0,0.0,0.0,0.0,0.0,0.0,0.0,0.0,0.0,0.0,0.0,0.0,0.0,0.0,1.0,1.0,1.0,2.0,3.0,3.0,3.0,4.0,4.0,5.0,5.0,6.0,6.0,6.0,7.0,7.0,8.0,8.0,8.0,9.0,9.0,9.0,10.0,10.0,10.0,10.0,11.0,11.0,11.0,11.0,12.0,12.0,12.0,12.0,12.0,13.0,13.0,13.0,13.0,14.0,14.0,14.0,14.0,15.0,15.0,15.0,16.0,16.0,16.0,16.289999999999964,17.0,17.0,17.0,18.0,18.0,18.0,19.0,19.0,19.0,20.0,20.0,20.0,21.0,21.0,22.0,22.0,22.11999999999989,23.0,23.0,24.0,25.0,25.0,26.0,26.049999999999727,27.0,28.0,29.0,32.0,39.0,0.0,1000.5411764979362,1000.6901960968971,1000.8549019694328,2000.800000011921,3000.176470592618,3000.4549019634724,3000.596078455448,3000.690196096897,3000.796078443527,3001.0,144.8829803466797,152.52793884277344,157.46278381347656,161.30906677246094,164.72311401367188,168.03184509277344,171.6215362548828,176.41900024414065,187.9083251953125,346.2724304199219,219.14816,0.0,test_data/Useful/Validation/1 inch at 1ft/20241103_113826_035.jpg,295.0,189.0,33.51328888354405
55,0.0,0.0,0.0,0.0,0.0,0.0,0.0,0.0,0.0,0.0,0.0,0.0,0.0,0.0,0.0,0.0,0.0,0.0,0.0,0.0,1.0,1.0,2.0,2.0,3.0,3.0,3.730000000000018,4.0,4.0,5.0,5.0,5.0,6.0,7.0,7.0,7.0,8.0,8.0,9.0,9.0,9.0,10.0,10.0,10.0,10.0,11.0,11.0,11.0,11.0,12.0,12.0,12.0,12.0,13.0,13.0,13.0,13.0,14.0,14.0,14.0,14.0,15.0,15.0,15.0,15.0,16.0,16.0,16.0,16.0,17.0,17.0,18.0,18.0,18.0,18.0,19.0,19.0,19.0,20.0,20.0,20.0,21.0,21.0,21.0,22.0,22.0,23.0,23.0,23.0,24.0,24.0,25.0,25.0,26.0,27.0,28.0,29.0,30.0,31.0,38.0,0.0,1000.5372549295425,1000.6862745285034,1000.8470588326454,2000.7686274647713,3000.137254908681,3000.4235294163227,3000.584313750267,3000.6862745285034,3000.796078443527,3001.0,145.06028747558594,152.6734161376953,157.6224365234375,161.53423767089845,164.98734283447266,168.26701965332032,171.7900848388672,176.45916748046875,187.80072021484375,346.2726135253906,219.11801,0.0,test_data/Useful/Validation/1 inch at 1ft/20241103_113826_036.jpg,308.0,207.0,27.64441548987702
56,0.0,0.0,0.0,0.0,0.0,0.0,0.0,0.0,0.0,0.0,0.0,0.0,0.0,0.0,0.0,0.0,0.0,0.0,0.0,0.0,1.0,1.0,1.0,2.0,2.0,3.0,3.0,4.0,4.0,4.0,5.0,5.0,6.0,6.0,7.0,7.0,8.0,8.0,9.0,9.0,9.0,10.0,10.0,10.0,10.0,11.0,11.0,11.0,11.0,12.0,12.0,12.0,12.0,12.0,13.0,13.0,13.0,13.0,14.0,14.0,14.0,15.0,15.0,15.0,15.0,16.0,16.0,16.0,16.0,17.0,17.0,17.0,18.0,18.0,18.0,19.0,19.0,19.0,20.0,20.0,20.0,21.0,21.0,22.0,22.0,22.0,23.0,23.0,24.0,24.0,25.0,25.0,26.0,27.0,27.0,28.0,29.0,30.0,32.0,41.0,0.0,1000.5333333611488,1000.6745098233223,1000.8313725590706,2000.7372549176216,3000.1294117718935,3000.4235294163227,3000.584313750267,3000.6862745285034,3000.796078443527,3001.0,145.1088897705078,152.71563415527345,157.57383422851564,161.38319396972656,164.8262176513672,168.17542724609376,171.7599334716797,176.5065124511719,187.89275512695315,346.27423095703125,219.0338,0.0,test_data/Useful/Validation/1 inch at 1ft/20241103_113826_037.jpg,282.0,191.0,31.51114745986069
57,0.0,0.0,0.0,0.0,0.0,0.0,0.0,0.0,0.0,0.0,0.0,0.0,0.0,0.0,0.0,0.0,0.0,0.0,0.0,1.0,1.0,2.0,2.0,3.0,3.0,4.0,4.0,5.0,5.0,5.0,6.0,6.0,7.0,7.0,7.0,8.0,8.0,8.0,9.0,9.0,9.0,10.0,10.0,10.0,10.0,11.0,11.0,11.0,11.0,12.0,12.0,12.0,12.0,12.0,13.0,13.0,13.0,13.0,14.0,14.0,14.0,14.0,15.0,15.0,15.0,16.0,16.0,16.0,16.0,17.0,17.0,17.0,17.0,18.0,18.0,18.0,19.0,19.0,19.0,20.0,20.0,20.0,21.0,21.0,22.0,22.0,22.0,23.0,23.0,24.0,24.0,25.0,26.0,26.0,27.0,28.0,28.0,30.0,32.0,39.0,0.0,1000.5333333611488,1000.6745098233223,1000.8235294222832,2000.7137255072594,3000.117647059262,3000.4117647111416,3000.584313750267,3000.6862745285034,3000.7921568751335,3001.0,144.82614135742188,152.35995483398438,157.26052856445312,161.1287078857422,164.4931182861328,167.8378448486328,171.4382781982422,176.18575439453124,187.69354248046875,346.2851257324219,219.16699,0.0,test_data/Useful/Validation/1 inch at 1ft/20241103_113826_038.jpg,287.0,196.0,23.370939214559225
58,0.0,0.0,0.0,0.0,0.0,0.0,0.0,0.0,0.0,0.0,0.0,0.0,0.0,0.0,0.0,0.0,0.0,0.0,0.0,0.0,1.0,1.0,1.0,2.0,2.0,3.0,3.0,3.0,4.0,4.0,5.0,5.0,6.0,6.0,7.0,7.0,7.0,8.0,8.0,9.0,9.0,10.0,10.0,10.0,10.0,11.0,11.0,11.0,11.0,11.0,12.0,12.0,12.0,12.0,13.0,13.0,13.0,13.0,14.0,14.0,14.0,14.0,15.0,15.0,15.0,15.0,16.0,16.0,16.0,17.0,17.0,17.0,18.0,18.0,18.0,18.0,19.0,19.0,19.0,20.0,20.0,21.0,21.0,21.0,22.0,22.0,22.0,23.0,23.0,24.0,24.0,25.0,26.0,26.0,27.0,28.0,29.0,30.0,32.0,38.0,0.0,1000.5372549295425,1000.678431391716,1000.8235294222832,2000.717647075653,3000.1215686276555,3000.4117647111416,3000.5803921818733,3000.6862745285034,3000.796078443527,3001.0,144.11289978027344,151.97573852539062,156.75051879882812,160.6341552734375,164.04825592041016,167.3457000732422,171.00873107910155,175.90015869140626,187.7012481689453,346.28106689453125,219.03937,0.0,test_data/Useful/Validation/1 inch at 1ft/20241103_113826_039.jpg,283.0,190.0,30.66551710571592
59,0.0,0.0,0.0,0.0,0.0,0.0,0.0,0.0,0.0,0.0,0.0,0.0,0.0,0.0,0.0,0.0,0.0,0.0,0.0,0.0,0.0,0.0,1.0,1.0,2.0,2.0,3.0,3.0,4.0,4.0,4.0,5.0,5.0,6.0,6.0,7.0,7.0,8.0,8.0,8.0,9.0,9.0,9.0,10.0,10.0,10.0,11.0,11.0,11.0,11.0,12.0,12.0,12.0,12.0,13.0,13.0,13.0,13.0,14.0,14.0,14.0,14.379999999999882,15.0,15.0,15.0,16.0,16.0,16.0,16.0,17.0,17.0,17.0,18.0,18.0,18.0,19.0,19.0,19.0,20.0,20.0,20.0,21.0,21.0,22.0,22.0,23.0,23.0,24.0,24.0,24.0,25.0,25.0,26.0,27.0,27.049999999999727,28.039999999999964,30.0,31.0,33.0,39.0,0.0,1000.5372549295425,1000.678431391716,1000.8274509906769,2000.7215686440468,3000.1098039224744,3000.4000000059605,3000.5764706134796,3000.6862745285034,3000.796078443527,3001.0,144.39491119384766,152.03333435058593,156.87556915283204,160.79462585449218,164.2597198486328,167.64154052734375,171.24948120117188,175.99185485839845,187.74548645019533,346.2768859863281,218.84293,0.0,test_data/Useful/Validation/1 inch at 1ft/20241103_113826_040.jpg,288.0,183.0,23.386641551940272
60,0.0,0.0,0.0,0.0,0.0,0.0,0.0,0.0,0.0,0.0,0.0,0.0,0.0,0.0,0.0,0.0,0.0,0.0,0.0,0.0,0.0,0.0,0.0,0.0,0.0,0.0,0.0,0.0,1.0,1.0,1.0,2.0,2.0,3.0,3.0,4.0,4.0,4.0,5.0,5.0,5.0,6.0,6.0,7.0,7.0,8.0,8.0,8.0,9.0,9.0,10.0,10.0,10.0,10.0,10.0,11.0,11.0,11.0,11.0,11.399999999999864,12.0,12.0,12.0,13.0,13.0,13.0,13.0,14.0,14.0,14.0,14.0,15.0,15.0,15.0,16.0,16.0,16.0,17.0,17.0,17.0,18.0,18.0,18.0,19.0,19.0,19.139999999999873,20.0,20.0,21.0,22.0,22.0,23.0,24.0,24.0,25.0,25.0,26.0,28.0,29.0,39.0,0.0,1000.65098041296,1000.8000000119209,2000.6588235497475,3000.090196080506,3000.3568627536297,3000.5254902243614,3000.6196078658104,3000.694117665291,3000.78823530674,3001.0,139.64489288330077,147.47706604003906,152.49349975585938,156.52354125976564,160.13511657714844,163.787109375,167.87891387939453,173.67706604003905,186.7755889892578,346.32818603515625,218.34128,0.0,test_data/Useful/Validation/1 inch at 1ft/20241103_113826_081.jpg,269.0,170.0,32.00451487893519
61,0.0,0.0,0.0,0.0,0.0,0.0,0.0,0.0,0.0,0.0,0.0,0.0,0.0,0.0,0.0,0.0,0.0,0.0,0.0,0.0,0.0,0.0,0.0,0.0,0.0,0.0,1.0,1.0,2.0,2.0,3.0,3.0,3.0,4.0,4.0,5.0,5.0,6.0,6.0,7.0,7.0,7.0,8.0,8.0,9.0,9.0,9.0,10.0,10.0,10.0,10.0,10.0,11.0,11.0,11.0,11.440000000000055,12.0,12.0,12.0,12.0,13.0,13.0,13.0,13.0,14.0,14.0,14.0,14.0,14.0,15.0,15.0,15.0,15.0,16.0,16.0,16.0,17.0,17.0,17.0,18.0,18.0,18.0,19.0,19.0,20.0,20.0,20.0,21.0,21.0,22.0,22.0,23.0,23.0,24.0,25.0,26.0,27.0,28.0,30.0,39.0,0.0,1000.6431372761726,1000.7803921699524,2000.3725490272045,2000.9372549057007,3000.32549020648,3000.5098039507866,3000.611764729023,3000.694117665291,3000.78823530674,3001.0,140.37596130371094,148.21035766601562,153.28427124023438,157.28309936523436,160.91559600830078,164.50458068847655,168.53656005859375,174.1160888671875,187.10641479492188,346.33447265625,218.15756,0.0,test_data/Useful/Validation/1 inch at 1ft/20241103_113826_082.jpg,239.0,156.0,28.641957544612133
62,0.0,0.0,0.0,0.0,0.0,0.0,0.0,0.0,0.0,0.0,0.0,0.0,0.0,0.0,0.0,0.0,0.0,0.0,0.0,0.0,0.0,0.0,0.0,0.0,0.0,0.0,0.0,1.0,1.0,2.0,2.0,2.6800000000000637,3.0,4.0,4.0,5.0,5.0,5.0,6.0,6.0,7.0,7.0,7.0,8.0,8.0,9.0,9.0,10.0,10.0,10.0,10.0,10.0,11.0,11.0,11.0,11.0,12.0,12.0,12.0,13.0,13.0,13.0,13.0,14.0,14.0,14.0,14.0,15.0,15.0,15.0,15.0,16.0,16.0,16.0,17.0,17.0,17.0,17.0,18.0,18.0,19.0,19.0,19.0,20.0,20.0,21.0,21.0,21.11999999999989,22.0,22.0,23.0,23.0,24.0,25.0,26.0,26.0,28.0,29.0,31.0,37.0,0.0,1000.6470588445663,1000.7882353067398,2000.5372549295425,2000.9411764740944,3000.32549020648,3000.5098039507866,3000.611764729023,3000.694117665291,3000.7921568751335,3001.0,141.46156311035156,149.157470703125,154.11212158203125,158.09095764160156,161.6128692626953,165.134521484375,168.99819946289062,174.22604370117188,187.03233337402344,346.3338928222656,218.17316,0.0,test_data/Useful/Validation/1 inch at 1ft/20241103_113826_083.jpg,254.0,162.0,25.541212608044756
63,0.0,0.0,0.0,0.0,0.0,0.0,0.0,0.0,0.0,0.0,0.0,0.0,0.0,0.0,0.0,0.0,0.0,0.0,0.0,0.0,0.0,0.0,0.0,0.0,0.0,1.0,1.0,2.0,2.0,3.0,3.0,3.0,4.0,4.0,5.0,5.0,6.0,6.0,7.0,7.0,8.0,8.0,8.0,8.0,9.0,9.0,9.0,10.0,10.0,10.0,10.0,10.0,11.0,11.0,11.0,11.0,12.0,12.0,12.0,12.0,13.0,13.0,13.0,13.0,13.0,14.0,14.0,14.0,15.0,15.0,15.0,16.0,16.0,16.0,16.0,17.0,17.0,17.0,18.0,18.0,18.0,19.0,19.0,20.0,20.0,21.0,21.0,22.0,22.0,23.0,23.0,24.0,24.0,25.0,26.0,27.0,28.0,29.0,31.0,36.0,0.0,1000.6470588445663,1000.7921568751335,2000.5764706134796,2000.9490196108818,3000.32549020648,3000.5098039507866,3000.6156862974167,3000.694117665291,3000.7921568751335,3001.0,142.01681060791014,149.74213562011718,154.68983306884766,158.63502502441406,162.1751251220703,165.64572143554688,169.4936050415039,174.74880981445312,187.5819549560547,346.3350830078125,218.60501,0.0,test_data/Useful/Validation/1 inch at 1ft/20241103_113826_084.jpg,259.0,163.0,32.810340500932575
64,0.0,0.0,0.0,0.0,0.0,0.0,0.0,0.0,0.0,0.0,0.0,0.0,0.0,0.0,0.0,0.0,0.0,0.0,0.0,0.0,0.0,0.0,1.0,1.0,1.0,2.0,2.0,3.0,3.0,4.0,4.0,5.0,5.0,5.660000000000082,6.0,6.0,7.0,7.0,8.0,8.0,8.0,9.0,9.0,9.0,10.0,10.0,10.0,10.0,11.0,11.0,11.0,11.0,11.0,12.0,12.0,12.0,12.0,13.0,13.0,13.0,13.0,14.0,14.0,14.0,14.0,14.0,15.0,15.0,15.0,16.0,16.0,16.0,17.0,17.0,17.0,18.0,18.0,18.0,19.0,19.0,19.0,20.0,20.0,20.0,21.0,21.0,22.0,22.0,23.0,23.0,23.0,24.0,25.0,25.0,26.0,27.0,28.0,29.0,32.0,37.0,0.0,1000.6470588445663,1000.8039215803146,2000.7019608020782,3000.074509806931,3000.3568627536297,3000.529411792755,3000.627451002598,3000.705882370472,3000.8039215803146,3001.0,143.12074279785156,150.68499755859375,155.57650756835938,159.4269775390625,162.86865234375,166.19981384277344,169.9069366455078,174.84378051757812,187.5045166015625,346.353271484375,218.72247,0.0,test_data/Useful/Validation/1 inch at 1ft/20241103_113826_085.jpg,278.0,179.0,30.942050769656607
65,0.0,0.0,0.0,0.0,0.0,0.0,0.0,0.0,0.0,0.0,0.0,0.0,0.0,0.0,0.0,0.0,0.0,0.0,0.0,0.0,0.0,0.0,0.0,0.0,1.0,1.0,2.0,2.0,3.0,3.0,4.0,4.0,5.0,5.0,5.0,6.0,6.0,7.0,7.0,7.0,8.0,8.0,9.0,9.0,9.0,10.0,10.0,10.0,10.0,10.0,11.0,11.0,11.0,11.0,12.0,12.0,12.0,12.0,13.0,13.0,13.0,13.0,14.0,14.0,14.0,15.0,15.0,15.0,15.0,16.0,16.0,16.0,16.269999999999982,17.0,17.0,17.0,18.0,18.0,19.0,19.0,19.0,20.0,20.0,20.0,21.0,21.0,22.0,22.0,22.0,23.0,23.0,24.0,25.0,25.0,26.0,27.0,28.0,29.0,31.0,37.0,0.0,1000.6431372761726,1000.8000000119209,2000.6823529601097,3000.074509806931,3000.3568627536297,3000.533333361149,3000.627451002598,3000.705882370472,3000.8039215803146,3001.0,143.30282592773438,150.89235229492186,155.78756713867188,159.63232421875,163.0415496826172,166.3726623535156,170.01846923828126,174.89332580566406,187.33758544921875,346.35467529296875,218.9967,0.0,test_data/Useful/Validation/1 inch at 1ft/20241103_113826_086.jpg,285.0,182.0,30.656082634601216
66,0.0,0.0,0.0,0.0,0.0,0.0,0.0,0.0,0.0,0.0,0.0,0.0,0.0,0.0,0.0,0.0,0.0,0.0,0.0,0.0,0.0,0.0,0.0,0.0,1.0,1.0,2.0,2.0,3.0,3.0,3.689999999999941,4.0,4.0,5.0,5.0,6.0,6.0,7.0,7.0,7.0,8.0,8.0,8.0,9.0,9.0,10.0,10.0,10.0,10.0,10.0,11.0,11.0,11.0,11.0,12.0,12.0,12.0,12.0,12.0,13.0,13.0,13.0,13.0,14.0,14.0,14.0,15.0,15.0,15.0,15.0,16.0,16.0,16.0,17.0,17.0,17.0,18.0,18.0,18.0,19.0,19.0,20.0,20.0,20.0,21.0,21.0,22.0,22.0,23.0,23.0,24.0,24.0,25.0,25.0,26.0,27.0,28.0,29.0,31.0,35.0,0.0,1000.6470588445663,1000.7960784435272,2000.6549019813538,3000.0274509806186,3000.352941185236,3000.529411792755,3000.6313725709915,3000.7098039388657,3000.800000011921,3001.0,143.06541748046874,150.78521423339845,155.74034118652344,159.58941650390625,162.98954010009766,166.35101013183595,170.08656311035156,175.0625183105469,187.79208374023438,346.35784912109375,218.99507,0.0,test_data/Useful/Validation/1 inch at 1ft/20241103_113826_087.jpg,307.0,183.0,31.974564253926957
67,0.0,0.0,0.0,0.0,0.0,0.0,0.0,0.0,0.0,0.0,0.0,0.0,0.0,0.0,0.0,0.0,0.0,0.0,0.0,1.0,1.0,1.0,2.0,2.0,3.0,3.0,3.0,4.0,4.0,5.0,5.0,6.0,6.0,6.660000000000082,7.0,7.0,8.0,8.0,8.0,9.0,9.0,10.0,10.0,10.0,10.0,10.0,11.0,11.0,11.0,11.0,11.0,12.0,12.0,12.0,13.0,13.0,13.0,13.0,13.0,14.0,14.0,14.0,15.0,15.0,15.0,15.0,16.0,16.0,16.0,16.0,17.0,17.0,17.0,17.0,18.0,18.0,18.0,19.0,19.0,19.0,20.0,20.0,21.0,21.0,21.0,22.0,22.0,23.0,23.0,24.0,24.0,25.0,25.0,26.0,27.0,28.0,29.0,30.0,32.0,38.0,0.0,1000.6392157077789,1000.7882353067398,2000.5921568870544,2000.9137254953384,3000.3215686380863,3000.5137255191803,3000.6196078658104,3000.6980392336845,3000.796078443527,3001.0,142.26437377929688,149.95271911621094,154.93539428710938,158.8392333984375,162.30044555664062,165.73345947265625,169.61444091796875,174.9301300048828,188.12196350097656,346.346435546875,218.93353,0.0,test_data/Useful/Validation/1 inch at 1ft/20241103_113826_088.jpg,310.0,206.0,31.31844630283013
68,0.0,0.0,0.0,0.0,0.0,0.0,0.0,0.0,0.0,0.0,0.0,0.0,0.0,0.0,0.0,0.0,0.0,0.0,0.0,0.0,1.0,1.0,2.0,2.0,3.0,3.0,4.0,4.0,4.0,5.0,5.0,6.0,6.0,6.660000000000082,7.0,7.0,8.0,8.0,9.0,9.0,9.0,10.0,10.0,10.0,10.0,11.0,11.0,11.0,11.0,11.0,12.0,12.0,12.0,12.0,13.0,13.0,13.0,13.0,14.0,14.0,14.0,14.0,15.0,15.0,15.0,15.0,15.0,16.0,16.0,16.0,17.0,17.0,17.0,17.0,18.0,18.0,18.0,19.0,19.0,20.0,20.0,20.0,21.0,21.0,22.0,22.0,22.0,23.0,23.0,24.0,24.0,24.0,25.0,26.0,26.0,27.0,28.0,29.019999999999982,32.0,38.0,0.0,1000.6392157077789,1000.7843137383461,2000.5764706134796,2000.8980392217636,3000.3058823645115,3000.505882382393,3000.611764729023,3000.694117665291,3000.7921568751335,3001.0,142.07986297607422,149.79889221191405,154.7048324584961,158.62782287597656,162.14111328125,165.59720458984376,169.4730697631836,174.80088806152344,188.1837158203125,346.3504638671875,219.59903,0.0,test_data/Useful/Validation/1 inch at 1ft/20241103_113826_089.jpg,304.0,187.0,30.769662459163655
69,0.0,0.0,0.0,0.0,0.0,0.0,0.0,0.0,0.0,0.0,0.0,0.0,0.0,0.0,0.0,0.0,0.0,0.0,0.0,1.0,1.0,1.7799999999999727,2.0,2.0,3.0,3.0,4.0,4.0,5.0,5.0,5.689999999999941,6.0,7.0,7.0,7.0,8.0,8.0,9.0,9.0,9.0,10.0,10.0,10.0,10.0,10.0,11.0,11.0,11.0,11.0,11.0,12.0,12.0,12.0,12.0,13.0,13.0,13.0,13.0,14.0,14.0,14.0,14.0,15.0,15.0,15.0,15.0,16.0,16.0,16.0,16.299999999999955,17.0,17.0,17.0,18.0,18.0,18.0,19.0,19.0,19.0,20.0,20.0,20.0,21.0,21.0,22.0,22.0,23.0,23.0,23.0,24.0,24.0,25.0,26.0,26.0,27.0,28.0,29.0,30.0,32.0,38.0,0.0,1000.6235294342041,1000.7607843279839,1000.9803921580315,2000.866666674614,3000.270588248968,3000.4941176474094,3000.611764729023,3000.694117665291,3000.7921568751335,3001.0,140.73282165527343,148.4623809814453,153.5260025024414,157.60577087402345,161.21965789794922,164.79872436523436,168.76815795898438,174.3289794921875,187.95474243164062,346.354736328125,219.9599,0.0,test_data/Useful/Validation/1 inch at 1ft/20241103_113826_090.jpg,299.0,194.0,30.674628479866513
70,0.0,0.0,0.0,0.0,0.0,0.0,0.0,0.0,0.0,0.0,0.0,0.0,0.0,0.0,0.0,0.0,0.0,0.0,1.0,1.0,1.0,2.0,2.0,3.0,3.0,4.0,4.0,5.0,5.0,5.0,6.0,6.0,7.0,7.0,8.0,8.0,9.0,9.0,9.0,10.0,10.0,10.0,10.0,10.559999999999945,11.0,11.0,11.0,11.0,12.0,12.0,12.0,12.0,13.0,13.0,13.0,13.0,14.0,14.0,14.0,14.0,15.0,15.0,15.0,15.0,15.0,16.0,16.0,16.0,16.0,17.0,17.0,17.0,18.0,18.0,18.0,19.0,19.0,19.0,20.0,20.0,20.0,21.0,21.0,21.159999999999854,22.0,22.0,23.0,23.0,24.0,24.0,24.0,25.0,26.0,27.0,27.0,28.0,29.0,31.0,33.0,40.0,0.0,1000.6196078658104,1000.7568627595901,2000.176470592618,2000.866666674614,3000.2666666805744,3000.4901960790157,3000.6078431606293,3000.694117665291,3000.78823530674,3001.0,139.03218841552734,147.05372619628906,152.166015625,156.28004455566406,160.04563903808594,163.90968322753906,168.35353088378906,174.50076293945312,188.23016357421875,346.35595703125,220.34949,0.0,test_data/Useful/Validation/1 inch at 1ft/20241103_113826_091.jpg,308.0,196.0,34.37306301644243
71,0.0,0.0,0.0,0.0,0.0,0.0,0.0,0.0,0.0,0.0,0.0,0.0,0.0,0.0,0.0,0.0,0.0,0.0,0.0,1.0,1.0,2.0,2.0,3.0,3.0,4.0,4.0,5.0,5.0,5.0,6.0,6.0,7.0,7.0,8.0,8.0,9.0,9.0,9.0,10.0,10.0,10.0,10.0,10.0,11.0,11.0,11.0,11.0,12.0,12.0,12.0,12.0,13.0,13.0,13.0,13.0,14.0,14.0,14.0,14.0,15.0,15.0,15.0,15.0,16.0,16.0,16.0,16.0,17.0,17.0,17.0,18.0,18.0,18.0,18.0,19.0,19.0,19.0,20.0,20.0,20.0,21.0,21.0,22.0,22.0,22.0,23.0,23.0,24.0,24.0,25.0,25.0,26.0,26.059999999999945,27.0,28.0,29.0,31.0,33.0,39.0,0.0,1000.6156862974167,1000.7529411911964,2000.0862745121121,2000.8627451062202,3000.2470588237047,3000.4784313738346,3000.6039215922356,3000.690196096897,3000.78823530674,3001.0,139.46456604003907,147.3522216796875,152.5740219116211,156.73763122558594,160.6256332397461,164.45497131347656,168.87496948242188,175.0148895263672,188.5607147216797,346.33563232421875,220.26382,0.0,test_data/Useful/Validation/1 inch at 1ft/20241103_113826_092.jpg,306.0,197.0,25.37323209853689
72,0.0,0.0,0.0,0.0,0.0,0.0,0.0,0.0,0.0,0.0,0.0,0.0,0.0,0.0,0.0,0.0,0.0,0.0,0.0,0.0,1.0,1.0,2.0,2.0,3.0,3.0,4.0,4.0,4.0,5.0,5.0,6.0,6.0,7.0,7.0,8.0,8.0,8.0,9.0,9.0,10.0,10.0,10.0,10.0,11.0,11.0,11.0,11.0,12.0,12.0,12.0,12.0,13.0,13.0,13.0,13.0,14.0,14.0,14.0,14.0,15.0,15.0,15.0,15.0,16.0,16.0,16.0,16.0,17.0,17.0,17.0,18.0,18.0,18.0,19.0,19.0,19.0,20.0,20.0,20.0,21.0,21.0,21.0,22.0,22.0,23.0,23.0,24.0,24.0,25.0,25.0,25.0,26.0,26.0,27.0,28.0,29.0,30.0,32.00999999999976,39.0,0.0,1000.611764729023,1000.7529411911964,1000.933333337307,2000.8588235378265,3000.2392156869173,3000.4784313738346,3000.6039215922356,3000.690196096897,3000.78823530674,3001.0,140.89331512451173,148.81836547851563,153.8287796020508,157.9355010986328,161.58506774902344,165.321044921875,169.5541000366211,175.4469177246094,188.61892700195312,346.3394470214844,220.68102,0.0,test_data/Useful/Validation/1 inch at 1ft/20241103_113826_093.jpg,324.0,201.0,25.54251510812627
73,0.0,0.0,0.0,0.0,0.0,0.0,0.0,0.0,0.0,0.0,0.0,0.0,0.0,0.0,0.0,0.0,0.0,0.0,1.0,1.0,2.0,2.0,3.0,3.0,4.0,4.0,4.0,5.0,5.0,5.0,6.0,6.0,7.0,7.0,7.0,8.0,8.0,9.0,9.0,10.0,10.0,10.0,10.0,10.0,10.0,11.0,11.0,11.0,11.0,12.0,12.0,12.0,12.0,13.0,13.0,13.0,13.0,13.0,14.0,14.0,14.0,14.0,15.0,15.0,15.0,16.0,16.0,16.0,16.0,17.0,17.0,17.0,17.0,18.0,18.0,18.0,18.0,19.0,19.0,19.0,20.0,20.0,20.0,21.0,21.0,22.0,22.0,22.0,23.0,23.0,24.0,25.0,25.0,26.0,27.0,28.0,28.0,30.0,32.0,39.0,0.0,1000.6078431606293,1000.7372549176216,1000.8862745165825,2000.8431372642517,3000.2509804069996,3000.486274510622,3000.6039215922356,3000.6862745285034,3000.7803921699524,3001.0,134.03988037109374,142.1444519042969,147.68777770996093,152.40279235839844,156.86317443847656,161.46190490722657,166.77816925048828,173.60763549804688,187.8071746826172,346.337158203125,220.52864,0.0,test_data/Useful/Validation/1 inch at 1ft/20241103_113826_094.jpg,300.0,196.0,28.5394270235014
74,0.0,0.0,0.0,0.0,0.0,0.0,0.0,0.0,0.0,0.0,0.0,0.0,0.0,0.0,0.0,0.0,0.0,0.0,0.8100000000000023,1.0,1.0,2.0,2.0,3.0,3.0,4.0,4.0,4.720000000000027,5.0,5.699999999999932,6.0,6.0,7.0,7.0,8.0,8.0,9.0,9.0,10.0,10.0,10.0,10.0,10.0,11.0,11.0,11.0,11.0,11.0,12.0,12.0,12.0,12.0,13.0,13.0,13.0,13.0,14.0,14.0,14.0,14.0,14.0,15.0,15.0,15.0,15.0,16.0,16.0,16.0,17.0,17.0,17.0,17.0,18.0,18.0,18.0,18.0,19.0,19.0,19.0,20.0,20.0,20.0,21.0,21.0,21.0,22.0,22.0,23.0,23.0,24.0,24.0,25.0,25.0,26.0,26.0,27.0,28.0,29.0,31.0,41.0,0.0,1000.611764729023,1000.745098054409,1000.8941176533699,2000.8470588326454,3000.2470588237047,3000.474509805441,3000.596078455448,3000.6823529601097,3000.7803921699524,3001.0,138.84271240234375,146.74520874023438,151.9743194580078,156.12761840820312,159.94025421142578,163.85494995117188,168.32550811767578,174.30462341308595,187.9832305908203,346.30963134765625,219.92737,0.0,test_data/Useful/Validation/1 inch at 1ft/20241103_113826_095.jpg,297.0,197.0,30.703277917768215
75,0.0,0.0,0.0,0.0,0.0,0.0,0.0,0.0,0.0,0.0,0.0,0.0,0.0,0.0,0.0,0.0,0.0,0.0,0.0,1.0,1.0,1.0,2.0,3.0,3.0,4.0,4.0,4.0,5.0,5.0,6.0,6.0,7.0,7.0,7.0,8.0,8.0,9.0,9.0,9.0,10.0,10.0,10.0,10.0,11.0,11.0,11.0,11.0,12.0,12.0,12.0,12.0,12.0,13.0,13.0,13.0,13.0,14.0,14.0,14.0,14.0,15.0,15.0,15.0,15.0,16.0,16.0,16.0,16.0,17.0,17.0,17.0,18.0,18.0,18.0,19.0,19.0,19.0,19.0,20.0,20.0,20.0,21.0,21.0,22.0,22.0,22.0,23.0,23.0,24.0,24.0,25.0,25.0,26.0,27.0,27.039999999999964,29.0,30.0,31.0,38.0,0.0,1000.6039215922356,1000.7411764860153,1000.8941176533699,2000.8470588326454,3000.2470588237047,3000.474509805441,3000.596078455448,3000.6823529601097,3000.7803921699524,3001.0,139.01641693115235,146.92469482421876,152.15740966796875,156.2718933105469,160.11553955078125,163.97964477539062,168.34007263183594,174.30191040039062,188.00439453125,346.31072998046875,220.05652,0.0,test_data/Useful/Validation/1 inch at 1ft/20241103_113826_096.jpg,318.0,198.0,29.8290892827629
76,0.0,0.0,0.0,0.0,0.0,0.0,0.0,0.0,0.0,0.0,0.0,0.0,0.0,0.0,0.0,0.0,0.0,0.0,0.0,0.0,0.0,1.0,1.0,2.0,2.0,3.0,3.0,4.0,4.0,5.0,5.0,6.0,6.0,7.0,7.0,8.0,8.0,8.0,9.0,9.0,10.0,10.0,10.0,10.0,10.0,11.0,11.0,11.0,11.0,12.0,12.0,12.0,12.0,12.0,13.0,13.0,13.0,13.0,14.0,14.0,14.0,15.0,15.0,15.0,15.0,16.0,16.0,16.0,17.0,17.0,17.0,18.0,18.0,18.0,18.0,19.0,19.0,19.0,20.0,20.0,20.0,21.0,21.0,21.0,22.0,22.0,22.0,23.0,23.0,24.0,24.0,25.0,26.0,26.059999999999945,27.0,28.0,29.0,30.0,32.0,37.0,0.0,1000.6039215922356,1000.7372549176216,1000.9019607901573,2000.8627451062202,3000.274509817362,3000.486274510622,3000.600000023842,3000.6823529601097,3000.7803921699524,3001.0,141.13574981689453,148.82986450195312,153.821044921875,157.8897705078125,161.4705047607422,165.07681274414062,169.1521453857422,174.94180297851562,188.31590270996094,346.2966613769531,219.99927,0.0,test_data/Useful/Validation/1 inch at 1ft/20241103_113826_097.jpg,320.0,206.0,34.54274941818935
77,0.0,0.0,0.0,0.0,0.0,0.0,0.0,0.0,0.0,0.0,0.0,0.0,0.0,0.0,0.0,0.0,0.0,0.0,0.0,1.0,1.0,1.0,2.0,2.0,3.0,3.0,4.0,4.0,5.0,5.0,6.0,6.0,7.0,7.0,7.0,8.0,8.0,8.620000000000005,9.0,9.600000000000023,10.0,10.0,10.0,10.0,11.0,11.0,11.0,11.0,11.0,12.0,12.0,12.0,12.0,12.0,13.0,13.0,13.0,14.0,14.0,14.0,14.0,15.0,15.0,15.0,15.0,16.0,16.0,16.0,16.0,17.0,17.0,17.0,17.0,18.0,18.0,18.0,19.0,19.0,19.0,20.0,20.0,20.0,21.0,21.0,22.0,22.0,22.0,23.0,23.0,24.0,25.0,25.0,26.0,26.0,27.0,28.0,29.0,31.0,32.0,42.0,0.0,1000.6078431606293,1000.7411764860153,1000.9019607901573,2000.8588235378265,3000.2784313857555,3000.4901960790157,3000.6039215922356,3000.6862745285034,3000.7803921699524,3001.0,137.49014282226562,145.46424865722656,150.72816467285156,155.14117431640625,159.09317016601562,163.21237182617188,167.81292724609375,174.022900390625,188.0474090576172,346.32196044921875,219.94077,0.0,test_data/Useful/Validation/1 inch at 1ft/20241103_113826_098.jpg,308.0,208.0,25.876874118847095
78,0.0,0.0,0.0,0.0,0.0,0.0,0.0,0.0,0.0,0.0,0.0,0.0,0.0,0.0,0.0,0.0,0.0,0.0,0.0,0.0,1.0,1.0,1.0,2.0,2.0,3.0,3.0,4.0,4.0,4.699999999999932,5.0,6.0,6.0,6.0,7.0,7.0,8.0,8.0,9.0,9.0,9.0,10.0,10.0,10.0,10.0,11.0,11.0,11.0,11.0,12.0,12.0,12.0,12.0,13.0,13.0,13.0,13.0,14.0,14.0,14.0,14.0,15.0,15.0,15.0,15.0,16.0,16.0,16.0,16.0,17.0,17.0,17.0,17.0,18.0,18.0,18.0,18.0,19.0,19.0,20.0,20.0,20.0,20.0,21.0,21.0,22.0,22.0,22.0,23.0,24.0,24.0,25.0,26.0,26.0,27.0,28.0,29.0,30.0,31.0,37.0,0.0,1000.6039215922356,1000.7372549176216,1000.8941176533699,2000.8549019694328,3000.2627451121807,3000.4823529422283,3000.600000023842,3000.6862745285034,3000.784313738346,3001.0,142.25633239746094,149.98133850097656,154.94274291992187,158.9385986328125,162.51600646972656,166.0555877685547,169.96145629882812,175.260986328125,188.03799438476562,346.3165283203125,219.61182,0.0,test_data/Useful/Validation/1 inch at 1ft/20241103_113826_099.jpg,326.0,209.0,28.731745421905487
79,0.0,0.0,0.0,0.0,0.0,0.0,0.0,0.0,0.0,0.0,0.0,0.0,0.0,0.0,0.0,0.0,0.0,0.0,0.0,0.0,1.0,1.0,2.0,2.0,3.0,3.0,4.0,4.0,5.0,5.0,5.0,6.0,6.0,7.0,7.0,7.0,8.0,8.0,9.0,9.0,10.0,10.0,10.0,10.0,11.0,11.0,11.0,11.0,12.0,12.0,12.0,12.0,12.0,13.0,13.0,13.0,13.0,14.0,14.0,14.0,14.0,15.0,15.0,15.0,15.0,15.0,16.0,16.0,16.0,17.0,17.0,17.0,17.269999999999982,18.0,18.0,18.0,19.0,19.0,20.0,20.0,20.0,21.0,21.0,22.0,22.0,22.0,23.0,23.0,23.0,24.0,24.0,25.0,26.0,26.0,27.0,28.0,29.0,30.0,32.0,42.0,0.0,1000.6078431606293,1000.7411764860153,1000.8941176533699,2000.8549019694328,3000.2627451121807,3000.4823529422283,3000.596078455448,3000.6823529601097,3000.7803921699524,3001.0,142.01956176757812,149.5620574951172,154.59577484130858,158.60558166503907,162.17391967773438,165.7368927001953,169.7011520385742,175.15584716796874,188.17611694335938,346.3182373046875,219.68405,0.0,test_data/Useful/Validation/1 inch at 1ft/20241103_113826_100.jpg,312.0,207.0,29.848582305036253
80,0.0,0.0,0.0,0.0,0.0,0.0,0.0,0.0,0.0,0.0,0.0,1.0,1.0,2.0,3.0,3.0,4.0,4.0,5.0,5.0,6.0,6.0,7.0,8.0,8.0,9.0,9.0,9.0,10.0,10.0,10.0,11.0,11.0,11.0,11.0,12.0,12.0,12.0,12.0,13.0,13.0,13.0,14.0,14.0,14.0,14.0,15.0,15.0,15.0,15.0,16.0,16.0,16.0,16.0,17.0,17.0,17.0,18.0,18.0,18.0,18.0,19.0,19.0,19.0,20.0,20.0,20.0,20.0,21.0,21.0,21.0,21.0,22.0,22.0,22.0,23.0,23.0,23.0,24.0,24.0,24.0,24.0,25.0,25.0,25.0,26.0,26.0,27.0,27.0,28.0,28.0,28.079999999999927,29.0,30.0,30.0,31.0,32.0,33.01999999999998,35.0,41.0,0.0,1000.6000000238419,1000.7215686440468,1000.8352941274643,2000.6431372761726,3000.192156866193,3000.43137255311,3000.568627476692,3000.6705882549286,3000.784313738346,3001.0,149.5230484008789,157.1995391845703,162.1273651123047,165.9842071533203,169.35154724121094,172.52219848632814,175.9832305908203,180.30752258300782,190.42691040039062,346.30633544921875,219.91473,0.0,test_data/Useful/Validation/1 inch at 1ft/20241103_113851_011.jpg,310.0,192.0,32.204640771745204
81,0.0,0.0,0.0,0.0,0.0,0.0,0.0,0.0,0.0,0.0,0.0,0.0,1.0,1.0,2.0,2.0,3.0,3.0,4.0,5.0,5.0,6.0,6.0,7.0,8.0,8.0,9.0,9.0,10.0,10.0,10.0,10.0,11.0,11.0,11.0,12.0,12.0,12.0,12.0,13.0,13.0,13.0,13.0,14.0,14.0,14.0,14.0,15.0,15.0,15.0,15.0,16.0,16.0,16.0,17.0,17.0,17.0,17.0,18.0,18.0,18.0,19.0,19.0,19.0,19.350000000000136,20.0,20.0,20.0,21.0,21.0,21.0,21.0,22.0,22.0,22.0,23.0,23.0,23.0,23.0,24.0,24.0,24.0,25.0,25.0,25.0,26.0,26.0,27.0,27.0,28.0,28.0,29.0,29.0,30.0,30.0,31.0,32.0,33.01999999999998,35.0,40.0,0.0,1000.6000000238419,1000.7215686440468,1000.8352941274643,2000.6431372761726,3000.192156866193,3000.4274509847164,3000.568627476692,3000.6705882549286,3000.784313738346,3001.0,149.45932006835938,157.0956268310547,162.08050537109375,165.9205322265625,169.27598571777344,172.45364379882812,175.87547302246094,180.2952423095703,190.58297729492188,346.30340576171875,220.02867,0.0,test_data/Useful/Validation/1 inch at 1ft/20241103_113851_012.jpg,304.0,193.0,27.8937589949568
82,0.0,0.0,0.0,0.0,0.0,0.0,0.0,0.0,0.0,0.0,0.0,0.0,1.0,1.8600000000000136,2.0,3.0,3.0,4.0,4.0,5.0,6.0,6.0,6.0,7.0,8.0,8.0,9.0,9.0,9.0,10.0,10.0,10.0,10.0,11.0,11.0,11.0,12.0,12.0,12.0,13.0,13.0,13.0,13.0,14.0,14.0,14.0,14.0,15.0,15.0,15.0,16.0,16.0,16.0,16.0,17.0,17.0,17.0,18.0,18.0,18.0,18.0,19.0,19.0,19.0,19.0,20.0,20.0,20.0,21.0,21.0,21.0,22.0,22.0,22.0,23.0,23.0,23.0,24.0,24.0,24.0,25.0,25.0,25.0,26.0,26.0,26.0,27.0,27.0,28.0,28.0,29.0,29.0,30.0,30.0,31.0,32.0,33.0,34.0,35.0,41.0,0.0,1000.6039215922356,1000.7254902124405,1000.8431372642517,2000.678431391716,3000.192156866193,3000.4274509847164,3000.568627476692,3000.6705882549286,3000.7803921699524,3001.0,149.53760833740233,157.18466186523438,162.04946899414062,165.86512451171876,169.24600982666016,172.46527099609375,175.85951232910156,180.19549560546875,190.1949920654297,346.3063049316406,219.8999,0.0,test_data/Useful/Validation/1 inch at 1ft/20241103_113851_013.jpg,339.0,205.0,29.069502867378553
83,0.0,0.0,0.0,0.0,0.0,0.0,0.0,0.0,0.0,0.0,0.0,1.0,1.0,2.0,2.0,3.0,4.0,4.0,5.0,5.0,6.0,6.0,7.0,7.0,8.0,8.0,9.0,9.0,10.0,10.0,11.0,11.0,11.0,11.0,12.0,12.0,12.0,12.0,12.610000000000014,13.0,13.0,13.0,13.0,14.0,14.0,14.0,15.0,15.0,15.0,16.0,16.0,16.0,17.0,17.0,17.0,17.0,18.0,18.0,18.0,18.0,19.0,19.0,19.0,19.0,19.0,20.0,20.0,20.0,21.0,21.0,21.0,22.0,22.0,22.0,23.0,23.0,23.0,24.0,24.0,24.0,25.0,25.0,25.0,26.0,26.0,26.0,27.0,27.0,28.0,28.0,28.0,29.0,30.0,30.0,31.0,31.0,32.0,33.0,36.0,44.0,0.0,1000.6039215922356,1000.7215686440468,1000.839215695858,2000.6666666865349,3000.1960784345865,3000.43137255311,3000.568627476692,3000.6705882549286,3000.7803921699524,3001.0,149.18578491210937,156.80224914550783,161.72333374023438,165.52545166015625,168.90615844726562,172.1412353515625,175.57193756103516,179.9390869140625,190.29966735839844,346.30548095703125,220.13869,0.0,test_data/Useful/Validation/1 inch at 1ft/20241103_113851_014.jpg,312.0,192.0,26.405283068052803
84,0.0,0.0,0.0,0.0,0.0,0.0,0.0,0.0,0.0,0.0,0.0,1.0,1.0,2.0,3.0,3.0,4.0,4.0,5.0,5.0,6.0,6.0,7.0,7.0,7.0,8.0,8.0,9.0,10.0,10.0,10.0,10.0,11.0,11.0,11.0,12.0,12.0,12.0,12.0,13.0,13.0,13.0,14.0,14.0,14.0,15.0,15.0,15.0,15.0,16.0,16.0,16.0,17.0,17.0,17.0,17.0,18.0,18.0,18.0,19.0,19.0,19.0,20.0,20.0,20.0,20.0,21.0,21.0,21.0,21.0,22.0,22.0,22.0,23.0,23.0,23.0,23.0,24.0,24.0,24.0,25.0,25.0,25.0,26.0,26.0,27.0,27.0,28.0,28.0,29.0,29.0,30.0,30.0,31.0,31.0,32.0,33.0,34.0,36.0,42.0,0.0,1000.6000000238419,1000.7176470756531,1000.8313725590706,2000.5960784554482,3000.1686274558306,3000.4156862795353,3000.5647059082985,3000.666666686535,3000.7764706015587,3001.0,149.347900390625,156.86422729492188,161.69715881347656,165.55055236816406,168.9285888671875,172.18923950195312,175.64115295410156,180.051611328125,190.4238739013672,346.30682373046875,220.36786,0.0,test_data/Useful/Validation/1 inch at 1ft/20241103_113851_015.jpg,295.0,173.0,32.41334595494075
85,0.0,0.0,0.0,0.0,0.0,0.0,0.0,0.0,0.0,0.0,1.0,1.0,2.0,2.0,3.0,3.0,4.0,4.0,5.0,6.0,6.0,7.0,7.0,8.0,8.0,9.0,9.0,9.0,10.0,10.0,10.0,11.0,11.0,11.0,11.0,12.0,12.0,12.0,13.0,13.0,13.0,14.0,14.0,14.0,15.0,15.0,15.0,15.0,16.0,16.0,16.0,17.0,17.0,17.0,17.0,18.0,18.0,18.0,18.0,19.0,19.0,19.0,20.0,20.0,20.0,20.0,21.0,21.0,21.0,21.0,22.0,22.0,22.0,23.0,23.0,23.0,23.0,24.0,24.0,24.0,25.0,25.0,25.0,26.0,26.0,26.139999999999873,27.0,27.0,27.0,28.0,28.0,29.0,30.0,30.0,31.0,32.0,33.0,33.01999999999998,35.0,41.0,0.0,1000.6000000238419,1000.7137255072594,1000.8274509906769,2000.584313750267,3000.1725490242243,3000.419607847929,3000.5647059082985,3000.666666686535,3000.7764706015587,3001.0,149.3143768310547,156.854931640625,161.70398406982423,165.56841430664062,168.92730712890625,172.18047485351562,175.637451171875,180.0965576171875,190.42221069335938,346.317138671875,220.41425,0.0,test_data/Useful/Validation/1 inch at 1ft/20241103_113851_016.jpg,349.0,221.0,30.556831364171867
86,0.0,0.0,0.0,0.0,0.0,0.0,0.0,0.0,0.0,0.0,0.0,1.0,2.0,2.0,3.0,4.0,4.0,5.0,6.0,6.0,6.0,7.0,8.0,8.0,9.0,9.0,10.0,10.0,10.0,10.0,11.0,11.0,11.0,11.660000000000082,12.0,12.0,12.0,13.0,13.0,13.0,13.0,14.0,14.0,14.0,14.0,15.0,15.0,15.0,15.0,16.0,16.0,16.0,17.0,17.0,17.0,17.0,18.0,18.0,18.0,19.0,19.0,19.0,19.0,20.0,20.0,20.0,21.0,21.0,21.0,21.0,22.0,22.0,22.0,22.0,23.0,23.0,23.0,24.0,24.0,24.0,25.0,25.0,25.0,26.0,26.0,26.0,27.0,27.0,28.0,28.0,29.0,29.0,30.0,30.0,31.0,32.0,33.0,34.0,35.0,38.0,0.0,1000.6000000238419,1000.7137255072594,1000.8235294222832,2000.5372549295425,3000.160784319043,3000.419607847929,3000.5647059082985,3000.666666686535,3000.7764706015587,3001.0,148.8952835083008,156.60231018066406,161.5268768310547,165.34259033203125,168.71055603027344,171.9612609863281,175.44925231933593,179.9466064453125,190.39022827148438,346.3195495605469,220.66269,0.0,test_data/Useful/Validation/1 inch at 1ft/20241103_113851_017.jpg,312.0,188.0,21.36773200457914
87,0.0,0.0,0.0,0.0,0.0,0.0,0.0,0.0,0.0,0.0,1.0,1.0,2.0,2.0,3.0,3.0,4.0,5.0,5.0,6.0,6.0,7.0,7.0,8.0,8.0,9.0,10.0,10.0,10.0,10.0,11.0,11.0,11.0,12.0,12.0,12.0,12.0,13.0,13.0,13.0,14.0,14.0,14.0,14.0,15.0,15.0,15.0,16.0,16.0,16.0,16.0,17.0,17.0,17.0,17.0,18.0,18.0,18.0,18.0,19.0,19.0,19.0,19.0,20.0,20.0,20.0,20.0,21.0,21.0,21.0,22.0,22.0,22.0,23.0,23.0,23.0,24.0,24.0,24.0,25.0,25.0,25.0,26.0,26.0,26.0,27.0,27.0,27.0,28.0,28.0,28.0,29.0,30.0,30.0,31.0,32.0,32.029999999999745,33.0,35.00999999999976,40.0,0.0,1000.6000000238419,1000.7137255072594,1000.8235294222832,2000.5019608139992,3000.1411764770746,3000.407843142748,3000.560784339905,3000.662745118141,3000.7764706015587,3001.0,149.03842163085938,156.65029907226562,161.49441528320312,165.28695678710938,168.65960693359375,171.92417602539064,175.39160766601563,179.85858154296875,190.55874633789062,346.3221435546875,220.4608,0.0,test_data/Useful/Validation/1 inch at 1ft/20241103_113851_018.jpg,323.0,193.0,30.89908116297906
88,0.0,0.0,0.0,0.0,0.0,0.0,0.0,0.0,0.0,0.0,1.0,2.0,2.0,3.0,3.0,4.0,4.830000000000041,5.0,6.0,6.0,6.789999999999964,7.0,7.0,8.0,8.0,9.0,9.730000000000018,10.0,10.0,10.0,11.0,11.0,11.0,11.0,12.0,12.0,12.0,12.620000000000005,13.0,13.0,13.0,14.0,14.0,14.0,15.0,15.0,15.0,15.0,16.0,16.0,16.0,16.0,17.0,17.0,17.0,17.0,18.0,18.0,18.0,19.0,19.0,19.0,20.0,20.0,20.0,20.0,21.0,21.0,21.0,21.0,22.0,22.0,22.0,23.0,23.0,23.0,24.0,24.0,24.0,24.0,25.0,25.0,26.0,26.0,26.0,26.0,27.0,27.0,28.0,28.0,29.0,29.0,30.0,30.0,31.0,32.0,33.0,34.0,36.0,39.0,0.0,1000.6000000238419,1000.7098039388657,1000.8196078538895,2000.4823529422283,3000.137254908681,3000.407843142748,3000.560784339905,3000.662745118141,3000.7764706015587,3001.0,149.293798828125,156.7670867919922,161.65735321044923,165.48297119140625,168.8263397216797,172.05844116210938,175.53530883789062,179.9654998779297,190.57833862304688,346.31610107421875,220.5059,0.0,test_data/Useful/Validation/1 inch at 1ft/20241103_113851_019.jpg,341.0,209.0,28.313811047143744
89,0.0,0.0,0.0,0.0,0.0,0.0,0.0,0.0,0.0,0.0,0.0,0.0,1.0,1.0,2.0,3.0,3.0,4.0,4.0,5.0,5.0,6.0,7.0,7.0,8.0,8.0,9.0,9.0,9.0,10.0,10.0,10.0,11.0,11.0,11.0,12.0,12.0,12.0,13.0,13.0,13.0,13.0,14.0,14.0,14.0,14.0,15.0,15.0,15.0,15.0,16.0,16.0,16.0,17.0,17.0,17.0,18.0,18.0,18.0,18.0,19.0,19.0,19.0,19.0,20.0,20.0,20.0,21.0,21.0,21.0,22.0,22.0,22.0,23.0,23.0,23.0,24.0,24.0,24.0,24.0,25.0,25.0,25.0,26.0,26.0,27.0,27.0,27.0,28.0,28.0,29.0,29.0,30.0,30.0,31.0,32.0,33.0,34.0,36.0,41.0,0.0,1000.5960784554482,1000.705882370472,1000.8156862854958,2000.3607843220234,3000.113725490868,3000.3960784375668,3000.556862771511,3000.6588235497475,3000.772549033165,3001.0,148.87998962402344,156.68734741210938,161.52479553222656,165.3264617919922,168.6350860595703,171.87228393554688,175.3572998046875,179.8358917236328,190.62857055664062,346.3246154785156,221.13635,0.0,test_data/Useful/Validation/1 inch at 1ft/20241103_113851_020.jpg,332.0,180.0,27.9145927770309
90,0.0,0.0,0.0,0.0,0.0,0.0,0.0,0.0,0.0,0.0,1.0,1.0,2.0,3.0,3.0,4.0,4.830000000000041,5.0,6.0,6.0,6.0,7.0,7.0,8.0,8.0,9.0,9.0,9.0,10.0,10.0,10.0,11.0,11.0,11.0,12.0,12.0,12.0,12.0,13.0,13.0,13.0,14.0,14.0,14.0,14.0,15.0,15.0,15.0,15.0,16.0,16.0,16.0,16.0,17.0,17.0,17.0,18.0,18.0,18.0,19.0,19.0,19.0,20.0,20.0,20.0,20.0,21.0,21.0,21.0,21.0,22.0,22.0,22.0,23.0,23.0,23.0,24.0,24.0,24.0,24.0,25.0,25.0,25.0,26.0,26.0,27.0,27.0,27.0,27.110000000000127,28.0,29.0,29.0,30.0,30.0,31.0,32.0,33.0,34.0,35.0,40.0,0.0,1000.5921568870544,1000.7019608020782,1000.811764717102,2000.2235294133425,3000.0980392172933,3000.3882353007793,3000.5529412031174,3000.6588235497475,3000.772549033165,3001.0,149.0156494140625,156.8208770751953,161.61941986083986,165.5117614746094,168.89198303222656,172.13648681640623,175.61786346435548,180.01829528808594,190.70433044433594,346.32525634765625,221.08614,0.0,test_data/Useful/Validation/1 inch at 1ft/20241103_113851_021.jpg,335.0,197.0,30.258021900776793
91,0.0,0.0,0.0,0.0,0.0,0.0,0.0,0.0,0.0,0.0,0.0,1.0,2.0,2.0,3.0,3.840000000000032,4.0,5.0,5.0,6.0,6.0,7.0,7.0,8.0,8.0,9.0,9.0,10.0,10.0,10.0,11.0,11.0,11.0,11.0,12.0,12.0,13.0,13.0,13.0,13.0,14.0,14.0,14.0,14.0,15.0,15.0,15.0,16.0,16.0,16.0,16.0,17.0,17.0,17.0,18.0,18.0,18.0,18.0,18.409999999999854,19.0,19.0,19.0,20.0,20.0,20.0,20.0,21.0,21.0,21.0,21.0,22.0,22.0,22.0,23.0,23.0,23.0,23.0,24.0,24.0,25.0,25.0,25.0,25.0,26.0,26.0,27.0,27.0,28.0,28.0,28.0,29.0,29.0,30.0,30.0,31.0,32.0,33.0,34.0,35.0,41.0,0.0,1000.5960784554482,1000.705882370472,1000.8156862854958,2000.3294117748737,3000.117647059262,3000.4000000059605,3000.556862771511,3000.662745118141,3000.7686274647713,3001.0,148.62838134765624,156.24983825683594,161.11875915527344,164.99534606933594,168.38577270507812,171.65444946289062,175.13868560791016,179.68087768554688,190.3482208251953,346.321533203125,221.09085,0.0,test_data/Useful/Validation/1 inch at 1ft/20241103_113851_022.jpg,325.0,188.0,34.13958859038895
92,0.0,0.0,0.0,0.0,0.0,0.0,0.0,0.0,0.0,0.9000000000000057,1.0,2.0,2.0,3.0,3.0,4.0,4.830000000000041,5.0,6.0,6.0,7.0,7.0,8.0,8.0,9.0,9.0,10.0,10.0,10.0,10.0,11.0,11.0,12.0,12.0,12.0,12.0,13.0,13.0,13.0,13.0,14.0,14.0,14.0,15.0,15.0,15.0,16.0,16.0,16.0,16.0,17.0,17.0,17.0,18.0,18.0,18.0,18.0,19.0,19.0,19.0,19.0,20.0,20.0,20.0,21.0,21.0,21.0,21.0,22.0,22.0,22.0,22.0,23.0,23.0,23.0,23.0,24.0,24.0,24.0,25.0,25.0,25.0,25.0,26.0,26.0,26.0,27.0,27.0,28.0,28.0,29.0,29.0,30.0,30.0,31.0,31.039999999999964,33.0,34.0,35.0,42.0,0.0,1000.5960784554482,1000.705882370472,1000.811764717102,2000.1176470592618,3000.0980392172933,3000.3882353007793,3000.5529412031174,3000.6588235497475,3000.7686274647713,3001.0,148.70680541992186,156.30422973632812,161.18194580078125,165.03591918945312,168.4188232421875,171.6658172607422,175.1552734375,179.6650390625,190.56185913085938,346.3232727050781,221.10213,0.0,test_data/Useful/Validation/1 inch at 1ft/20241103_113851_023.jpg,308.0,179.0,28.117744426734557
93,0.0,0.0,0.0,0.0,0.0,0.0,0.0,0.0,0.0,0.0,0.0,1.0,1.0,2.0,3.0,3.0,4.0,5.0,5.0,6.0,6.0,7.0,8.0,8.0,8.0,9.0,10.0,10.0,10.0,11.0,11.0,11.0,11.0,12.0,12.0,12.0,12.0,13.0,13.0,13.0,13.0,14.0,14.0,14.0,15.0,15.0,15.0,16.0,16.0,16.0,16.0,17.0,17.0,17.0,17.0,18.0,18.0,18.0,18.0,19.0,19.0,19.0,19.0,20.0,20.0,20.0,21.0,21.0,21.0,21.0,22.0,22.0,22.0,23.0,23.0,23.0,23.0,24.0,24.0,24.0,25.0,25.0,25.0,26.0,26.0,27.0,27.0,27.0,28.0,28.0,28.0,29.0,29.070000000000164,30.0,31.0,32.0,33.0,34.0,35.0,41.0,0.0,1000.5921568870544,1000.6980392336845,1000.8039215803146,1000.933333337307,3000.06274510175,3000.3725490272045,3000.54509806633,3000.6549019813538,3000.7647058963776,3001.0,148.5427993774414,156.24590454101562,161.0895782470703,164.9734100341797,168.37586975097656,171.65432739257812,175.0936538696289,179.50555419921875,190.54054260253906,346.3223571777344,220.62347,0.0,test_data/Useful/Validation/1 inch at 1ft/20241103_113851_024.jpg,323.0,184.0,23.431088697485023
94,0.0,0.0,0.0,0.0,0.0,0.0,0.0,0.0,0.0,0.0,0.0,1.0,2.0,2.0,3.0,4.0,4.0,5.0,5.0,6.0,7.0,7.0,8.0,8.0,9.0,9.0,10.0,10.0,10.0,11.0,11.0,11.0,11.0,12.0,12.0,12.0,13.0,13.0,13.0,14.0,14.0,14.0,15.0,15.0,15.0,15.0,16.0,16.0,16.0,17.0,17.0,17.0,17.0,18.0,18.0,18.0,18.0,19.0,19.0,19.0,19.0,20.0,20.0,20.0,20.0,21.0,21.0,21.0,22.0,22.0,22.0,22.0,23.0,23.0,23.0,24.0,24.0,24.0,24.0,25.0,25.0,25.0,26.0,26.0,26.0,27.0,27.0,27.11999999999989,28.0,28.0,29.0,29.0,30.0,30.0,31.0,31.0,32.0,34.0,35.0,41.0,0.0,1000.584313750267,1000.6901960968971,1000.7882353067398,1000.8901960849762,2000.866666674614,3000.3294117748737,3000.5254902243614,3000.6431372761726,3000.75686275959,3001.0,148.21112060546875,155.9654998779297,160.8319580078125,164.63985900878907,168.0848846435547,171.36337280273438,174.84849548339844,179.3751220703125,190.47628784179688,346.3193054199219,221.10025,0.0,test_data/Useful/Validation/1 inch at 1ft/20241103_113851_025.jpg,315.0,183.0,33.44460210463762
95,0.0,0.0,0.0,0.0,0.0,0.0,0.0,0.0,0.0,1.0,1.0,2.0,2.0,3.0,4.0,5.0,5.0,6.0,6.0,7.0,7.0,8.0,8.0,9.0,9.0,10.0,10.0,10.0,10.0,11.0,11.0,11.0,12.0,12.0,12.0,13.0,13.0,13.0,13.0,14.0,14.0,14.0,15.0,15.0,15.0,15.0,16.0,16.0,16.0,16.0,16.49000000000001,17.0,17.0,17.0,18.0,18.0,18.0,18.0,19.0,19.0,19.0,20.0,20.0,20.0,20.0,21.0,21.0,21.0,22.0,22.0,22.0,22.0,23.0,23.0,23.0,23.0,24.0,24.0,24.0,25.0,25.0,25.0,26.0,26.0,26.0,27.0,27.0,27.0,28.0,28.0,29.0,29.0,30.0,30.0,31.0,31.0,32.0,34.0,36.0,43.0,0.0,1000.584313750267,1000.6901960968971,1000.7843137383461,1000.8823529481888,2000.8627451062202,3000.3294117748737,3000.5254902243614,3000.6431372761726,3000.75686275959,3001.0,148.18408203125,155.8253631591797,160.7105972290039,164.54793090820314,167.9329376220703,171.20486145019532,174.71084747314453,179.2093505859375,190.3826141357422,346.3103942871094,221.12894,0.0,test_data/Useful/Validation/1 inch at 1ft/20241103_113851_026.jpg,315.0,185.0,36.296453935953735
96,0.0,0.0,0.0,0.0,0.0,0.0,0.0,0.0,0.0,1.0,1.0,2.0,3.0,3.0,4.0,4.0,5.0,5.0,6.0,7.0,7.0,8.0,8.0,9.0,9.0,10.0,10.0,10.0,11.0,11.0,11.0,12.0,12.0,12.0,12.0,13.0,13.0,13.0,13.610000000000014,14.0,14.0,14.0,15.0,15.0,15.0,15.0,15.0,16.0,16.0,16.0,17.0,17.0,17.0,17.0,17.0,18.0,18.0,18.0,18.0,19.0,19.0,19.0,19.0,20.0,20.0,20.0,20.0,21.0,21.0,21.0,22.0,22.0,22.0,23.0,23.0,23.0,24.0,24.0,24.0,24.0,25.0,25.0,25.0,26.0,26.0,26.0,27.0,27.0,28.0,28.0,29.0,29.0,29.0,30.0,31.0,31.0,32.0,33.0,35.0,44.0,0.0,1000.584313750267,1000.6862745285034,1000.7764706015587,1000.8745098114014,2000.8274509906769,3000.313725501299,3000.5215686559677,3000.639215707779,3000.7529411911964,3001.0,147.74439697265626,155.28741149902345,160.20336456298827,164.12078247070312,167.53575134277344,170.81748962402344,174.37417602539062,178.98367309570312,190.64902801513674,346.3280029296875,221.37628,0.0,test_data/Useful/Validation/1 inch at 1ft/20241103_113851_027.jpg,312.0,197.0,29.729351115843603
97,0.0,0.0,0.0,0.0,0.0,0.0,0.0,0.0,0.0,1.0,1.0,2.0,3.0,3.0,4.0,4.840000000000032,5.0,6.0,6.0,7.0,7.0,8.0,8.0,9.0,9.0,10.0,10.0,10.0,11.0,11.0,11.0,12.0,12.0,12.0,12.0,13.0,13.0,13.0,14.0,14.0,14.0,14.0,15.0,15.0,15.0,15.0,16.0,16.0,16.0,17.0,17.0,17.0,17.0,18.0,18.0,18.0,18.0,19.0,19.0,19.0,19.0,20.0,20.0,20.0,20.0,21.0,21.0,21.0,21.0,22.0,22.0,22.0,23.0,23.0,23.0,23.0,24.0,24.0,24.0,25.0,25.0,25.0,25.0,26.0,26.0,26.0,27.0,27.0,28.0,28.0,29.0,29.0,30.0,30.0,31.0,32.0,33.0,34.0,35.0,41.0,0.0,1000.584313750267,1000.6862745285034,1000.7764706015587,1000.8705882430077,2000.8431372642517,3000.3294117748737,3000.529411792755,3000.6431372761726,3000.7529411911964,3001.0,147.1890655517578,154.85824584960938,159.71974182128906,163.54190063476562,166.93563842773438,170.26303100585938,173.8056182861328,178.46307373046875,190.59141540527344,346.32196044921875,221.46033,0.0,test_data/Useful/Validation/1 inch at 1ft/20241103_113851_028.jpg,339.0,197.0,28.748480664479096
98,0.0,0.0,0.0,0.0,0.0,0.0,0.0,0.0,0.0,0.0,0.0,1.0,2.0,3.0,3.0,4.0,5.0,5.0,6.0,6.0,7.0,7.0,8.0,8.0,9.0,9.0,10.0,10.0,10.0,11.0,11.0,11.0,11.0,12.0,12.0,12.0,13.0,13.0,13.0,13.0,14.0,14.0,14.0,14.0,15.0,15.0,15.0,15.0,16.0,16.0,16.0,16.0,17.0,17.0,17.0,18.0,18.0,18.0,18.0,19.0,19.0,19.0,19.0,20.0,20.0,20.0,21.0,21.0,21.0,22.0,22.0,22.0,22.0,23.0,23.0,23.0,24.0,24.0,24.0,24.0,25.0,25.0,25.0,26.0,26.0,26.0,27.0,27.0,28.0,28.0,28.0,29.0,29.0,30.0,30.0,31.0,32.0,33.0,35.0,42.0,0.0,1000.584313750267,1000.6823529601097,1000.772549033165,1000.866666674614,2000.839215695858,3000.32549020648,3000.533333361149,3000.6470588445663,3000.760784327984,3001.0,147.47194061279296,155.11759033203126,159.9524124145508,163.80174255371094,167.24549865722656,170.51254272460938,174.0711669921875,178.7388458251953,190.71866607666016,346.3350830078125,221.35193,0.0,test_data/Useful/Validation/1 inch at 1ft/20241103_113851_029.jpg,334.0,192.0,29.89682263081888
99,0.0,0.0,0.0,0.0,0.0,0.0,0.0,0.0,1.0,1.0,2.0,3.0,3.0,3.0,4.0,5.0,5.0,6.0,6.0,7.0,7.0,8.0,8.769999999999982,9.0,10.0,10.0,10.0,11.0,11.0,11.0,12.0,12.0,12.0,12.0,13.0,13.0,13.0,13.0,14.0,14.0,14.0,15.0,15.0,15.0,15.0,16.0,16.0,16.0,16.0,17.0,17.0,17.0,17.0,18.0,18.0,18.0,18.0,19.0,19.0,19.0,19.0,20.0,20.0,20.0,20.0,21.0,21.0,21.0,21.0,22.0,22.0,22.0,23.0,23.0,23.0,23.0,24.0,24.0,24.0,25.0,25.0,25.0,26.0,26.0,26.0,26.0,27.0,27.0,28.0,28.0,29.0,29.0,30.0,30.0,31.0,31.0,32.029999999999745,33.0,35.0,40.0,0.0,1000.584313750267,1000.6823529601097,1000.772549033165,1000.866666674614,2000.8313725590706,3000.3215686380863,3000.529411792755,3000.6470588445663,3000.75686275959,3001.0,147.53461303710938,155.1438995361328,160.07600860595704,163.89788818359375,167.2816162109375,170.53306884765624,174.10710754394532,178.81463623046875,190.83465728759765,346.3397216796875,221.32913,0.0,test_data/Useful/Validation/1 inch at 1ft/20241103_113851_030.jpg,341.0,194.0,27.44607724180762
100,0.0,0.0,0.0,0.0,0.0,0.0,0.0,0.0,0.0,0.0,0.0,1.0,1.0,2.0,3.0,3.0,4.0,5.0,5.0,6.0,6.789999999999964,7.0,8.0,8.0,9.0,9.0,10.0,10.0,10.0,11.0,11.0,11.0,12.0,12.0,12.0,12.0,13.0,13.0,13.0,13.0,14.0,14.0,14.0,14.0,15.0,15.0,15.0,15.519999999999982,16.0,16.0,16.0,17.0,17.0,17.0,17.0,18.0,18.0,18.0,19.0,19.0,19.0,19.0,20.0,20.0,20.0,20.0,21.0,21.0,21.0,21.0,22.0,22.0,22.0,23.0,23.0,23.0,23.0,24.0,24.0,24.0,25.0,25.0,25.0,26.0,26.0,26.0,27.0,27.0,27.0,28.0,28.0,29.0,30.0,30.0,31.0,32.0,32.029999999999745,34.0,35.0,42.0,0.0,1000.584313750267,1000.6823529601097,1000.772549033165,1000.8705882430077,2000.8274509906769,3000.3176470696926,3000.529411792755,3000.6470588445663,3000.760784327984,3001.0,147.7303924560547,155.40811157226562,160.26092529296875,164.10240173339844,167.50133514404297,170.75321350097656,174.33339080810546,178.92394104003907,190.74075317382812,346.334228515625,221.4031,0.0,test_data/Useful/Validation/1 inch at 1ft/20241103_113851_031.jpg,333.0,186.0,30.26189104170644
101,0.0,0.0,0.0,0.0,0.0,0.0,0.0,0.0,0.0,1.0,2.0,2.0,3.0,4.0,5.0,5.0,5.0,6.0,7.0,7.0,8.0,8.0,9.0,9.0,9.0,10.0,10.0,10.0,11.0,11.0,11.0,11.0,12.0,12.0,12.0,13.0,13.0,13.0,14.0,14.0,14.0,14.0,15.0,15.0,15.0,16.0,16.0,16.0,16.50999999999999,17.0,17.0,17.0,18.0,18.0,18.0,18.0,18.0,19.0,19.0,19.0,20.0,20.0,20.0,20.0,21.0,21.0,21.0,21.0,22.0,22.0,22.0,22.0,23.0,23.0,23.0,23.0,24.0,24.0,24.0,25.0,25.0,25.0,25.0,26.0,26.0,26.0,27.0,27.0,27.0,28.0,28.0,29.0,29.0,30.0,31.0,31.0,32.0,33.01999999999998,35.0,42.0,0.0,1000.5882353186607,1000.6862745285034,1000.7803921699524,1000.8823529481888,2000.8627451062202,3000.3450980484486,3000.5411764979362,3000.65098041296,3000.7647058963776,3001.0,148.11695251464843,155.81436157226562,160.6376953125,164.48585815429686,167.814208984375,171.11159057617186,174.57181091308593,179.16095581054688,190.69984436035156,346.3309326171875,221.55118,0.0,test_data/Useful/Validation/1 inch at 1ft/20241103_113851_032.jpg,333.0,193.0,30.268503982946463
102,0.0,0.0,0.0,0.0,0.0,0.0,0.0,0.0,1.0,1.0,2.0,2.0,3.0,4.0,5.0,5.0,6.0,6.0,6.810000000000002,7.0,8.0,8.0,9.0,9.0,9.0,10.0,10.0,10.0,11.0,11.0,11.0,12.0,12.0,12.0,12.0,13.0,13.0,14.0,14.0,14.0,14.0,15.0,15.0,15.0,16.0,16.0,16.0,16.0,16.0,17.0,17.0,17.0,17.470000000000027,18.0,18.0,18.0,18.0,19.0,19.0,19.0,19.0,20.0,20.0,20.0,20.0,21.0,21.0,21.0,22.0,22.0,22.0,22.0,23.0,23.0,23.0,23.0,24.0,24.0,24.0,25.0,25.0,25.0,26.0,26.0,26.0,27.0,27.0,27.0,27.0,28.0,28.0,29.0,29.0,30.0,31.0,31.039999999999964,32.0,33.0,35.0,41.0,0.0,1000.584313750267,1000.6862745285034,1000.7803921699524,1000.8823529481888,2000.8823529481888,3000.3568627536297,3000.54509806633,3000.6549019813538,3000.7686274647713,3001.0,148.1078643798828,155.8241424560547,160.6802978515625,164.46319580078125,167.83944702148438,171.12318420410156,174.6696304321289,179.27796020507813,190.95904541015625,346.3251037597656,221.4404,0.0,test_data/Useful/Validation/1 inch at 1ft/20241103_113851_033.jpg,365.0,210.0,34.247761271504665
103,0.0,0.0,0.0,0.0,0.0,0.0,0.0,0.0,0.0,1.0,2.0,2.0,3.0,3.8600000000000136,4.0,5.0,5.0,6.0,7.0,7.0,8.0,8.0,8.0,9.0,10.0,10.0,10.0,11.0,11.0,11.0,12.0,12.0,12.0,13.0,13.0,13.0,13.0,14.0,14.0,14.0,14.0,15.0,15.0,15.0,15.0,16.0,16.0,16.0,16.0,17.0,17.0,17.0,17.0,18.0,18.0,18.0,19.0,19.0,19.0,19.0,20.0,20.0,20.0,21.0,21.0,21.0,21.0,21.0,22.0,22.0,22.0,23.0,23.0,23.0,24.0,24.0,24.0,24.0,25.0,25.0,25.0,26.0,26.0,26.0,27.0,27.0,27.0,28.0,28.0,29.0,29.0,30.0,30.0,30.059999999999945,31.0,32.0,33.0,34.0,36.0,41.0,0.0,1000.5803921818733,1000.6823529601097,1000.7764706015587,1000.8745098114014,2000.839215695858,3000.32549020648,3000.529411792755,3000.65098041296,3000.7686274647713,3001.0,148.66632843017578,156.28094787597655,161.19579467773437,165.01181640625,168.40049743652344,171.6663360595703,175.16134643554688,179.7565673828125,190.86199951171875,346.3267822265625,221.29622,0.0,test_data/Useful/Validation/1 inch at 1ft/20241103_113851_034.jpg,340.0,197.0,27.475154551875537
104,0.0,0.0,0.0,0.0,0.0,0.0,0.0,0.0,0.0,1.0,1.8899999999999864,2.0,3.0,3.0,4.0,4.0,5.0,6.0,6.0,7.0,7.0,8.0,8.0,9.0,9.0,10.0,10.0,10.0,11.0,11.0,11.0,12.0,12.0,12.0,12.0,13.0,13.0,13.0,14.0,14.0,14.0,15.0,15.0,15.0,15.0,16.0,16.0,16.0,16.0,17.0,17.0,17.0,17.0,18.0,18.0,18.0,18.0,19.0,19.0,19.0,19.0,20.0,20.0,20.0,20.0,21.0,21.0,21.0,22.0,22.0,22.0,22.0,23.0,23.0,23.0,24.0,24.0,24.0,24.0,25.0,25.0,25.0,26.0,26.0,26.0,27.0,27.0,27.0,28.0,28.0,29.0,29.0,30.0,30.0,31.0,32.0,33.0,33.01999999999998,35.0,44.0,0.0,1000.5960784554482,1000.6941176652908,1000.7843137383461,1000.8784313797951,2000.8431372642517,3000.32549020648,3000.529411792755,3000.65098041296,3000.7647058963776,3001.0,148.16228790283202,155.91769409179688,160.8884246826172,164.7369384765625,168.10391235351562,171.40423583984375,174.89407348632812,179.55152893066406,191.22572784423832,346.338134765625,221.46405,0.0,test_data/Useful/Validation/1 inch at 1ft/20241103_113851_041.jpg,361.0,209.0,31.837186506721846
0,0.0,0.0,0.0,0.0,0.0,0.0,1.0,2.0,3.0,4.0,5.0,5.0,6.0,7.0,7.0,8.0,8.0,9.0,9.0,10.0,10.0,11.0,11.0,11.0,12.0,12.0,12.0,13.0,13.0,13.0,14.0,14.0,14.0,15.0,15.0,15.0,15.629999999999995,16.0,16.0,16.0,16.0,17.0,17.0,17.0,18.0,18.0,18.0,18.0,18.50999999999999,19.0,19.0,19.0,19.0,20.0,20.0,20.0,20.0,21.0,21.0,21.0,21.0,22.0,22.0,22.0,22.0,23.0,23.0,23.0,23.0,24.0,24.0,24.0,24.0,25.0,25.0,25.0,25.0,26.0,26.0,26.0,26.0,27.0,27.0,27.0,28.0,28.0,29.0,29.0,29.0,30.0,30.0,31.0,31.0,32.0,32.0,33.0,34.0,35.0,36.0,40.0,0.0,1000.4980392158031,1000.6431372761726,1000.7882353067398,2000.2549019753933,2000.8901960849762,3000.258823543787,3000.4823529422283,3000.623529434204,3000.7647058963776,3001.0,148.76881256103516,156.34136962890625,161.2076400756836,165.08982543945314,168.5026397705078,171.7944366455078,175.33767700195312,179.97321166992188,191.8610534667969,346.2054138183594,222.64758,0.0,test_data/Useful/Validation/1 inch at 2ft/20241103_113031_001.jpg,414.0,219.0,61.338997133610135
1,0.0,0.0,0.0,0.0,0.0,1.0,2.0,3.0,4.0,4.0,5.0,6.0,6.0,7.0,8.0,8.0,9.0,9.0,10.0,10.0,11.0,11.0,11.0,12.0,12.0,12.0,13.0,13.0,13.0,14.0,14.0,14.0,15.0,15.0,15.0,15.0,16.0,16.0,16.0,17.0,17.0,17.0,17.0,17.0,18.0,18.0,18.0,18.0,19.0,19.0,19.0,20.0,20.0,20.0,20.0,20.0,21.0,21.0,21.0,21.0,22.0,22.0,22.0,22.0,22.0,23.0,23.0,23.0,23.0,24.0,24.0,24.0,25.0,25.0,25.0,25.0,26.0,26.0,26.0,26.0,27.0,27.0,27.0,28.0,28.0,28.0,29.0,29.0,29.0,30.0,30.0,31.0,31.0,31.0,32.0,33.0,33.0,34.0,36.0,40.0,0.0,1000.4980392158031,1000.6431372761726,1000.7843137383461,2000.1960784345865,2000.8823529481888,3000.2509804069996,3000.4784313738346,3000.6196078658104,3000.7647058963776,3001.0,148.79962158203125,156.30826110839843,161.2156997680664,165.04022216796875,168.41001892089844,171.67758178710938,175.25938415527344,179.9627685546875,191.8917236328125,346.21142578125,222.5398,0.0,test_data/Useful/Validation/1 inch at 2ft/20241103_113031_002.jpg,384.0,218.0,65.00736015302392
2,0.0,0.0,0.0,0.0,0.0,0.0,1.0,2.0,3.0,4.0,4.889999999999986,5.0,6.0,6.0,8.0,8.0,9.0,9.0,10.0,10.0,10.0,11.0,11.0,11.0,12.0,12.0,12.0,13.0,13.0,13.0,13.0,14.0,14.0,14.0,15.0,15.0,15.0,16.0,16.0,16.0,17.0,17.0,17.0,17.0,17.0,18.0,18.0,18.0,19.0,19.0,19.0,19.0,20.0,20.0,20.0,20.0,21.0,21.0,21.0,21.0,22.0,22.0,22.0,22.0,23.0,23.0,23.0,23.0,24.0,24.0,24.0,24.0,24.0,25.0,25.0,25.0,25.0,26.0,26.0,26.0,26.0,27.0,27.0,27.0,28.0,28.0,28.0,29.0,29.0,30.0,30.0,31.0,31.0,32.0,32.0,33.0,34.0,35.0,36.0,42.0,0.0,1000.5019608139992,1000.6470588445663,1000.7921568751335,2000.2823529541492,2000.905882358551,3000.274509817362,3000.4901960790157,3000.6313725709915,3000.7686274647713,3001.0,148.68992614746094,156.352392578125,161.2440155029297,165.09720153808593,168.48431396484375,171.75889587402344,175.28677368164062,179.882568359375,191.90493927001953,346.20989990234375,222.37619,0.0,test_data/Useful/Validation/1 inch at 2ft/20241103_113031_003.jpg,373.0,212.0,59.20716011452867
3,0.0,0.0,0.0,0.0,0.0,1.0,2.0,3.0,4.0,4.0,5.0,6.0,6.0,7.0,7.0,8.0,9.0,9.0,10.0,10.0,10.0,11.0,11.0,12.0,12.0,12.0,12.0,13.0,13.0,13.0,14.0,14.0,14.0,14.0,15.0,15.0,15.0,16.0,16.0,16.0,16.0,17.0,17.0,17.0,17.0,18.0,18.0,18.0,18.0,19.0,19.0,19.0,20.0,20.0,20.0,20.0,21.0,21.0,21.0,21.0,21.0,22.0,22.0,22.0,23.0,23.0,23.0,23.0,24.0,24.0,24.0,24.0,25.0,25.0,25.0,25.0,25.0,26.0,26.0,26.0,27.0,27.0,27.0,28.0,28.0,28.0,29.0,29.0,29.0,30.0,30.0,31.0,31.0,32.0,32.0,33.0,34.0,35.0,36.0,41.0,0.0,1000.5019608139992,1000.6470588445663,1000.7882353067398,2000.2352941185236,2000.8980392217636,3000.2666666805744,3000.486274510622,3000.627451002598,3000.7686274647713,3001.0,148.8185272216797,156.46372680664064,161.29627685546876,165.10694885253906,168.50033569335938,171.76956176757812,175.34609985351562,179.94363403320312,191.6348419189453,346.2099914550781,222.63068,0.0,test_data/Useful/Validation/1 inch at 2ft/20241103_113031_004.jpg,385.0,222.0,57.09649521187866
4,0.0,0.0,0.0,0.0,0.0,1.0,2.0,3.0,3.0,4.0,5.0,6.0,6.0,7.0,7.0,8.0,8.0,9.0,9.0,10.0,10.0,10.0,11.0,11.0,11.0,12.0,12.0,12.720000000000027,13.0,13.0,13.68999999999994,14.0,14.0,14.0,14.0,15.0,15.0,15.0,16.0,16.0,16.0,16.0,17.0,17.0,17.0,17.0,18.0,18.0,18.0,18.0,19.0,19.0,19.0,19.0,20.0,20.0,20.0,20.0,20.0,21.0,21.0,21.0,22.0,22.0,22.0,23.0,23.0,23.0,23.0,24.0,24.0,24.0,24.269999999999982,25.0,25.0,25.0,26.0,26.0,26.0,26.0,27.0,27.0,27.0,27.0,28.0,28.0,28.0,29.0,29.0,30.0,30.0,30.0,31.0,31.0,32.0,33.0,34.0,35.0,36.0,42.0,0.0,1000.517647087574,1000.6627451181412,1000.8156862854958,2000.5960784554482,2001.0,3000.3215686380863,3000.517647087574,3000.6431372761726,3000.7764706015587,3001.0,148.43624877929688,155.98867797851562,160.90435791015625,164.7406005859375,168.08396911621094,171.38511657714844,174.92926025390625,179.62120361328124,191.5707550048828,346.21875,222.57727,0.0,test_data/Useful/Validation/1 inch at 2ft/20241103_113031_011.jpg,389.0,216.0,60.17756527589157
5,0.0,0.0,0.0,0.0,0.0,0.0,1.0,2.0,3.0,4.0,4.0,5.0,6.0,6.860000000000014,7.0,8.0,8.0,9.0,9.0,10.0,10.0,11.0,11.0,11.0,12.0,12.0,12.0,13.0,13.0,13.0,14.0,14.0,14.0,14.0,15.0,15.0,15.0,16.0,16.0,16.0,16.0,16.0,17.0,17.0,17.0,17.0,18.0,18.0,18.0,19.0,19.0,19.0,19.0,20.0,20.0,20.0,20.0,21.0,21.0,21.0,21.0,21.37999999999988,22.0,22.0,22.0,23.0,23.0,23.0,23.0,24.0,24.0,24.0,24.0,25.0,25.0,25.0,25.0,26.0,26.0,26.0,27.0,27.0,27.0,27.0,28.0,28.0,28.0,29.0,29.0,30.0,30.0,30.0,31.0,31.0,32.0,33.0,34.0,35.0,36.0,41.0,0.0,1000.517647087574,1000.6666666865349,1000.8235294222832,2000.6156862974167,3000.0274509806186,3000.3294117748737,3000.517647087574,3000.6431372761726,3000.7764706015587,3001.0,148.3509979248047,156.08877563476562,160.91859436035156,164.68479614257814,168.1123046875,171.4595947265625,175.0233154296875,179.68331909179688,191.74705505371094,346.2184143066406,222.6323,0.0,test_data/Useful/Validation/1 inch at 2ft/20241103_113031_012.jpg,385.0,195.0,64.5438599675427
6,0.0,0.0,0.0,0.0,0.0,1.0,2.0,3.0,3.0,4.0,5.0,6.0,7.0,7.0,8.0,8.0,9.0,10.0,10.0,10.0,11.0,11.0,11.0,12.0,12.0,12.0,13.0,13.0,13.0,13.0,14.0,14.0,14.0,15.0,15.0,15.0,16.0,16.0,16.0,16.0,17.0,17.0,17.0,17.0,18.0,18.0,18.0,18.0,18.0,19.0,19.0,19.0,19.0,20.0,20.0,20.0,20.0,21.0,21.0,21.0,21.0,21.0,22.0,22.0,22.0,22.0,23.0,23.0,23.0,23.0,24.0,24.0,24.0,24.0,25.0,25.0,25.0,25.0,26.0,26.0,26.0,26.0,27.0,27.0,27.0,28.0,28.0,28.0,29.0,29.0,30.0,30.0,31.0,31.0,32.0,33.0,34.0,35.0,36.0,42.0,0.0,1000.5254902243614,1000.6705882549286,1000.8274509906769,2000.6470588445663,3000.0666666701436,3000.341176480055,3000.5254902243614,3000.6470588445663,3000.7764706015587,3001.0,148.02418518066406,155.6978759765625,160.55630493164062,164.44466857910157,167.8599853515625,171.09312438964844,174.68206787109375,179.3661651611328,191.6475830078125,346.219970703125,222.57959,0.0,test_data/Useful/Validation/1 inch at 2ft/20241103_113031_013.jpg,363.0,209.0,61.01061133184195
7,0.0,0.0,0.0,0.0,0.0,0.0,1.0,2.0,3.0,3.0,4.0,5.0,5.0,6.0,6.0,7.0,8.0,8.0,9.0,10.0,10.0,10.0,11.0,11.0,11.0,12.0,12.0,12.0,13.0,13.0,13.0,13.0,14.0,14.0,14.0,14.0,15.0,15.0,15.0,16.0,16.0,16.0,16.0,17.0,17.0,17.0,17.0,18.0,18.0,18.0,18.0,19.0,19.0,19.0,19.0,20.0,20.0,20.0,20.409999999999854,21.0,21.0,21.0,22.0,22.0,22.0,22.0,23.0,23.0,23.0,23.0,24.0,24.0,24.0,24.0,25.0,25.0,25.0,25.0,25.0,26.0,26.0,26.0,26.0,27.0,27.0,27.0,28.0,28.0,28.0,29.0,29.0,30.0,30.0,31.0,31.0,32.0,33.0,34.0,36.0,43.0,0.0,1000.5254902243614,1000.6705882549286,1000.8235294222832,2000.6627451181412,3000.0823529437184,3000.3490196168423,3000.529411792755,3000.65098041296,3000.7803921699524,3001.0,147.7046646118164,155.36378173828126,160.22621154785156,164.15461120605468,167.59385681152344,170.8968963623047,174.46881103515625,179.2111358642578,191.642578125,346.2225341796875,222.74573,0.0,test_data/Useful/Validation/1 inch at 2ft/20241103_113031_014.jpg,376.0,203.0,59.09289389409666
8,0.0,0.0,0.0,0.0,0.0,0.0,1.0,1.0,2.0,3.0,4.0,4.0,5.0,6.0,6.0,7.0,7.0,8.0,9.0,9.0,10.0,10.0,10.0,11.0,11.0,11.0,12.0,12.0,12.0,13.0,13.0,13.0,13.670000000000073,14.0,14.0,14.0,15.0,15.0,15.0,15.0,15.589999999999918,16.0,16.0,16.0,16.0,17.0,17.0,17.0,17.0,18.0,18.0,18.0,18.0,19.0,19.0,19.0,19.0,20.0,20.0,20.0,20.0,21.0,21.0,21.0,21.0,22.0,22.0,22.0,22.0,23.0,23.0,23.0,24.0,24.0,24.0,24.0,24.0,25.0,25.0,25.0,26.0,26.0,26.0,27.0,27.0,27.0,28.0,28.0,28.0,29.0,29.0,30.0,30.0,30.059999999999945,31.0,32.0,32.0,33.0,34.00999999999976,40.0,0.0,1000.5411764979362,1000.6862745285034,1000.8470588326454,2000.7529411911964,3000.1215686276555,3000.376470595598,3000.54509806633,3000.6549019813538,3000.7764706015587,3001.0,147.0306884765625,154.643017578125,159.55861053466796,163.34725341796874,166.80015563964844,170.120654296875,173.7152130126953,178.57885131835937,191.1968566894531,346.2389831542969,222.56812,0.0,test_data/Useful/Validation/1 inch at 2ft/20241103_113031_021.jpg,377.0,207.0,57.48407458927312
9,0.0,0.0,0.0,0.0,0.0,0.0,0.0,1.0,2.0,3.0,4.0,5.0,6.0,6.0,7.0,8.0,8.0,9.0,9.0,10.0,10.0,10.0,11.0,11.0,11.0,12.0,12.0,12.0,12.0,13.0,13.0,13.0,13.0,14.0,14.0,14.0,15.0,15.0,15.0,15.0,16.0,16.0,16.0,16.0,17.0,17.0,17.0,17.0,17.0,18.0,18.0,18.0,18.0,19.0,19.0,19.0,19.0,20.0,20.0,20.0,20.0,21.0,21.0,21.0,21.0,21.0,22.0,22.0,22.0,23.0,23.0,23.0,23.0,23.0,24.0,24.0,24.0,24.0,25.0,25.0,25.0,26.0,26.0,26.0,27.0,27.0,27.0,28.0,28.0,29.0,29.0,29.0,30.0,31.0,31.0,32.0,33.0,34.0,35.0,40.0,0.0,1000.54509806633,1000.6941176652908,1000.8588235378265,2000.7764706015587,3000.137254908681,3000.392156869173,3000.5490196347237,3000.6588235497475,3000.7803921699524,3001.0,146.96787872314454,154.5525695800781,159.44505310058594,163.2692108154297,166.67550659179688,169.97027587890625,173.53656005859375,178.25819396972656,191.16177368164062,346.244140625,222.75403,0.0,test_data/Useful/Validation/1 inch at 2ft/20241103_113031_022.jpg,388.0,227.0,58.44680624690699
10,0.0,0.0,0.0,0.0,0.0,0.0,1.0,1.920000000000016,3.0,4.0,4.889999999999986,5.0,6.0,6.0,7.0,7.840000000000032,8.0,9.0,9.0,10.0,10.0,10.0,11.0,11.0,11.0,12.0,12.0,12.0,12.0,13.0,13.0,13.0,13.0,14.0,14.0,14.0,15.0,15.0,15.0,15.0,16.0,16.0,16.0,16.0,16.0,17.0,17.0,17.0,17.0,18.0,18.0,18.0,18.0,19.0,19.0,19.0,19.0,20.0,20.0,20.0,20.0,20.0,21.0,21.0,21.0,21.0,22.0,22.0,22.0,22.0,22.0,23.0,23.0,23.0,24.0,24.0,24.0,24.0,25.0,25.0,25.0,26.0,26.0,26.0,27.0,27.0,27.0,28.0,28.0,29.0,29.0,29.079999999999927,30.0,30.0,31.0,32.0,32.029999999999745,33.0,35.0,39.0,0.0,1000.54509806633,1000.6901960968971,1000.8549019694328,2000.7607843279839,3000.1215686276555,3000.380392163992,3000.54509806633,3000.6549019813538,3000.7764706015587,3001.0,147.0426239013672,154.71334838867188,159.63067321777345,163.50120239257814,166.86176300048828,170.1427734375,173.72791442871093,178.49526672363282,190.99806213378906,346.2452392578125,222.81226,0.0,test_data/Useful/Validation/1 inch at 2ft/20241103_113031_023.jpg,395.0,238.0,60.76052359139124
11,0.0,0.0,0.0,0.0,0.0,0.0,1.0,2.0,3.0,3.0,4.0,5.0,5.0,6.0,6.0,7.0,7.0,8.0,8.0,9.0,9.0,10.0,10.0,10.0,11.0,11.0,11.0,12.0,12.0,12.0,12.0,13.0,13.0,13.0,13.0,14.0,14.0,14.0,14.0,15.0,15.0,15.0,15.569999999999936,16.0,16.0,16.0,17.0,17.0,17.0,17.0,18.0,18.0,18.0,18.0,19.0,19.0,19.0,19.0,20.0,20.0,20.0,20.0,21.0,21.0,21.0,21.0,21.330000000000155,22.0,22.0,22.0,23.0,23.0,23.0,23.25999999999999,24.0,24.0,24.0,25.0,25.0,25.0,26.0,26.0,26.0,27.0,27.0,27.0,27.0,28.0,28.0,29.0,29.0,29.0,30.0,30.0,31.0,32.0,32.0,33.0,35.0,40.0,0.0,1000.54509806633,1000.6901960968971,1000.8549019694328,2000.7647058963776,3000.1294117718935,3000.3882353007793,3000.5490196347237,3000.6588235497475,3000.7803921699524,3001.0,146.90370025634766,154.48835144042968,159.4333511352539,163.28543090820312,166.67642974853516,169.9957489013672,173.63299407958985,178.4462890625,191.1478271484375,346.24725341796875,222.74835,0.0,test_data/Useful/Validation/1 inch at 2ft/20241103_113031_024.jpg,347.0,194.0,52.54588804188361
12,0.0,0.0,0.0,0.0,0.0,0.0,0.0,1.0,1.0,2.0,3.0,3.0,4.0,5.0,5.0,6.0,6.0,7.0,7.0,8.0,8.0,9.0,9.0,10.0,10.0,11.0,11.0,11.0,11.0,12.0,12.0,12.0,13.0,13.0,13.0,14.0,14.0,14.0,14.0,15.0,15.0,15.0,16.0,16.0,16.0,16.0,16.0,17.0,17.0,17.0,17.0,18.0,18.0,18.0,18.0,19.0,19.0,19.0,19.0,20.0,20.0,20.0,20.0,21.0,21.0,21.0,21.0,21.0,22.0,22.0,22.0,22.0,23.0,23.0,23.0,23.0,24.0,24.0,24.0,25.0,25.0,25.0,25.0,26.0,26.0,26.0,27.0,27.0,28.0,28.0,28.0,29.0,29.0,30.0,30.0,31.0,32.0,33.0,34.0,39.0,0.0,1000.5686274766922,1000.7098039388657,1000.8627451062202,2000.7803921699524,3000.137254908681,3000.4000000059605,3000.556862771511,3000.6588235497475,3000.7764706015587,3001.0,145.22974548339843,152.96914672851562,157.85541076660155,161.6892883300781,165.14888763427734,168.4724609375,172.22874755859374,177.36021423339844,191.00979614257812,346.29833984375,222.75665,0.0,test_data/Useful/Validation/1 inch at 2ft/20241103_113031_031.jpg,399.0,230.0,58.04574039568613
13,0.0,0.0,0.0,0.0,0.0,0.0,0.0,0.0,0.0,1.0,2.0,3.0,3.0,4.0,5.0,5.0,6.0,7.0,7.0,8.0,8.0,9.0,9.0,10.0,10.0,10.0,11.0,11.0,11.0,11.0,12.0,12.0,12.0,13.0,13.0,13.0,14.0,14.0,14.0,14.0,15.0,15.0,15.0,15.0,16.0,16.0,16.0,16.0,17.0,17.0,17.0,17.0,18.0,18.0,18.0,18.0,19.0,19.0,19.0,19.0,20.0,20.0,20.0,21.0,21.0,21.0,21.0,22.0,22.0,22.0,23.0,23.0,23.0,23.0,23.0,24.0,24.0,24.0,25.0,25.0,25.0,25.0,26.0,26.0,26.0,27.0,27.0,27.0,28.0,28.0,29.0,29.0,29.0,30.0,30.0,31.0,32.0,33.0,34.0,39.0,0.0,1000.5686274766922,1000.705882370472,1000.8588235378265,2000.7568627595901,3000.113725490868,3000.3882353007793,3000.5529412031174,3000.6588235497475,3000.7803921699524,3001.0,146.11814880371094,153.84087524414062,158.77455291748046,162.63872375488282,166.03372192382812,169.42770385742188,173.06246948242188,177.9242370605469,191.02438354492188,346.30438232421875,222.77429,0.0,test_data/Useful/Validation/1 inch at 2ft/20241103_113031_032.jpg,408.0,231.0,54.67359254397131
14,0.0,0.0,0.0,0.0,0.0,0.0,0.0,1.0,2.0,3.0,3.0,4.0,4.0,5.0,6.0,6.0,7.0,7.0,8.0,8.0,9.0,9.0,10.0,10.0,10.0,11.0,11.0,11.0,12.0,12.0,12.0,12.0,13.0,13.0,13.0,13.0,14.0,14.0,14.0,15.0,15.0,15.0,15.0,15.0,16.0,16.0,16.0,16.0,17.0,17.0,17.0,17.0,18.0,18.0,18.0,18.440000000000055,19.0,19.0,19.0,19.0,20.0,20.0,20.0,20.0,21.0,21.0,21.0,21.0,22.0,22.0,22.0,22.0,23.0,23.0,23.0,23.0,24.0,24.0,24.0,25.0,25.0,25.0,25.0,26.0,26.0,27.0,27.0,27.0,28.0,28.0,29.0,29.0,29.0,30.0,31.0,31.0,32.0,33.0,34.00999999999976,38.0,0.0,1000.5764706134796,1000.7176470756531,1000.8705882430077,2000.7803921699524,3000.133333340287,3000.4000000059605,3000.560784339905,3000.662745118141,3000.784313738346,3001.0,146.48599700927736,154.00960693359374,158.93211364746094,162.7817138671875,166.26438903808594,169.59447631835937,173.21133880615236,178.08396606445314,191.2858428955078,346.3122253417969,222.94086,0.0,test_data/Useful/Validation/1 inch at 2ft/20241103_113031_033.jpg,406.0,219.0,60.70285748106414
15,0.0,0.0,0.0,0.0,0.0,0.0,0.0,1.0,1.0,2.0,3.0,4.0,4.0,5.0,6.0,6.0,7.0,8.0,8.0,8.0,9.0,9.0,10.0,10.0,11.0,11.0,11.0,12.0,12.0,12.0,12.68999999999994,13.0,13.0,13.0,14.0,14.0,14.0,14.0,15.0,15.0,15.0,15.0,16.0,16.0,16.0,16.0,17.0,17.0,17.0,17.0,18.0,18.0,18.0,18.0,19.0,19.0,19.0,19.0,20.0,20.0,20.0,20.0,21.0,21.0,21.0,21.0,22.0,22.0,22.0,22.0,23.0,23.0,23.0,24.0,24.0,24.0,24.0,25.0,25.0,25.0,26.0,26.0,26.0,26.0,27.0,27.0,27.0,28.0,28.0,29.0,29.0,29.0,30.0,30.0,31.0,32.0,33.0,34.0,35.0,41.0,0.0,1000.5882353186607,1000.7294117808342,1000.8980392217636,2000.8078431487083,3000.1450980454683,3000.4117647111416,3000.5647059082985,3000.666666686535,3000.78823530674,3001.0,146.58583068847656,154.32774353027344,159.19985656738282,163.03189086914062,166.49539184570312,169.83900451660156,173.42205810546875,178.26910400390625,191.44403076171875,346.3387451171875,222.96799,0.0,test_data/Useful/Validation/1 inch at 2ft/20241103_113031_034.jpg,399.0,212.0,63.718199576593655
16,0.0,0.0,0.0,0.0,0.0,0.0,1.0,2.0,3.0,4.0,4.0,5.0,6.0,6.0,7.0,7.0,8.0,9.0,9.0,9.0,10.0,10.0,11.0,11.0,11.0,11.0,12.0,12.0,12.0,13.0,13.0,13.0,14.0,14.0,14.0,14.0,15.0,15.0,15.0,16.0,16.0,16.0,16.0,17.0,17.0,17.0,17.0,18.0,18.0,18.0,18.0,19.0,19.0,19.0,19.0,20.0,20.0,20.0,20.0,21.0,21.0,21.0,21.0,22.0,22.0,22.0,22.0,23.0,23.0,23.0,23.0,24.0,24.0,24.0,24.0,24.0,25.0,25.0,25.0,25.200000000000045,26.0,26.0,26.0,27.0,27.0,27.0,28.0,28.0,28.0,29.0,29.0,30.0,30.0,31.0,32.0,32.0,33.0,34.0,35.0,40.0,0.0,1000.6274510025978,1000.7686274647713,1000.9372549057007,2000.866666674614,3000.2666666805744,3000.4901960790157,3000.6078431606293,3000.694117665291,3000.8039215803146,3001.0,144.72794189453126,152.43519287109376,157.40237426757812,161.32528686523438,164.79371643066406,168.25148010253906,172.11590576171875,177.41744995117188,191.64398193359375,346.4237976074219,223.32022,0.0,test_data/Useful/Validation/1 inch at 2ft/20241103_113031_045.jpg,385.0,214.0,58.04899717516326
17,0.0,0.0,0.0,0.0,0.0,0.0,1.0,2.0,3.0,4.0,4.0,5.0,6.0,6.0,7.0,7.0,8.0,8.0,9.0,9.0,10.0,10.0,10.0,11.0,11.0,11.0,12.0,12.0,12.0,13.0,13.0,13.0,13.670000000000073,14.0,14.0,14.0,15.0,15.0,15.0,15.0,16.0,16.0,16.0,16.559999999999945,17.0,17.0,17.0,18.0,18.0,18.0,18.0,19.0,19.0,19.0,19.0,19.0,20.0,20.0,20.0,21.0,21.0,21.0,21.0,21.0,22.0,22.0,22.0,22.0,23.0,23.0,23.0,24.0,24.0,24.0,24.0,25.0,25.0,25.0,25.0,25.0,26.0,26.0,26.170000000000073,27.0,27.0,27.0,28.0,28.0,28.0,29.0,29.0,29.0,30.0,31.0,31.0,32.0,32.029999999999745,34.0,35.0,46.0,0.0,1000.6274510025978,1000.772549033165,1000.9411764740944,2000.8745098114014,3000.2784313857555,3000.498039215803,3000.611764729023,3000.6980392336845,3000.8078431487083,3001.0,144.3450469970703,152.13392639160156,157.05492401123047,161.04127197265626,164.5684051513672,168.07777404785156,171.84861755371094,177.23959350585938,191.7080535888672,346.42822265625,223.56497,0.0,test_data/Useful/Validation/1 inch at 2ft/20241103_113031_046.jpg,413.0,236.0,59.20135522224664
18,0.0,0.0,0.0,0.0,0.0,0.0,1.0,2.0,3.0,4.0,5.0,5.0,6.0,7.0,7.0,8.0,8.0,9.0,9.0,9.0,10.0,10.0,10.769999999999982,11.0,11.0,11.0,12.0,12.0,12.0,13.0,13.0,13.0,14.0,14.0,14.0,15.0,15.0,15.0,15.0,16.0,16.0,16.0,16.0,17.0,17.0,17.0,17.0,18.0,18.0,18.0,18.0,19.0,19.0,19.0,19.0,19.0,20.0,20.0,20.0,20.0,20.0,21.0,21.0,21.0,22.0,22.0,22.0,23.0,23.0,23.0,23.0,24.0,24.0,24.0,24.0,24.0,25.0,25.0,25.0,26.0,26.0,26.0,27.0,27.0,27.0,28.0,28.0,28.0,29.0,29.0,30.0,30.0,31.0,31.059999999999945,32.0,33.0,33.0,34.0,35.00999999999976,41.0,0.0,1000.6313725709915,1000.7764706015587,1000.9568627476692,2000.8705882430077,3000.2627451121807,3000.4901960790157,3000.6078431606293,3000.6980392336845,3000.8078431487083,3001.0,145.5560760498047,153.2512969970703,158.23202514648438,162.10296630859375,165.6011962890625,169.06079711914063,172.8308349609375,177.92860412597656,191.7664794921875,346.43218994140625,223.17198,0.0,test_data/Useful/Validation/1 inch at 2ft/20241103_113031_047.jpg,386.0,209.0,58.38384068759565
19,0.0,0.0,0.0,0.0,0.0,0.0,1.0,1.0,2.0,3.0,4.0,5.0,5.0,6.0,6.0,7.0,8.0,8.0,9.0,9.0,10.0,10.0,10.0,11.0,11.0,11.0,12.0,12.0,12.0,13.0,13.0,13.0,13.0,14.0,14.0,14.0,15.0,15.0,15.0,16.0,16.0,16.0,16.0,17.0,17.0,17.0,17.0,18.0,18.0,18.0,18.0,18.0,19.0,19.0,19.0,19.0,19.0,20.0,20.0,20.0,20.0,21.0,21.0,21.0,21.0,22.0,22.0,22.0,22.0,23.0,23.0,23.0,23.269999999999982,24.0,24.0,24.0,25.0,25.0,25.0,26.0,26.0,26.0,26.0,27.0,27.0,27.0,27.13000000000011,28.0,28.0,29.0,29.0,29.0,30.0,30.0,31.0,32.0,33.0,34.0,35.0,39.0,0.0,1000.6352941393852,1000.7843137383461,1000.9803921580315,2000.8823529481888,3000.2784313857555,3000.498039215803,3000.611764729023,3000.6980392336845,3000.8078431487083,3001.0,145.78085021972657,153.45803833007812,158.46242065429686,162.36237487792968,165.76599884033203,169.16165161132812,172.89312744140625,177.98877868652346,191.62452697753906,346.43798828125,223.26443,0.0,test_data/Useful/Validation/1 inch at 2ft/20241103_113031_048.jpg,410.0,215.0,61.26222158508263
20,0.0,0.0,0.0,0.0,0.0,0.0,0.0,1.0,2.0,3.0,3.0,4.0,5.0,5.0,6.0,7.0,7.0,8.0,8.0,9.0,9.0,10.0,10.0,10.0,11.0,11.0,12.0,12.0,12.0,12.0,13.0,13.0,13.0,13.0,14.0,14.0,14.0,15.0,15.0,15.0,15.0,16.0,16.0,16.0,17.0,17.0,17.0,17.0,18.0,18.0,18.0,18.0,19.0,19.0,19.0,19.0,20.0,20.0,20.0,20.0,21.0,21.0,21.0,21.0,22.0,22.0,22.0,22.0,23.0,23.0,23.0,23.0,24.0,24.0,24.0,24.0,25.0,25.0,25.0,25.0,26.0,26.0,26.0,27.0,27.0,27.0,27.0,28.0,28.0,29.0,29.0,29.0,30.0,31.0,31.0,32.0,32.0,34.0,35.0,42.0,0.0,1000.6352941393852,1000.7803921699524,1000.9490196108818,2000.8705882430077,3000.258823543787,3000.486274510622,3000.6078431606293,3000.6980392336845,3000.8078431487083,3001.0,146.1452178955078,153.76348876953125,158.6283721923828,162.48211669921875,166.01425170898438,169.36883544921875,173.08432006835938,178.25316162109377,191.86431884765625,346.4404602050781,223.28348,0.0,test_data/Useful/Validation/1 inch at 2ft/20241103_113031_049.jpg,397.0,208.0,59.714141022177024
21,0.0,0.0,0.0,0.0,0.0,0.0,1.0,2.0,3.0,3.0,4.0,5.0,5.0,6.0,7.0,7.0,8.0,8.0,9.0,10.0,10.0,10.0,10.0,11.0,11.0,12.0,12.0,12.0,12.0,13.0,13.0,13.0,14.0,14.0,14.0,14.0,15.0,15.0,15.0,15.0,15.0,16.0,16.0,16.0,17.0,17.0,17.0,17.0,18.0,18.0,18.0,18.0,19.0,19.0,19.0,20.0,20.0,20.0,20.0,20.0,21.0,21.0,21.0,21.0,22.0,22.0,22.0,22.0,23.0,23.0,23.0,23.0,24.0,24.0,24.0,24.0,25.0,25.0,25.0,25.0,26.0,26.0,26.0,27.0,27.0,27.0,28.0,28.0,29.0,29.0,29.0,30.0,30.0,31.0,31.049999999999727,32.0,33.0,35.0,36.0,41.0,0.0,1000.6392157077789,1000.7921568751335,1000.9882352948189,2000.878431379795,3000.2666666805744,3000.4901960790157,3000.6078431606293,3000.6980392336845,3000.811764717102,3001.0,146.44205322265626,154.11669921875,159.0071258544922,162.8983154296875,166.31842041015625,169.63482666015625,173.3395797729492,178.38418579101562,191.82350158691406,346.44915771484375,223.1503,0.0,test_data/Useful/Validation/1 inch at 2ft/20241103_113031_050.jpg,393.0,229.0,57.69037170558619
22,0.0,0.0,0.0,0.0,0.0,0.0,1.0,2.0,3.0,4.0,4.0,5.0,5.0,6.0,7.0,7.0,8.0,8.0,9.0,9.0,10.0,10.0,10.0,11.0,11.0,11.0,11.730000000000018,12.0,12.0,12.0,13.0,13.0,13.0,14.0,14.0,14.0,14.0,15.0,15.0,15.0,15.0,16.0,16.0,16.0,16.0,17.0,17.0,17.0,17.0,18.0,18.0,18.0,18.0,19.0,19.0,19.0,20.0,20.0,20.0,20.0,21.0,21.0,21.0,21.0,21.0,22.0,22.0,22.0,22.0,23.0,23.0,23.0,24.0,24.0,24.0,24.0,25.0,25.0,25.0,26.0,26.0,26.0,27.0,27.0,27.0,28.0,28.0,29.0,29.0,29.0,30.0,30.0,30.0,31.0,32.0,32.0,33.0,34.01999999999998,36.0,41.0,0.0,1000.6156862974167,1000.7686274647713,1000.933333337307,2000.8588235378265,3000.243137255311,3000.4549019634724,3000.5803921818733,3000.6745098233223,3000.784313738346,3001.0,147.2445068359375,154.77154541015625,159.75755310058594,163.5899658203125,167.0045166015625,170.3099365234375,173.85536193847656,178.58181762695312,191.59048461914062,346.3355712890625,222.54045,0.0,test_data/Useful/Validation/1 inch at 2ft/20241103_113031_055.jpg,379.0,203.0,59.44882639893508
23,0.0,0.0,0.0,0.0,0.0,0.0,1.0,2.0,2.0,3.0,4.0,5.0,5.0,6.0,6.0,7.0,7.0,8.0,9.0,9.0,10.0,10.0,10.0,11.0,11.0,11.0,11.0,12.0,12.0,12.0,12.0,13.0,13.0,13.0,13.0,14.0,14.0,14.0,15.0,15.0,15.0,15.0,16.0,16.0,16.0,16.0,17.0,17.0,17.0,17.0,18.0,18.0,18.0,19.0,19.0,19.0,19.0,20.0,20.0,20.0,20.0,20.0,21.0,21.0,21.0,22.0,22.0,22.0,22.0,23.0,23.0,23.0,23.0,24.0,24.0,24.0,24.0,25.0,25.0,25.0,25.0,26.0,26.0,26.0,27.0,27.0,27.0,28.0,28.0,29.0,29.0,30.0,30.0,31.0,31.0,32.0,33.0,34.0,36.0,42.0,0.0,1000.611764729023,1000.7568627595901,1000.9137254953384,2000.8352941274643,3000.2000000029802,3000.4235294163227,3000.5647059082985,3000.6588235497475,3000.772549033165,3001.0,147.63626098632812,155.2327880859375,160.10444030761718,163.91751098632812,167.35806274414062,170.67337036132812,174.22653198242188,178.9659576416016,191.71115112304688,346.30657958984375,222.81131,0.0,test_data/Useful/Validation/1 inch at 2ft/20241103_113031_056.jpg,400.0,217.0,60.530426839471964
24,0.0,0.0,0.0,0.0,0.0,0.0,0.0,1.0,3.0,4.0,4.0,5.0,6.0,6.0,7.0,7.0,8.0,9.0,9.0,9.0,10.0,10.0,10.0,11.0,11.0,11.0,12.0,12.0,12.0,13.0,13.0,13.0,13.0,14.0,14.0,14.0,14.0,15.0,15.0,15.0,15.0,16.0,16.0,16.0,17.0,17.0,17.0,17.0,17.0,18.0,18.0,18.0,18.0,19.0,19.0,19.0,19.0,20.0,20.0,20.0,20.389999999999873,21.0,21.0,21.0,21.0,22.0,22.0,22.0,22.0,22.0,23.0,23.0,23.0,23.0,24.0,24.0,24.0,25.0,25.0,25.0,26.0,26.0,26.0,26.0,27.0,27.0,28.0,28.0,28.0,29.0,29.0,29.0,30.0,30.0,31.0,31.0,32.0,33.0,34.0,41.0,0.0,1000.611764729023,1000.7529411911964,1000.905882358551,2000.839215695858,3000.215686276555,3000.4392156898975,3000.568627476692,3000.662745118141,3000.772549033165,3001.0,146.626171875,154.3132568359375,159.17301483154296,163.05765686035156,166.46107482910156,169.7364501953125,173.3992156982422,178.26284790039062,191.3841552734375,346.31671142578125,222.92834,0.0,test_data/Useful/Validation/1 inch at 2ft/20241103_113031_057.jpg,408.0,235.0,62.21116857151759
25,0.0,0.0,0.0,0.0,0.0,0.0,0.0,1.0,2.0,2.0,3.0,4.0,4.0,5.0,6.0,6.0,7.0,8.0,8.0,9.0,9.0,10.0,10.0,10.0,11.0,11.0,11.0,12.0,12.0,12.0,13.0,13.0,13.0,13.0,14.0,14.0,14.0,15.0,15.0,15.0,15.0,16.0,16.0,16.0,16.0,16.0,17.0,17.0,17.0,18.0,18.0,18.0,18.0,19.0,19.0,19.0,20.0,20.0,20.0,20.0,20.0,21.0,21.0,21.0,21.0,22.0,22.0,22.0,22.309999999999945,23.0,23.0,23.0,23.0,24.0,24.0,24.0,24.0,25.0,25.0,25.0,25.0,26.0,26.0,26.0,27.0,27.0,27.0,28.0,28.0,28.0,29.0,29.0,30.0,30.0,31.0,31.0,32.0,33.0,36.0,39.0,0.0,1000.6156862974167,1000.7568627595901,1000.9137254953384,2000.8431372642517,3000.2235294133425,3000.4392156898975,3000.568627476692,3000.662745118141,3000.772549033165,3001.0,146.7761489868164,154.50274047851562,159.43060150146485,163.28675842285156,166.70326232910156,170.0148162841797,173.622314453125,178.45037841796875,191.46424865722656,346.3097839355469,222.84683,0.0,test_data/Useful/Validation/1 inch at 2ft/20241103_113031_058.jpg,399.0,221.0,62.081587926646904
26,0.0,0.0,0.0,0.0,0.0,0.0,0.0,1.0,2.0,3.0,4.0,4.0,5.0,6.0,6.0,7.0,7.0,8.0,9.0,9.0,9.0,10.0,10.0,10.0,11.0,11.0,11.0,12.0,12.0,12.0,13.0,13.0,13.0,14.0,14.0,14.0,14.0,15.0,15.0,15.0,15.0,16.0,16.0,16.0,16.0,17.0,17.0,17.0,17.0,17.0,18.0,18.0,18.0,18.0,19.0,19.0,19.0,19.0,20.0,20.0,20.0,20.0,21.0,21.0,21.0,21.0,22.0,22.0,22.0,23.0,23.0,23.0,23.0,24.0,24.0,24.0,24.0,25.0,25.0,25.0,26.0,26.0,26.0,27.0,27.0,27.0,27.0,28.0,28.0,29.0,29.0,30.0,30.0,31.0,32.0,33.0,33.0,34.01999999999998,36.00999999999976,43.0,0.0,1000.611764729023,1000.7529411911964,1000.905882358551,2000.8352941274643,3000.1960784345865,3000.4235294163227,3000.560784339905,3000.6588235497475,3000.7686274647713,3001.0,147.08702697753907,154.71959838867187,159.66451110839844,163.51178894042968,166.97460174560547,170.27907104492186,173.88225250244142,178.77285766601562,191.6143035888672,346.3183288574219,222.82402,0.0,test_data/Useful/Validation/1 inch at 2ft/20241103_113031_059.jpg,400.0,228.0,57.553409009822985
27,0.0,0.0,0.0,0.0,0.0,0.0,0.0,1.0,2.0,2.0,3.0,4.0,5.0,6.0,6.0,7.0,8.0,8.0,9.0,10.0,10.0,10.0,10.0,11.0,11.0,11.0,12.0,12.0,12.0,13.0,13.0,13.0,13.0,14.0,14.0,14.0,14.0,15.0,15.0,15.0,15.0,16.0,16.0,16.0,16.0,17.0,17.0,17.0,17.0,17.0,18.0,18.0,18.0,18.0,19.0,19.0,19.0,20.0,20.0,20.0,20.0,21.0,21.0,21.0,21.350000000000136,22.0,22.0,22.0,23.0,23.0,23.0,23.0,24.0,24.0,24.0,24.0,25.0,25.0,25.0,25.0,25.0,26.0,26.0,26.0,27.0,27.0,27.0,28.0,28.0,29.0,29.0,29.0,30.0,30.059999999999945,31.0,32.0,33.0,34.0,35.0,40.0,0.0,1000.6156862974167,1000.7607843279839,1000.9176470637321,2000.8431372642517,3000.215686276555,3000.435294121504,3000.568627476692,3000.662745118141,3000.7686274647713,3001.0,146.8896942138672,154.5004638671875,159.39138946533203,163.22655029296874,166.6452178955078,169.94189453125,173.5278594970703,178.35260620117188,191.4523468017578,346.3184814453125,222.88925,0.0,test_data/Useful/Validation/1 inch at 2ft/20241103_113031_060.jpg,381.0,209.0,61.163041362593006
28,0.0,0.0,0.0,0.0,0.0,0.0,0.9300000000000068,1.0,2.0,3.0,3.0,4.0,4.0,5.0,5.0,6.0,7.0,7.0,8.0,8.0,9.0,9.0,9.0,10.0,10.0,10.0,11.0,11.0,11.0,12.0,12.0,12.0,12.0,13.0,13.0,13.0,14.0,14.0,14.0,14.0,15.0,15.0,15.0,15.0,16.0,16.0,16.0,17.0,17.0,17.0,17.0,18.0,18.0,18.0,18.0,18.0,19.0,19.0,19.0,20.0,20.0,20.0,20.0,21.0,21.0,21.0,21.0,22.0,22.0,22.0,22.0,23.0,23.0,23.0,23.0,24.0,24.0,24.0,24.0,25.0,25.0,25.0,26.0,26.0,26.0,26.0,27.0,27.0,28.0,28.0,28.0,29.0,29.0,30.0,31.0,31.0,32.0,33.0,34.0,40.0,0.0,1000.6235294342041,1000.7686274647713,1000.9372549057007,2000.8627451062202,3000.2470588237047,3000.4549019634724,3000.5764706134796,3000.666666686535,3000.772549033165,3001.0,145.79623413085938,153.54676208496093,158.4636016845703,162.34014892578125,165.8170928955078,169.21133422851562,172.93280029296875,177.94094848632812,191.18589782714844,346.3262634277344,222.5689,0.0,test_data/Useful/Validation/1 inch at 2ft/20241103_113031_065.jpg,435.0,228.0,60.319611017369596
29,0.0,0.0,0.0,0.0,0.0,0.0,0.0,0.0,1.0,1.0,2.0,2.0,3.0,4.0,4.0,5.0,5.0,6.0,7.0,7.0,8.0,8.0,8.0,9.0,9.0,10.0,10.0,10.0,11.0,11.0,11.0,11.0,12.0,12.0,12.0,13.0,13.0,13.0,13.0,14.0,14.0,14.0,15.0,15.0,15.0,15.0,16.0,16.0,16.0,17.0,17.0,17.0,17.0,17.0,18.0,18.0,18.0,19.0,19.0,19.0,19.0,20.0,20.0,20.0,20.0,21.0,21.0,21.0,21.0,22.0,22.0,22.0,22.0,23.0,23.0,23.0,24.0,24.0,24.0,24.0,25.0,25.0,25.0,26.0,26.0,26.0,27.0,27.0,27.0,28.0,28.0,29.0,29.0,30.0,30.0,31.0,32.0,33.0,34.0,39.0,0.0,1000.6274510025978,1000.772549033165,1000.9450980424881,2000.866666674614,3000.258823543787,3000.46274510026,3000.5803921818733,3000.6705882549286,3000.7764706015587,3001.0,146.13373107910155,153.65228271484375,158.44651794433594,162.3759765625,165.82992553710938,169.1295166015625,172.77780151367188,177.6668273925781,190.86558837890627,346.3184814453125,222.45409,0.0,test_data/Useful/Validation/1 inch at 2ft/20241103_113031_066.jpg,414.0,208.0,59.0562692296164
30,0.0,0.0,0.0,0.0,0.0,0.0,0.0,1.0,2.0,3.0,3.0,4.0,5.0,6.0,6.0,6.840000000000032,7.0,8.0,8.0,9.0,10.0,10.0,10.0,10.0,11.0,11.0,11.0,12.0,12.0,12.0,13.0,13.0,13.0,13.0,14.0,14.0,14.0,14.0,15.0,15.0,15.0,15.0,16.0,16.0,16.0,16.0,17.0,17.0,17.0,17.0,18.0,18.0,18.0,18.0,19.0,19.0,19.0,19.0,20.0,20.0,20.0,20.0,21.0,21.0,21.0,21.0,21.0,22.0,22.0,22.0,22.0,23.0,23.0,23.0,23.0,24.0,24.0,24.0,24.210000000000036,25.0,25.0,26.0,26.0,26.0,27.0,27.0,27.0,28.0,28.0,28.0,29.0,29.0,29.0,30.0,31.0,31.0,32.0,33.0,34.0,39.0,0.0,1000.6235294342041,1000.7686274647713,1000.9411764740944,2000.8705882430077,3000.258823543787,3000.458823531866,3000.5803921818733,3000.6705882549286,3000.7764706015587,3001.0,145.98372497558594,153.68426818847655,158.6353530883789,162.57442626953124,165.99581909179688,169.32103576660157,172.9415512084961,177.8814697265625,191.16354370117188,346.3316345214844,222.74657,0.0,test_data/Useful/Validation/1 inch at 2ft/20241103_113031_067.jpg,377.0,215.0,57.90086143400671
31,0.0,0.0,0.0,0.0,0.0,0.0,0.0,1.0,2.0,3.0,3.0,4.0,5.0,5.0,6.0,6.0,7.0,8.0,8.0,9.0,9.0,10.0,10.0,10.0,10.0,11.0,11.0,11.0,12.0,12.0,12.0,13.0,13.0,13.0,13.0,14.0,14.0,14.0,14.0,15.0,15.0,15.0,15.0,16.0,16.0,16.0,16.0,17.0,17.0,17.0,17.0,17.0,18.0,18.0,18.0,18.0,19.0,19.0,19.0,19.0,20.0,20.0,20.0,20.0,20.0,21.0,21.0,21.0,21.0,22.0,22.0,22.0,23.0,23.0,23.0,23.0,24.0,24.0,24.0,24.0,25.0,25.0,25.0,26.0,26.0,26.0,27.0,27.0,28.0,28.0,28.0,29.0,29.0,30.0,30.0,31.0,32.0,33.0,34.0,40.0,0.0,1000.6274510025978,1000.772549033165,1000.972549021244,2000.8627451062202,3000.243137255311,3000.4509803950787,3000.5764706134796,3000.666666686535,3000.772549033165,3001.0,146.02021179199218,153.72888793945313,158.55667877197266,162.39340209960938,165.8705291748047,169.24659729003906,172.895263671875,177.890869140625,191.10980224609375,346.32623291015625,222.66647,0.0,test_data/Useful/Validation/1 inch at 2ft/20241103_113031_068.jpg,379.0,196.0,60.1589648388344
32,0.0,0.0,0.0,0.0,0.0,0.0,0.0,1.0,2.0,2.0,3.0,4.0,5.0,5.0,6.0,7.0,7.0,8.0,8.0,9.0,10.0,10.0,10.0,10.0,11.0,11.0,12.0,12.0,12.0,12.0,13.0,13.0,13.0,13.0,13.0,14.0,14.0,14.0,14.0,15.0,15.0,15.0,15.0,16.0,16.0,16.0,16.0,16.0,17.0,17.0,17.0,17.0,17.0,18.0,18.0,18.0,18.0,19.0,19.0,19.0,19.0,20.0,20.0,20.0,20.0,21.0,21.0,21.0,21.0,22.0,22.0,22.0,22.269999999999982,23.0,23.0,23.0,24.0,24.0,24.0,24.0,25.0,25.0,25.0,25.0,26.0,26.0,27.0,27.0,27.0,28.0,28.0,29.0,29.0,30.0,30.0,31.0,32.0,33.0,34.0,41.0,0.0,1000.6313725709915,1000.772549033165,1000.9490196108818,2000.8627451062202,3000.2627451121807,3000.4666666686535,3000.584313750267,3000.6705882549286,3000.772549033165,3001.0,143.87250366210938,151.49837341308594,156.61975555419923,160.6002197265625,164.13567352294922,167.68573608398438,171.59043884277344,177.04371643066406,191.42242431640625,346.335205078125,223.0086,0.0,test_data/Useful/Validation/1 inch at 2ft/20241103_113031_069.jpg,393.0,213.0,62.80232353041779
33,0.0,0.0,0.0,0.0,0.0,0.0,1.0,2.0,2.9099999999999966,3.0,4.0,5.0,5.0,6.0,6.0,7.0,8.0,8.0,9.0,9.0,10.0,10.0,10.0,11.0,11.0,11.0,12.0,12.0,12.0,12.0,13.0,13.0,13.0,13.0,14.0,14.0,14.0,15.0,15.0,15.0,15.0,16.0,16.0,16.0,16.0,16.539999999999964,17.0,17.0,17.0,18.0,18.0,18.0,18.0,18.0,19.0,19.0,19.0,19.0,20.0,20.0,20.0,20.0,21.0,21.0,21.0,21.0,22.0,22.0,22.0,22.0,23.0,23.0,23.0,23.0,24.0,24.0,24.0,25.0,25.0,25.0,25.0,26.0,26.0,26.0,27.0,27.0,27.0,27.0,28.0,28.0,29.0,29.0,30.0,30.0,31.0,32.0,32.0,33.0,34.0,43.0,0.0,1000.6313725709915,1000.7764706015587,1000.9529411792755,2000.866666674614,3000.2627451121807,3000.46274510026,3000.5803921818733,3000.6705882549286,3000.772549033165,3001.0,145.07215881347656,152.8057403564453,157.6880340576172,161.65489196777344,165.12572479248047,168.50667724609374,172.27708587646484,177.47595825195313,191.19444274902344,346.3218688964844,222.9525,0.0,test_data/Useful/Validation/1 inch at 2ft/20241103_113031_070.jpg,360.0,213.0,64.37961640422611
34,0.0,0.0,0.0,0.0,0.0,0.0,0.0,1.0,2.0,3.0,3.0,4.0,5.0,5.0,6.0,7.0,7.0,8.0,8.0,8.0,9.0,9.0,10.0,10.0,10.0,10.0,11.0,11.0,11.0,12.0,12.0,12.0,13.0,13.0,13.0,13.0,14.0,14.0,14.0,14.0,14.0,15.0,15.0,15.0,15.0,16.0,16.0,16.0,16.0,17.0,17.0,17.0,17.0,17.0,18.0,18.0,18.0,18.0,19.0,19.0,19.0,20.0,20.0,20.0,20.0,21.0,21.0,21.0,21.0,22.0,22.0,22.0,22.0,23.0,23.0,23.0,24.0,24.0,24.0,24.0,25.0,25.0,25.0,25.0,26.0,26.0,27.0,27.0,27.0,28.0,28.0,29.0,29.0,30.0,30.0,31.0,32.0,33.0,34.0,40.0,0.0,1000.6392157077789,1000.772549033165,1000.9176470637321,2000.8509804010391,3000.243137255311,3000.46274510026,3000.5803921818733,3000.666666686535,3000.772549033165,3001.0,144.66724700927733,152.36500854492186,157.2281982421875,161.15736389160156,164.63705444335938,168.07577514648438,171.84217834472656,177.0018310546875,190.79342651367188,346.3600158691406,222.99197,0.0,test_data/Useful/Validation/1 inch at 2ft/20241103_113031_075.jpg,385.0,212.0,55.26336865023609
35,0.0,0.0,0.0,0.0,0.0,0.0,0.0,1.0,1.0,2.0,3.0,3.0,4.0,5.0,5.0,6.0,6.0,7.0,7.0,7.0,8.0,8.0,9.0,9.0,10.0,10.0,10.0,11.0,11.0,11.0,12.0,12.0,12.0,12.0,12.649999999999977,13.0,13.0,13.0,13.0,14.0,14.0,14.0,15.0,15.0,15.0,15.0,15.0,16.0,16.0,16.0,16.0,17.0,17.0,17.0,17.0,18.0,18.0,18.0,18.0,19.0,19.0,19.0,19.0,19.0,20.0,20.0,20.0,21.0,21.0,21.0,21.0,22.0,22.0,22.0,22.25,23.0,23.0,23.0,24.0,24.0,24.0,24.0,25.0,25.0,25.0,26.0,26.0,27.0,27.0,27.0,28.0,28.0,29.0,29.0,30.0,31.0,32.0,33.0,35.0,43.0,0.0,1000.6392157077789,1000.772549033165,1000.9137254953384,2000.8509804010391,3000.2509804069996,3000.46274510026,3000.584313750267,3000.6705882549286,3000.7764706015587,3001.0,144.64918518066406,152.32431030273438,157.3021240234375,161.244140625,164.72860717773438,168.1700897216797,171.87689208984375,177.03102111816406,190.6826934814453,346.35498046875,222.84756,0.0,test_data/Useful/Validation/1 inch at 2ft/20241103_113031_076.jpg,425.0,254.0,62.85679930068764
36,0.0,0.0,0.0,0.0,0.0,0.0,0.0,0.0,1.0,1.0,2.0,3.0,3.8700000000000045,4.0,5.0,6.0,7.0,7.0,8.0,8.0,9.0,9.0,10.0,10.0,10.0,11.0,11.0,11.0,11.0,12.0,12.0,12.0,12.0,13.0,13.0,13.0,13.0,14.0,14.0,14.0,14.0,15.0,15.0,15.0,15.0,16.0,16.0,16.0,16.0,17.0,17.0,17.0,17.0,18.0,18.0,18.0,18.0,18.419999999999845,19.0,19.0,19.0,19.0,20.0,20.0,20.0,21.0,21.0,21.0,21.0,21.0,22.0,22.0,22.0,22.0,23.0,23.0,23.0,23.220000000000027,24.0,24.0,24.0,25.0,25.0,25.0,26.0,26.0,26.0,27.0,27.0,28.0,28.0,28.0,29.0,29.059999999999945,30.0,31.0,32.0,33.0,35.0,42.0,0.0,1000.6352941393852,1000.7686274647713,1000.905882358551,2000.8509804010391,3000.2470588237047,3000.4666666686535,3000.584313750267,3000.6745098233223,3000.7803921699524,3001.0,145.42446899414062,153.12347412109375,158.08973693847656,161.95777893066406,165.37326049804688,168.75991821289062,172.50942993164062,177.49566650390625,191.033447265625,346.3603515625,222.95462,0.0,test_data/Useful/Validation/1 inch at 2ft/20241103_113031_077.jpg,430.0,234.0,58.1926216749038
37,0.0,0.0,0.0,0.0,0.0,0.0,0.0,1.0,2.0,3.0,3.0,4.0,5.0,5.0,6.0,6.0,7.0,7.0,8.0,8.0,9.0,10.0,10.0,10.0,11.0,11.0,11.0,11.0,12.0,12.0,12.0,13.0,13.0,13.0,13.0,14.0,14.0,14.0,14.0,14.0,15.0,15.0,15.0,15.0,16.0,16.0,16.0,16.0,17.0,17.0,17.0,17.0,18.0,18.0,18.0,18.0,19.0,19.0,19.0,19.0,20.0,20.0,20.0,20.0,21.0,21.0,21.0,21.0,22.0,22.0,22.0,22.0,23.0,23.0,23.0,23.0,24.0,24.0,24.0,25.0,25.0,25.0,25.0,26.0,26.0,26.0,26.0,27.0,27.0,28.0,28.0,28.0,29.0,29.0,30.0,31.0,32.0,33.0,34.0,39.0,0.0,1000.6352941393852,1000.7686274647713,1000.905882358551,2000.8509804010391,3000.2509804069996,3000.4666666686535,3000.5882353186607,3000.6745098233223,3000.7803921699524,3001.0,145.69591369628907,153.36890869140626,158.2980209350586,162.18361206054686,165.6554183959961,169.03248901367186,172.704345703125,177.675048828125,190.90777587890625,346.3669128417969,222.85172,0.0,test_data/Useful/Validation/1 inch at 2ft/20241103_113031_078.jpg,419.0,232.0,61.38433477001681
38,0.0,0.0,0.0,0.0,0.0,0.0,0.0,1.0,2.0,2.0,3.0,4.0,4.0,5.0,5.0,6.0,7.0,7.0,8.0,8.0,9.0,9.0,10.0,10.0,10.0,11.0,11.0,11.0,12.0,12.0,12.0,12.0,13.0,13.0,13.0,14.0,14.0,14.0,14.0,15.0,15.0,15.0,15.0,16.0,16.0,16.0,16.0,17.0,17.0,17.0,17.0,18.0,18.0,18.0,18.0,19.0,19.0,19.0,19.0,19.0,20.0,20.0,20.0,20.0,21.0,21.0,21.0,21.0,22.0,22.0,22.0,22.0,23.0,23.0,23.0,23.0,24.0,24.0,24.0,25.0,25.0,25.0,25.0,26.0,26.0,27.0,27.0,27.0,28.0,28.0,29.0,29.0,30.0,30.0,31.0,31.0,32.0,33.0,34.0,40.0,0.0,1000.6392157077789,1000.7686274647713,1000.8980392217636,2000.8431372642517,3000.2470588237047,3000.4666666686535,3000.584313750267,3000.6745098233223,3000.7803921699524,3001.0,145.03570098876952,152.76048278808594,157.75186462402343,161.6303466796875,165.0597381591797,168.4574249267578,172.17279052734375,177.35452270507812,191.06085205078125,346.37054443359375,223.0291,0.0,test_data/Useful/Validation/1 inch at 2ft/20241103_113031_079.jpg,399.0,220.0,59.988122559555386
39,0.0,0.0,0.0,0.0,0.0,0.0,1.0,2.0,2.0,3.0,4.0,5.0,5.0,6.0,6.0,7.0,7.0,8.0,8.0,9.0,9.0,9.0,10.0,10.0,10.0,11.0,11.0,11.0,12.0,12.0,12.0,13.0,13.0,13.0,13.0,14.0,14.0,14.0,14.610000000000014,15.0,15.0,15.0,16.0,16.0,16.0,16.0,17.0,17.0,17.0,17.0,17.0,18.0,18.0,18.0,18.0,19.0,19.0,19.0,19.0,19.0,20.0,20.0,20.0,20.0,21.0,21.0,21.0,21.0,22.0,22.0,22.0,22.0,23.0,23.0,23.0,23.0,24.0,24.0,24.0,25.0,25.0,25.0,26.0,26.0,26.0,27.0,27.0,28.0,28.0,28.0,29.0,29.0,30.0,30.0,31.0,32.0,33.0,34.0,35.00999999999976,43.0,0.0,1000.6352941393852,1000.7647058963776,1000.8941176533699,2000.8156862854958,3000.2078431397676,3000.4431372582912,3000.5764706134796,3000.666666686535,3000.7803921699524,3001.0,146.82196960449218,154.4802734375,159.3321960449219,163.17168579101562,166.59469604492188,169.89047241210938,173.4480438232422,178.24810791015625,191.28172302246094,346.3655090332031,222.98479,0.0,test_data/Useful/Validation/1 inch at 2ft/20241103_113031_080.jpg,402.0,218.0,62.332044078182484
40,0.0,0.0,0.0,0.0,0.0,1.0,2.0,3.0,3.9099999999999966,4.0,5.0,6.0,7.0,7.0,8.0,9.0,9.0,10.0,10.0,10.0,11.0,11.0,11.0,12.0,12.0,12.0,13.0,13.0,13.0,14.0,14.0,14.0,15.0,15.0,15.0,15.0,16.0,16.0,16.0,16.0,17.0,17.0,17.0,17.0,18.0,18.0,18.0,18.0,18.0,19.0,19.0,19.0,19.0,20.0,20.0,20.0,20.0,21.0,21.0,21.0,21.0,22.0,22.0,22.0,22.0,23.0,23.0,23.0,23.0,24.0,24.0,24.0,24.0,25.0,25.0,25.0,25.0,26.0,26.0,26.0,26.0,27.0,27.0,27.0,28.0,28.0,28.0,29.0,29.0,29.0,30.0,30.0,31.0,31.0,32.0,32.0,33.0,34.0,36.0,46.0,0.0,1000.6274510025978,1000.7529411911964,1000.8745098114014,2000.7215686440468,3000.1215686276555,3000.403921574354,3000.560784339905,3000.662745118141,3000.7803921699524,3001.0,147.78204345703125,155.64657592773438,160.4617492675781,164.32498168945312,167.7106704711914,170.9977020263672,174.54703216552736,179.28638610839843,191.63697814941406,346.4041442871094,222.47438,0.0,test_data/Useful/Validation/1 inch at 2ft/20241103_113031_085.jpg,365.0,201.0,58.52066158213562
41,0.0,0.0,0.0,0.0,0.0,1.0,2.0,3.0,3.0,4.0,5.0,5.0,6.0,7.0,7.0,8.0,8.0,9.0,9.0,10.0,10.0,10.0,11.0,11.0,11.75,12.0,12.0,12.0,13.0,13.0,13.68999999999994,14.0,14.0,15.0,15.0,15.0,15.0,15.0,16.0,16.0,16.0,16.0,17.0,17.0,17.0,17.0,18.0,18.0,18.0,18.0,19.0,19.0,19.0,19.0,20.0,20.0,20.0,20.0,21.0,21.0,21.0,21.0,22.0,22.0,22.0,22.0,23.0,23.0,23.0,23.0,24.0,24.0,24.0,24.0,25.0,25.0,25.0,25.0,26.0,26.0,26.0,26.0,27.0,27.0,27.0,28.0,28.0,28.0,29.0,29.0,30.0,30.0,31.0,31.0,32.0,32.0,33.0,34.0,36.0,41.0,0.0,1000.6274510025978,1000.7529411911964,1000.8745098114014,2000.745098054409,3000.1450980454683,3000.419607847929,3000.568627476692,3000.6705882549286,3000.784313738346,3001.0,148.00152282714845,155.6207489013672,160.57828826904296,164.3638427734375,167.75012969970703,171.0482940673828,174.68475799560545,179.3723907470703,191.79322814941406,346.4051818847656,222.55182,0.0,test_data/Useful/Validation/1 inch at 2ft/20241103_113031_086.jpg,395.0,214.0,61.82559259387158
42,0.0,0.0,0.0,0.0,0.0,0.9399999999999977,1.0,2.0,3.0,4.0,4.0,5.0,6.0,6.0,7.0,8.0,8.0,9.0,9.0,10.0,10.0,10.0,11.0,11.0,11.0,12.0,12.0,12.0,13.0,13.0,13.0,13.0,14.0,14.0,14.0,15.0,15.0,15.0,16.0,16.0,16.0,16.0,16.0,17.0,17.0,17.0,17.0,18.0,18.0,18.0,18.0,19.0,19.0,19.0,19.0,20.0,20.0,20.0,20.0,21.0,21.0,21.0,21.0,22.0,22.0,22.0,22.0,23.0,23.0,23.0,23.0,23.0,24.0,24.0,24.0,24.0,25.0,25.0,25.0,25.200000000000045,26.0,26.0,26.0,27.0,27.0,28.0,28.0,28.0,29.0,29.0,29.0,30.0,30.0,31.0,31.0,32.0,33.0,34.0,35.0,42.0,0.0,1000.6274510025978,1000.7490196228027,1000.8705882430077,2000.745098054409,3000.149019613862,3000.4274509847164,3000.572549045086,3000.6705882549286,3000.784313738346,3001.0,147.45574188232422,155.07944030761718,159.98336791992188,163.83051452636718,167.22216796875,170.55079040527343,174.1304748535156,178.92889404296875,191.71383666992188,346.416259765625,223.04495,0.0,test_data/Useful/Validation/1 inch at 2ft/20241103_113031_087.jpg,385.0,198.0,60.94270254874994
43,0.0,0.0,0.0,0.0,0.0,1.0,3.0,3.0,4.0,5.0,5.889999999999986,6.0,7.0,7.0,8.0,8.0,9.0,9.0,10.0,10.0,10.0,11.0,11.0,11.0,12.0,12.0,13.0,13.0,13.0,13.0,14.0,14.0,14.0,15.0,15.0,15.0,16.0,16.0,16.0,16.0,17.0,17.0,17.0,17.0,18.0,18.0,18.0,18.0,19.0,19.0,19.0,19.0,20.0,20.0,20.0,21.0,21.0,21.0,21.0,22.0,22.0,22.0,22.0,22.0,23.0,23.0,23.0,23.0,24.0,24.0,24.0,24.0,24.269999999999982,25.0,25.0,25.0,26.0,26.0,26.0,26.0,26.190000000000055,27.0,27.0,27.0,28.0,28.0,28.0,29.0,29.0,30.0,30.0,30.0,31.0,31.0,32.0,32.0,33.0,34.0,35.0,42.0,0.0,1000.6274510025978,1000.7529411911964,1000.8784313797951,2000.7647058963776,3000.149019613862,3000.4235294163227,3000.572549045086,3000.6705882549286,3000.784313738346,3001.0,147.85870361328125,155.5805389404297,160.5334686279297,164.38034057617188,167.78538513183594,171.091845703125,174.70077514648438,179.40858459472656,191.9207000732422,346.4178466796875,222.64207,0.0,test_data/Useful/Validation/1 inch at 2ft/20241103_113031_088.jpg,365.0,185.0,57.86608870614468
44,0.0,0.0,0.0,0.0,1.0,1.0,2.0,3.0,4.0,5.0,5.0,6.0,6.0,7.0,8.0,8.0,9.0,9.0,10.0,10.0,10.789999999999964,11.0,11.0,11.759999999999991,12.0,12.0,12.0,13.0,13.0,13.0,14.0,14.0,14.0,14.0,15.0,15.0,15.0,15.0,16.0,16.0,16.0,16.579999999999927,17.0,17.0,17.0,18.0,18.0,18.0,18.0,18.0,19.0,19.0,19.0,19.0,20.0,20.0,20.0,20.0,21.0,21.0,21.0,21.0,22.0,22.0,22.0,22.0,23.0,23.0,23.0,23.0,23.0,24.0,24.0,24.0,25.0,25.0,25.0,25.0,26.0,26.0,26.0,27.0,27.0,27.0,27.0,28.0,28.0,28.0,29.0,29.0,30.0,30.0,31.0,31.0,31.0,32.0,33.0,34.0,36.0,42.0,0.0,1000.6274510025978,1000.7529411911964,1000.8745098114014,2000.745098054409,3000.1411764770746,3000.419607847929,3000.568627476692,3000.666666686535,3000.784313738346,3001.0,147.81187438964844,155.53224182128906,160.48846435546875,164.26466369628906,167.61422729492188,170.95892333984375,174.5250701904297,179.24053344726562,191.96484375,346.4163513183594,222.93207,0.0,test_data/Useful/Validation/1 inch at 2ft/20241103_113031_089.jpg,397.0,228.0,63.01588813330175
45,0.0,0.0,0.0,0.0,0.0,1.0,2.0,3.0,4.0,5.0,5.0,6.0,6.0,7.0,7.0,8.0,8.0,9.0,10.0,10.0,10.0,11.0,11.0,11.0,12.0,12.0,12.0,13.0,13.0,13.0,13.0,14.0,14.0,14.0,15.0,15.0,15.0,16.0,16.0,16.0,16.0,17.0,17.0,17.0,17.0,18.0,18.0,18.0,18.0,19.0,19.0,19.0,19.0,20.0,20.0,20.0,20.0,20.0,21.0,21.0,21.0,21.0,22.0,22.0,22.0,23.0,23.0,23.0,23.0,24.0,24.0,24.0,24.0,25.0,25.0,25.0,25.0,26.0,26.0,26.0,26.190000000000055,27.0,27.0,28.0,28.0,28.0,28.0,29.0,29.0,29.09999999999991,30.0,30.0,30.0,31.0,32.0,32.0,33.0,35.0,35.0,42.0,0.0,1000.6274510025978,1000.7529411911964,1000.8745098114014,2000.7529411911964,3000.1568627506495,3000.43137255311,3000.5764706134796,3000.6705882549286,3000.78823530674,3001.0,147.94126892089844,155.67559814453125,160.5570831298828,164.46678161621094,167.86434936523438,171.16085815429688,174.75052490234373,179.46629333496094,191.98666381835938,346.4227294921875,222.66464,0.0,test_data/Useful/Validation/1 inch at 2ft/20241103_113031_090.jpg,355.0,167.0,60.633776904857775
46,0.0,0.0,2.0,3.0,5.0,6.0,8.0,9.0,10.0,10.0,11.0,11.0,12.0,12.0,13.0,13.840000000000032,14.0,14.0,15.0,15.0,16.0,16.0,17.0,17.0,17.0,18.0,18.0,18.0,19.0,19.0,19.0,20.0,20.0,20.0,20.0,21.0,21.0,21.0,22.0,22.0,22.0,22.0,22.0,23.0,23.0,23.0,23.0,24.0,24.0,24.0,24.0,25.0,25.0,25.0,26.0,26.0,26.0,26.0,26.0,27.0,27.0,27.0,27.0,27.0,28.0,28.0,28.0,28.0,28.0,29.0,29.0,29.0,29.0,29.0,30.0,30.0,30.0,30.0,31.0,31.0,31.0,31.0,32.0,32.0,32.0,33.0,33.0,33.0,33.0,34.0,34.0,34.0,35.0,35.0,36.0,36.0,37.0,38.0,39.0,43.0,29.0,1000.5921568870544,1000.7411764860153,1000.8705882430077,2000.772549033165,3000.215686276555,3000.43137255311,3000.556862771511,3000.6549019813538,3000.7803921699524,3001.0,151.10816955566406,158.7873992919922,163.65472412109375,167.4751434326172,170.8941650390625,174.20549621582032,177.78545837402345,182.5540313720703,194.84271850585938,346.31048583984375,222.66132,0.0,test_data/Useful/Validation/1 inch at 2ft/20241103_113107_041.jpg,369.0,175.0,57.38055348647733
47,0.0,0.0,1.0,2.0,4.0,5.0,6.0,7.0,9.0,10.0,11.0,11.879999999999995,12.0,13.0,13.0,14.0,14.0,15.0,15.0,15.0,16.0,16.0,17.0,17.0,17.0,18.0,18.0,18.720000000000027,19.0,19.0,19.0,20.0,20.0,20.0,20.0,21.0,21.0,21.0,21.0,22.0,22.0,22.0,23.0,23.0,23.0,23.0,23.0,24.0,24.0,24.0,24.0,25.0,25.0,25.0,25.0,26.0,26.0,26.0,26.0,26.0,27.0,27.0,27.0,27.0,28.0,28.0,28.0,28.0,28.0,29.0,29.0,29.0,29.0,30.0,30.0,30.0,30.0,31.0,31.0,31.0,31.0,32.0,32.0,32.0,32.0,33.0,33.0,33.0,34.0,34.0,34.0,35.0,35.0,35.0,36.0,37.0,37.0,38.0,39.0,43.0,26.0,1000.5882353186607,1000.7411764860153,1000.8745098114014,2000.784313738346,3000.215686276555,3000.43137255311,3000.556862771511,3000.6549019813538,3000.7803921699524,3001.0,151.31341552734375,158.99203491210938,163.9093017578125,167.68780517578125,171.0718536376953,174.3738555908203,177.9048309326172,182.62611389160156,194.6442413330078,346.3078308105469,222.3888,0.0,test_data/Useful/Validation/1 inch at 2ft/20241103_113107_042.jpg,364.0,162.0,62.95247120737165
48,0.0,0.0,1.0,3.0,4.0,5.0,6.0,6.920000000000016,8.0,9.0,9.0,10.0,11.0,12.0,12.0,13.0,13.0,13.0,14.0,14.0,15.0,15.0,16.0,16.0,17.0,17.0,17.0,18.0,18.0,18.0,19.0,19.0,19.0,20.0,20.0,20.0,21.0,21.0,21.0,21.0,21.0,22.0,22.0,22.0,23.0,23.0,23.0,23.0,24.0,24.0,24.0,24.0,25.0,25.0,25.0,25.0,26.0,26.0,26.0,26.0,27.0,27.0,27.0,27.0,28.0,28.0,28.0,28.0,28.0,29.0,29.0,29.0,29.0,30.0,30.0,30.0,30.0,31.0,31.0,31.0,31.0,32.0,32.0,32.0,32.0,33.0,33.0,33.0,33.0,34.0,34.0,34.0,35.0,35.0,36.0,36.0,37.0,38.0,39.00999999999976,45.0,28.0,1000.5921568870544,1000.7411764860153,1000.8705882430077,2000.7764706015587,3000.2196078449488,3000.435294121504,3000.560784339905,3000.6588235497475,3000.7803921699524,3001.0,151.21368103027345,158.78763732910156,163.73558044433594,167.55751342773436,170.95755767822266,174.20872497558594,177.83096466064453,182.61639404296875,194.77877807617188,346.3238830566406,222.84355,0.0,test_data/Useful/Validation/1 inch at 2ft/20241103_113107_043.jpg,399.0,177.0,59.78939048348343
49,0.0,0.0,3.0,4.0,5.0,7.0,8.0,9.0,10.0,10.0,11.0,12.0,12.0,13.0,13.0,14.0,15.0,15.0,15.0,16.0,16.0,17.0,17.0,18.0,18.0,18.0,19.0,19.0,19.0,19.0,20.0,20.0,20.0,21.0,21.0,21.0,21.0,22.0,22.0,22.0,23.0,23.0,23.0,23.0,23.0,24.0,24.0,24.0,24.50999999999999,25.0,25.0,25.0,25.0,26.0,26.0,26.0,26.0,27.0,27.0,27.0,27.0,27.0,27.0,28.0,28.0,28.0,28.0,28.320000000000164,29.0,29.0,29.0,29.0,30.0,30.0,30.0,30.0,31.0,31.0,31.0,31.0,31.0,32.0,32.0,32.0,33.0,33.0,33.0,33.0,34.0,34.0,34.0,34.0,35.0,35.059999999999945,36.0,37.0,38.0,38.0,40.0,44.0,27.0,1000.584313750267,1000.7372549176216,1000.866666674614,2000.7294117808342,3000.188235297799,3000.4156862795353,3000.5490196347237,3000.65098041296,3000.7803921699524,3001.0,151.33407897949218,159.07711791992188,163.93649291992188,167.8220977783203,171.29705047607422,174.623974609375,178.1728546142578,182.88045654296877,194.65557861328125,346.319091796875,222.62885,0.0,test_data/Useful/Validation/1 inch at 2ft/20241103_113107_044.jpg,361.0,172.0,65.33616604781731
50,0.0,0.0,1.0,3.0,5.0,6.0,8.0,9.0,10.0,10.0,11.0,12.0,12.870000000000005,13.0,14.0,14.0,15.0,15.0,15.0,16.0,16.0,17.0,17.0,17.0,18.0,18.0,18.0,19.0,19.0,19.0,19.0,20.0,20.0,20.0,21.0,21.0,21.0,22.0,22.0,22.0,22.0,22.0,23.0,23.0,23.0,23.0,24.0,24.0,24.0,24.0,25.0,25.0,25.0,25.0,26.0,26.0,26.0,26.0,26.0,27.0,27.0,27.0,27.0,28.0,28.0,28.0,28.0,28.0,29.0,29.0,29.0,29.0,30.0,30.0,30.0,30.0,30.0,31.0,31.0,31.0,31.0,32.0,32.0,32.0,33.0,33.0,33.0,33.0,34.0,34.0,34.0,35.0,35.0,36.0,36.0,37.0,38.0,39.0,40.0,45.0,28.0,1000.584313750267,1000.7294117808342,1000.8588235378265,2000.6588235497475,3000.164705887437,3000.407843142748,3000.54509806633,3000.6470588445663,3000.772549033165,3001.0,151.10209045410156,158.8799285888672,163.7694091796875,167.6175750732422,171.05445861816406,174.3698272705078,177.93594360351562,182.6358184814453,194.85128784179688,346.31890869140625,222.72813,0.0,test_data/Useful/Validation/1 inch at 2ft/20241103_113107_045.jpg,376.0,174.0,59.87203172389025
51,0.0,0.980000000000004,2.969999999999999,4.0,6.0,7.0,8.0,9.0,10.0,11.0,12.0,12.0,13.0,13.0,13.0,14.0,15.0,15.0,16.0,16.0,17.0,17.0,17.769999999999982,18.0,18.0,19.0,19.0,19.0,20.0,20.0,20.0,21.0,21.0,21.0,22.0,22.0,22.0,22.0,22.0,23.0,23.0,23.0,23.0,24.0,24.0,24.0,24.0,25.0,25.0,25.0,25.0,25.0,26.0,26.0,26.0,26.0,26.0,27.0,27.0,27.0,27.0,27.0,28.0,28.0,28.0,28.0,29.0,29.0,29.0,29.0,29.0,30.0,30.0,30.0,30.0,31.0,31.0,31.0,31.0,31.0,32.0,32.0,32.0,33.0,33.0,33.0,33.0,34.0,34.0,34.0,35.0,35.0,35.0,36.0,36.0,37.0,37.0,38.0,40.0,44.0,25.0,1000.5764706134796,1000.7215686440468,1000.8470588326454,2000.5490196347237,3000.1254902035,3000.392156869173,3000.5372549295425,3000.6431372761726,3000.7686274647713,3001.0,151.5072784423828,159.18846740722657,164.05521697998046,167.9122772216797,171.34536743164062,174.64041137695312,178.15858459472656,182.8919219970703,195.13023376464844,346.31475830078125,222.43544,0.0,test_data/Useful/Validation/1 inch at 2ft/20241103_113107_051.jpg,355.0,164.0,60.13944046438452
52,0.0,0.0,2.0,4.0,5.0,7.0,8.0,9.0,9.0,10.0,11.0,12.0,12.0,13.0,13.0,14.0,14.0,15.0,15.0,16.0,16.0,17.0,17.0,17.0,18.0,18.0,18.0,19.0,19.0,19.0,20.0,20.0,20.0,21.0,21.0,21.0,21.0,22.0,22.0,22.0,22.0,23.0,23.0,23.0,23.0,24.0,24.0,24.0,24.0,25.0,25.0,25.0,25.0,25.0,26.0,26.0,26.0,26.0,27.0,27.0,27.0,27.0,27.0,28.0,28.0,28.0,28.0,29.0,29.0,29.0,29.0,30.0,30.0,30.0,30.0,30.0,31.0,31.0,31.0,31.0,32.0,32.0,32.0,32.0,33.0,33.0,33.0,34.0,34.0,34.0,35.0,35.0,35.0,36.0,36.0,37.0,38.0,38.01999999999998,40.0,44.0,30.0,1000.5803921818733,1000.7215686440468,1000.8470588326454,2000.517647087574,3000.137254908681,3000.3960784375668,3000.5411764979362,3000.6431372761726,3000.772549033165,3001.0,151.2564697265625,158.9684600830078,163.89453125,167.7313232421875,171.15695190429688,174.51998901367188,178.11215209960938,182.81118774414062,195.05624389648438,346.3184814453125,222.66281,0.0,test_data/Useful/Validation/1 inch at 2ft/20241103_113107_052.jpg,364.0,165.0,63.00269870589677
53,0.0,0.0,2.0,3.0,4.0,6.0,7.0,8.0,9.0,10.0,11.0,11.0,12.0,13.0,13.0,14.0,15.0,15.0,16.0,16.0,17.0,17.0,18.0,18.0,18.0,19.0,19.0,19.0,19.709999999999923,20.0,20.0,20.0,21.0,21.0,22.0,22.0,22.0,22.0,23.0,23.0,23.0,23.0,24.0,24.0,24.0,24.0,25.0,25.0,25.0,25.0,25.0,26.0,26.0,26.0,26.0,26.0,27.0,27.0,27.0,27.0,27.0,28.0,28.0,28.0,28.0,29.0,29.0,29.0,29.0,29.0,30.0,30.0,30.0,30.0,30.0,31.0,31.0,31.0,31.0,31.200000000000045,32.0,32.0,32.0,33.0,33.0,33.0,33.0,34.0,34.0,34.0,35.0,35.0,35.0,36.0,36.0,37.0,37.029999999999745,38.0,39.0,44.0,26.0,1000.5803921818733,1000.7176470756531,1000.839215695858,2000.4784313738346,3000.113725490868,3000.3882353007793,3000.5372549295425,3000.639215707779,3000.7647058963776,3001.0,150.77523956298828,158.5816192626953,163.50198364257812,167.39248657226562,170.7913360595703,174.13510131835938,177.78404235839844,182.64409484863282,195.26535034179688,346.3123779296875,222.4942,0.0,test_data/Useful/Validation/1 inch at 2ft/20241103_113107_053.jpg,381.0,185.0,63.96313997016082
54,0.0,1.0,2.0,4.0,5.0,7.0,8.0,9.0,10.0,11.0,11.0,12.0,12.0,13.0,14.0,14.0,15.0,15.0,16.0,16.0,16.0,17.0,17.0,18.0,18.0,18.0,19.0,19.0,20.0,20.0,20.0,21.0,21.0,21.0,21.0,22.0,22.0,22.620000000000005,23.0,23.0,23.0,24.0,24.0,24.0,24.0,24.539999999999964,25.0,25.0,25.0,25.0,26.0,26.0,26.0,26.0,26.0,27.0,27.0,27.0,27.0,28.0,28.0,28.0,28.0,28.0,29.0,29.0,29.0,29.0,29.0,30.0,30.0,30.0,30.0,30.0,31.0,31.0,31.0,31.0,32.0,32.0,32.0,32.0,32.0,33.0,33.0,33.0,33.0,34.0,34.0,34.0,35.0,35.0,35.0,36.0,36.0,37.0,37.029999999999745,38.0,39.0,44.0,29.0,1000.5764706134796,1000.7098039388657,1000.8352941274643,2000.3450980484486,3000.074509806931,3000.3725490272045,3000.529411792755,3000.635294139385,3000.7647058963776,3001.0,151.18911743164062,158.8923797607422,163.75799560546875,167.6333465576172,171.04505920410156,174.33526611328125,177.96237182617188,182.77623291015624,195.26461791992188,346.3134460449219,222.11707,0.0,test_data/Useful/Validation/1 inch at 2ft/20241103_113107_054.jpg,343.0,152.0,63.51328888354405
55,0.0,0.0,2.0,3.0,5.0,7.0,8.0,9.0,10.0,11.0,11.0,12.0,12.0,13.0,13.0,14.0,15.0,15.0,15.0,16.0,16.0,17.0,17.0,17.0,17.75,18.0,18.0,18.0,19.0,19.0,20.0,20.0,20.0,20.0,21.0,21.0,21.0,22.0,22.0,22.0,22.0,23.0,23.0,23.0,23.0,24.0,24.0,24.0,24.0,25.0,25.0,25.0,25.0,26.0,26.0,26.0,26.0,26.0,26.0,27.0,27.0,27.0,27.0,28.0,28.0,28.0,28.0,28.0,29.0,29.0,29.0,29.0,30.0,30.0,30.0,30.0,30.0,31.0,31.0,31.0,31.0,32.0,32.0,32.0,32.0,33.0,33.0,33.0,34.0,34.0,34.0,35.0,35.0,35.0,36.0,37.0,37.0,38.0,39.00999999999976,45.0,26.0,1000.5764706134796,1000.7019608020782,1000.8196078538895,1000.9568627476692,3000.023529412225,3000.3725490272045,3000.529411792755,3000.635294139385,3000.760784327984,3001.0,150.51492156982422,158.1344207763672,163.06224822998047,166.98010864257813,170.42166900634766,173.74380187988282,177.37549438476563,182.2367401123047,195.19778442382812,346.31939697265625,222.76389,0.0,test_data/Useful/Validation/1 inch at 2ft/20241103_113107_055.jpg,382.0,185.0,57.64441548987702
56,0.0,1.0,3.0,5.0,7.0,8.0,9.0,10.0,10.0,11.0,11.0,12.0,13.0,13.0,14.0,14.0,15.0,15.0,15.0,16.0,16.0,17.0,17.0,17.0,18.0,18.0,18.730000000000018,19.0,19.0,20.0,20.0,20.0,21.0,21.0,21.0,22.0,22.0,22.0,22.0,23.0,23.0,23.0,23.0,24.0,24.0,24.0,24.0,25.0,25.0,25.0,25.0,26.0,26.0,26.0,26.0,26.0,27.0,27.0,27.0,27.0,27.0,28.0,28.0,28.0,28.0,28.0,29.0,29.0,29.0,29.0,29.0,30.0,30.0,30.0,30.0,31.0,31.0,31.0,31.0,32.0,32.0,32.0,32.0,33.0,33.0,33.0,34.0,34.0,34.0,35.0,35.0,35.0,36.0,36.0,37.0,37.0,38.0,39.0,40.0,45.0,28.0,1000.5686274766922,1000.6901960968971,1000.8078431487083,1000.9294117689133,2000.8862745165825,3000.341176480055,3000.517647087574,3000.6313725709915,3000.75686275959,3001.0,150.5317825317383,158.2450744628906,163.1058151245117,166.971435546875,170.39666748046875,173.7702880859375,177.44279937744142,182.40806884765627,195.4679718017578,346.3290710449219,222.5994,0.0,test_data/Useful/Validation/1 inch at 2ft/20241103_113107_061.jpg,368.0,171.0,61.51114745986069
57,0.0,0.0,3.0,5.0,6.0,7.0,8.930000000000007,9.0,11.0,11.0,12.0,13.0,13.0,14.0,14.0,15.0,15.0,15.0,16.0,16.0,17.0,17.0,18.0,18.0,19.0,19.0,19.0,19.0,20.0,20.0,20.0,21.0,21.0,21.0,22.0,22.0,22.0,22.0,23.0,23.0,23.0,23.0,24.0,24.0,24.0,24.0,25.0,25.0,25.0,25.5,26.0,26.0,26.0,26.0,27.0,27.0,27.0,27.0,27.0,28.0,28.0,28.0,28.0,28.0,29.0,29.0,29.0,29.0,29.0,30.0,30.0,30.0,30.0,31.0,31.0,31.0,31.0,31.220000000000027,32.0,32.0,32.0,32.0,33.0,33.0,33.0,33.0,34.0,34.0,34.0,34.09999999999991,35.0,35.0,36.0,36.0,37.0,37.0,38.0,39.0,40.0,45.0,26.0,1000.5725490450859,1000.6901960968971,1000.811764717102,1000.933333337307,2000.878431379795,3000.3294117748737,3000.5098039507866,3000.623529434204,3000.7529411911964,3001.0,150.92372131347656,158.6282958984375,163.43084411621095,167.3133514404297,170.74171447753906,174.07189331054687,177.74567260742188,182.61986389160157,195.43218994140625,346.32122802734375,222.44708,0.0,test_data/Useful/Validation/1 inch at 2ft/20241103_113107_062.jpg,347.0,159.0,53.37093921455923
58,0.0,1.0,3.0,5.0,6.0,7.939999999999998,8.0,10.0,10.0,11.0,12.0,12.0,13.0,13.860000000000014,14.0,15.0,15.0,16.0,16.0,17.0,17.0,17.0,18.0,18.0,18.0,19.0,19.0,20.0,20.0,20.0,20.0,21.0,21.0,21.0,21.0,22.0,22.0,22.0,23.0,23.0,23.0,23.0,24.0,24.0,24.0,24.0,25.0,25.0,25.0,25.0,26.0,26.0,26.0,26.0,26.0,26.0,27.0,27.0,27.0,27.0,28.0,28.0,28.0,28.0,28.0,29.0,29.0,29.0,29.0,29.0,30.0,30.0,30.0,30.0,30.0,31.0,31.0,31.0,31.0,32.0,32.0,32.0,32.0,32.0,33.0,33.0,33.0,34.0,34.0,34.0,35.0,35.0,35.0,36.0,37.0,37.0,38.0,39.0,40.0,44.0,26.0,1000.5764706134796,1000.6941176652908,1000.811764717102,1000.9372549057007,2000.9019607901573,3000.352941185236,3000.5215686559677,3000.6313725709915,3000.7529411911964,3001.0,150.10740661621094,157.91094970703125,162.8201446533203,166.7288055419922,170.20181274414062,173.5653076171875,177.28269958496094,182.24212646484375,195.52426147460938,346.3249206542969,222.63306,0.0,test_data/Useful/Validation/1 inch at 2ft/20241103_113107_063.jpg,339.0,137.0,60.66551710571592
59,0.0,0.0,1.0,3.0,5.0,6.939999999999998,8.0,9.0,10.0,10.0,11.0,12.0,12.0,13.0,13.0,14.0,15.0,15.0,16.0,16.0,17.0,17.0,17.0,18.0,18.0,18.0,19.0,19.0,19.0,20.0,20.0,20.0,20.0,21.0,21.0,21.0,22.0,22.0,22.0,23.0,23.0,23.0,23.0,24.0,24.0,24.0,24.0,24.0,25.0,25.0,25.0,25.0,26.0,26.0,26.0,26.0,26.0,26.0,27.0,27.0,27.0,27.0,28.0,28.0,28.0,28.0,29.0,29.0,29.0,29.0,29.0,30.0,30.0,30.0,30.0,30.0,31.0,31.0,31.0,31.0,32.0,32.0,32.0,32.0,33.0,33.0,33.0,34.0,34.0,34.0,34.0,35.0,35.0,35.0,36.0,37.0,37.0,38.0,39.00999999999976,44.0,26.0,1000.5764706134796,1000.7019608020782,1000.8235294222832,2000.258823543787,2000.9372549057007,3000.3607843220234,3000.5254902243614,3000.635294139385,3000.760784327984,3001.0,150.85669708251953,158.44970703125,163.38216400146484,167.23914489746093,170.7149429321289,174.0438690185547,177.70366668701172,182.6527526855469,195.4208221435547,346.32568359375,222.83017,0.0,test_data/Useful/Validation/1 inch at 2ft/20241103_113107_064.jpg,354.0,151.0,53.38664155194027
60,0.0,1.0,3.0,4.0,6.0,7.0,8.0,9.0,10.0,10.0,11.0,11.0,12.0,13.0,13.0,14.0,14.0,15.0,15.810000000000002,16.0,16.0,17.0,17.0,18.0,18.0,18.0,19.0,19.0,19.0,20.0,20.0,20.0,21.0,21.0,21.0,21.0,22.0,22.0,22.0,23.0,23.0,23.0,23.0,24.0,24.0,24.0,24.0,24.0,25.0,25.0,25.0,25.0,26.0,26.0,26.0,26.0,27.0,27.0,27.0,27.0,27.0,28.0,28.0,28.0,28.0,28.0,29.0,29.0,29.0,29.0,29.0,30.0,30.0,30.0,30.0,31.0,31.0,31.0,31.0,32.0,32.0,32.0,32.0,33.0,33.0,33.0,34.0,34.0,34.0,35.0,35.0,35.0,36.0,36.0,37.0,37.0,38.0,39.0,40.0,44.0,29.0,1000.5764706134796,1000.7019608020782,1000.8235294222832,2000.258823543787,2000.9294117689133,3000.3607843220234,3000.5254902243614,3000.6313725709915,3000.75686275959,3001.0,150.4354019165039,158.16900329589845,163.13641357421875,167.0161376953125,170.45018768310547,173.84450073242186,177.5084732055664,182.47601318359375,195.40878295898438,346.3150634765625,223.04889,0.0,test_data/Useful/Validation/1 inch at 2ft/20241103_113107_065.jpg,370.0,165.0,62.00451487893519
61,0.0,2.0,4.0,5.0,7.0,8.0,9.0,10.0,11.0,12.0,13.0,13.0,14.0,15.0,15.0,16.0,16.0,17.0,17.0,18.0,18.0,18.0,19.0,19.0,19.0,20.0,20.0,21.0,21.0,21.0,22.0,22.0,22.0,22.0,23.0,23.0,23.0,24.0,24.0,24.0,24.0,24.0,25.0,25.0,25.0,25.0,26.0,26.0,26.0,26.0,26.0,27.0,27.0,27.0,27.0,28.0,28.0,28.0,28.0,28.0,29.0,29.0,29.0,29.0,29.0,30.0,30.0,30.0,30.0,30.0,31.0,31.0,31.0,31.0,31.0,32.0,32.0,32.0,32.0,32.0,33.0,33.0,33.0,33.0,34.0,34.0,34.0,34.0,35.0,35.0,35.0,36.0,36.0,37.0,37.0,37.0,38.0,39.0,40.0,44.0,32.0,1000.5882353186607,1000.7137255072594,1000.8313725590706,2000.4039215743542,2000.945098042488,3000.3725490272045,3000.533333361149,3000.6431372761726,3000.7686274647713,3001.0,151.34498443603516,159.02920837402343,163.8795623779297,167.76351928710938,171.19606018066406,174.55757751464844,178.15572814941405,182.9979705810547,195.57679748535156,346.3404541015625,222.20535,0.0,test_data/Useful/Validation/1 inch at 2ft/20241103_113107_071.jpg,337.0,145.0,58.64195754461213
62,0.0,1.0,3.969999999999999,5.0,6.950000000000003,8.0,9.0,10.0,11.0,12.0,13.0,13.0,14.0,14.0,15.0,15.0,16.0,16.0,17.0,17.0,17.0,18.0,18.0,19.0,19.0,19.0,20.0,20.0,20.0,21.0,21.0,21.0,22.0,22.0,22.0,22.0,23.0,23.0,23.0,23.0,24.0,24.0,24.0,24.0,25.0,25.0,25.0,25.0,26.0,26.0,26.0,26.0,26.0,27.0,27.0,27.0,27.0,28.0,28.0,28.0,28.0,28.0,29.0,29.0,29.0,29.0,29.0,30.0,30.0,30.0,30.0,31.0,31.0,31.0,31.0,32.0,32.0,32.0,32.0,32.0,33.0,33.0,33.0,33.0,34.0,34.0,34.0,34.0,35.0,35.0,35.0,36.0,36.0,37.0,37.0,38.0,38.0,39.0,40.00999999999976,47.0,29.0,1000.5803921818733,1000.7098039388657,1000.8274509906769,2000.286274522543,2000.9176470637321,3000.3568627536297,3000.5254902243614,3000.639215707779,3000.7686274647713,3001.0,151.726318359375,159.36842041015626,164.2345718383789,168.0762939453125,171.52304077148438,174.84701538085938,178.45530700683594,183.32044982910156,195.50738525390625,346.3400573730469,222.0355,0.0,test_data/Useful/Validation/1 inch at 2ft/20241103_113107_072.jpg,350.0,134.0,55.54121260804476
63,0.0,2.0,4.0,5.0,8.0,9.0,10.0,11.0,12.0,13.0,13.0,14.0,15.0,15.0,16.0,16.0,17.0,17.0,18.0,18.0,18.0,19.0,19.0,20.0,20.0,20.0,21.0,21.0,21.0,21.0,22.0,22.0,23.0,23.0,23.0,23.0,24.0,24.0,24.0,24.0,24.0,25.0,25.0,25.0,25.0,26.0,26.0,26.0,26.0,26.0,27.0,27.0,27.0,27.0,28.0,28.0,28.0,28.0,28.0,29.0,29.0,29.0,29.0,30.0,30.0,30.0,30.0,30.0,30.309999999999945,31.0,31.0,31.0,31.0,31.0,32.0,32.0,32.0,32.0,32.0,33.0,33.0,33.0,33.0,34.0,34.0,34.0,35.0,35.0,35.0,35.0,36.0,36.0,36.0,37.0,37.0,38.0,39.0,40.0,41.0,45.0,31.0,1000.5803921818733,1000.7137255072594,1000.8313725590706,2000.3450980484486,2000.9568627476692,3000.364705890417,3000.5254902243614,3000.639215707779,3000.772549033165,3001.0,151.9763641357422,159.62652587890625,164.57357635498047,168.4389221191406,171.8397216796875,175.1360321044922,178.711669921875,183.48080444335938,195.58946228027344,346.333740234375,221.86388,0.0,test_data/Useful/Validation/1 inch at 2ft/20241103_113107_073.jpg,317.0,131.0,62.810340500932575
64,0.0,1.0,3.0,5.960000000000008,7.0,8.0,10.0,11.0,12.0,12.0,13.0,14.0,15.0,15.0,16.0,16.0,17.0,17.0,18.0,18.0,19.0,19.0,19.0,20.0,20.0,20.0,21.0,21.0,21.0,21.0,22.0,22.0,23.0,23.0,23.0,23.0,24.0,24.0,24.0,25.0,25.0,25.0,25.0,26.0,26.0,26.0,26.0,26.0,27.0,27.0,27.0,27.0,27.0,28.0,28.0,28.0,29.0,29.0,29.0,29.0,29.0,30.0,30.0,30.0,30.0,30.0,31.0,31.0,31.0,31.0,31.0,31.279999999999973,32.0,32.0,32.0,32.0,33.0,33.0,33.0,33.0,33.0,34.0,34.0,34.0,34.0,34.0,35.0,35.0,35.0,35.09999999999991,36.0,36.0,36.0,37.0,37.0,38.0,38.0,39.0,41.0,45.0,30.0,1000.5803921818733,1000.7137255072594,1000.8352941274643,2000.3764705955982,2000.945098042488,3000.3568627536297,3000.5254902243614,3000.639215707779,3000.772549033165,3001.0,152.36997985839844,160.01914978027344,164.91273498535156,168.76424560546874,172.15160369873047,175.43211669921874,178.95468292236328,183.6319580078125,195.57379150390625,346.33197021484375,221.89278,0.0,test_data/Useful/Validation/1 inch at 2ft/20241103_113107_074.jpg,323.0,130.0,60.94205076965661
65,0.0,2.0,4.0,5.0,8.0,9.0,10.0,11.0,11.909999999999997,12.0,13.0,14.0,14.0,15.0,15.0,16.0,16.0,17.0,17.0,18.0,18.0,18.0,19.0,19.0,20.0,20.0,21.0,21.0,21.0,22.0,22.0,22.0,22.0,23.0,23.0,23.0,24.0,24.0,24.0,24.0,25.0,25.0,25.0,25.0,25.0,26.0,26.0,26.0,26.0,27.0,27.0,27.0,27.0,28.0,28.0,28.0,28.0,28.0,29.0,29.0,29.0,29.0,30.0,30.0,30.0,30.0,30.0,31.0,31.0,31.0,31.0,31.0,32.0,32.0,32.0,32.0,32.0,32.0,33.0,33.0,33.0,33.0,34.0,34.0,34.0,34.0,35.0,35.0,35.0,35.0,36.0,36.0,37.0,37.0,38.0,38.0,39.0,40.0,41.0,47.0,32.0,1000.5803921818733,1000.7137255072594,1000.8352941274643,2000.392156869173,2000.945098042488,3000.3607843220234,3000.5254902243614,3000.6431372761726,3000.7764706015587,3001.0,152.3912353515625,160.0189208984375,164.83682250976562,168.66885375976562,172.0802001953125,175.37005615234375,178.96621704101562,183.64828491210938,195.5670166015625,346.33233642578125,221.83748,0.0,test_data/Useful/Validation/1 inch at 2ft/20241103_113107_075.jpg,330.0,148.0,60.65608263460121
66,1.0,3.0,5.0,6.0,8.0,9.0,10.0,11.0,12.0,12.0,13.0,13.0,14.0,14.0,15.0,15.0,16.0,16.0,16.810000000000002,17.0,17.0,18.0,18.0,19.0,19.0,19.0,20.0,20.0,20.0,20.0,21.0,21.0,21.0,22.0,22.0,22.0,22.0,23.0,23.0,23.0,24.0,24.0,24.0,24.0,24.0,25.0,25.0,25.0,25.0,25.0,26.0,26.0,26.0,26.0,27.0,27.0,27.0,27.0,27.0,28.0,28.0,28.0,28.0,28.0,29.0,29.0,29.0,29.0,30.0,30.0,30.0,30.0,30.0,31.0,31.0,31.0,31.0,31.0,32.0,32.0,32.0,32.0,33.0,33.0,33.0,33.0,34.0,34.0,34.0,35.0,35.0,35.0,36.0,36.0,37.0,37.0,37.0,38.0,40.0,48.0,25.0,1000.5607843399048,1000.6901960968971,1000.8078431487083,1000.933333337307,2000.89411765337,3000.341176480055,3000.517647087574,3000.6313725709915,3000.760784327984,3001.0,151.02604064941406,158.67234802246094,163.62229919433594,167.50985717773438,170.98535919189453,174.31426086425782,177.87566986083985,182.6634765625,195.43043518066406,346.3139343261719,222.58202,0.0,test_data/Useful/Validation/1 inch at 2ft/20241103_113107_086.jpg,339.0,147.0,61.97456425392696
67,0.0,0.0,2.0,4.0,6.0,7.0,8.0,9.0,10.0,11.0,11.0,12.0,13.0,14.0,14.0,15.0,15.0,16.0,16.0,17.0,17.0,17.0,18.0,18.0,18.0,19.0,19.0,19.720000000000027,20.0,20.0,21.0,21.0,21.0,21.0,22.0,22.0,22.0,22.0,23.0,23.0,23.0,23.0,24.0,24.0,24.0,24.0,24.0,25.0,25.0,25.0,25.0,26.0,26.0,26.0,26.0,26.0,26.0,27.0,27.0,27.0,27.0,27.0,28.0,28.0,28.0,28.0,29.0,29.0,29.0,29.0,29.0,30.0,30.0,30.0,30.0,30.0,31.0,31.0,31.0,31.0,32.0,32.0,32.0,32.0,33.0,33.0,33.0,33.0,34.0,34.0,34.0,35.0,35.0,36.0,36.0,37.0,38.0,38.0,39.0,46.0,26.0,1000.5647059082985,1000.6901960968971,1000.8039215803146,1000.9137254953384,2000.878431379795,3000.3450980484486,3000.517647087574,3000.6313725709915,3000.75686275959,3001.0,150.27796173095703,158.03648681640624,162.9914749145508,166.78342895507814,170.20584106445312,173.59104614257814,177.2636260986328,182.1606872558594,195.26046752929688,346.31512451171875,222.73721,0.0,test_data/Useful/Validation/1 inch at 2ft/20241103_113107_087.jpg,368.0,164.0,61.31844630283013
68,0.0,1.0,3.0,4.0,6.0,7.0,8.0,9.0,10.0,10.0,11.0,12.0,12.0,13.0,13.0,14.0,14.0,15.0,15.0,16.0,16.0,17.0,17.0,17.0,18.0,18.0,18.0,19.0,19.0,19.0,19.0,20.0,20.0,20.0,21.0,21.0,21.0,21.620000000000005,22.0,22.0,22.0,23.0,23.0,23.0,23.0,24.0,24.0,24.0,24.0,25.0,25.0,25.0,25.0,25.0,26.0,26.0,26.0,26.0,26.0,27.0,27.0,27.0,27.0,27.0,28.0,28.0,28.0,28.0,29.0,29.0,29.0,29.0,29.0,30.0,30.0,30.0,30.0,30.0,31.0,31.0,31.0,31.0,32.0,32.0,32.0,32.0,33.0,33.0,34.0,34.0,34.0,34.0,35.0,35.0,35.0,36.0,37.0,38.0,39.0,45.0,29.0,1000.5647059082985,1000.6862745285034,1000.7921568751335,1000.8980392217636,2000.8509804010391,3000.32549020648,3000.5137255191803,3000.627451002598,3000.745098054409,3001.0,149.27822875976562,156.96072387695312,161.90773010253906,165.75685119628906,169.22671508789062,172.6155242919922,176.32046508789062,181.4418182373047,195.48721313476562,346.3205261230469,223.32748,0.0,test_data/Useful/Validation/1 inch at 2ft/20241103_113107_088.jpg,444.0,209.0,60.769662459163655
69,0.0,1.0,3.0,4.960000000000008,6.0,7.0,9.0,10.0,10.0,11.0,12.0,12.0,13.0,13.0,14.0,14.0,15.0,15.0,16.0,16.0,17.0,17.0,17.0,18.0,18.0,19.0,19.0,19.0,20.0,20.0,20.0,20.0,21.0,21.0,21.0,22.0,22.0,22.0,22.0,22.0,23.0,23.0,23.0,23.0,24.0,24.0,24.0,24.0,25.0,25.0,25.0,25.0,25.0,26.0,26.0,26.0,26.0,26.0,27.0,27.0,27.0,27.0,27.0,28.0,28.0,28.0,28.0,29.0,29.0,29.0,29.0,29.0,29.0,30.0,30.0,30.0,30.0,31.0,31.0,31.0,31.0,32.0,32.0,32.0,32.0,33.0,33.0,33.0,33.0,34.0,34.0,35.0,35.0,35.0,36.0,36.0,37.0,38.0,39.0,46.0,29.0,1000.5568627715111,1000.678431391716,1000.7843137383461,1000.8862745165825,2000.8313725590706,3000.298039227724,3000.501960813999,3000.6196078658104,3000.745098054409,3001.0,149.9020538330078,157.51416015625,162.4095458984375,166.2913360595703,169.70352172851562,173.07076110839844,176.7724838256836,181.86202087402344,195.2158966064453,346.3160705566406,222.99957,0.0,test_data/Useful/Validation/1 inch at 2ft/20241103_113107_089.jpg,355.0,167.0,60.67462847986651
70,0.0,1.0,3.0,5.0,6.0,8.0,9.0,10.0,10.0,11.0,12.0,13.0,13.0,14.0,14.0,14.0,15.0,15.0,16.0,16.0,16.0,17.0,17.0,17.0,18.0,18.0,18.0,19.0,19.0,19.0,20.0,20.0,20.0,20.660000000000082,21.0,21.0,21.0,21.0,22.0,22.0,22.0,23.0,23.0,23.0,23.0,24.0,24.0,24.0,24.0,24.0,25.0,25.0,25.0,25.0,26.0,26.0,26.0,26.0,26.0,27.0,27.0,27.0,27.0,27.0,28.0,28.0,28.0,28.0,28.0,29.0,29.0,29.0,29.0,29.0,30.0,30.0,30.0,30.0,31.0,31.0,31.0,31.0,31.0,32.0,32.0,32.0,33.0,33.0,34.0,34.0,34.0,34.0,35.0,35.0,35.0,36.0,37.0,38.0,39.0,46.0,29.0,1000.5490196347237,1000.6705882549286,1000.7764706015587,1000.8705882430077,2000.811764717102,3000.2823529541492,3000.4941176474094,3000.6156862974167,3000.7411764860153,3001.0,149.95098876953125,157.66259765625,162.64453125,166.5103302001953,169.85748291015625,173.16754760742188,176.80411071777343,181.71798706054688,195.29296875,346.31072998046875,223.28804,0.0,test_data/Useful/Validation/1 inch at 2ft/20241103_113107_090.jpg,349.0,140.0,64.37306301644243
71,0.0,1.0,3.0,5.0,6.0,7.0,8.0,9.0,10.0,10.0,11.0,11.0,12.0,13.0,13.0,13.0,14.0,14.0,15.0,15.0,15.0,16.0,16.0,17.0,17.0,17.0,17.0,18.0,18.0,19.0,19.0,19.0,20.0,20.0,20.0,20.0,21.0,21.0,21.0,21.0,22.0,22.0,22.0,22.0,23.0,23.0,23.0,23.0,24.0,24.0,24.0,24.0,25.0,25.0,25.0,25.0,25.0,26.0,26.0,26.0,26.0,26.0,27.0,27.0,27.0,27.0,27.0,28.0,28.0,28.0,28.0,28.0,29.0,29.0,29.0,29.0,29.0,30.0,30.0,30.0,30.0,31.0,31.0,31.0,32.0,32.0,32.0,33.0,33.0,33.0,34.0,34.0,34.0,35.0,35.0,36.0,36.0,37.0,39.0,45.0,27.0,1000.5333333611488,1000.65098041296,1000.7490196228027,1000.8352941274643,2000.5803921818733,3000.1725490242243,3000.447058826685,3000.5882353186607,3000.721568644047,3001.0,149.27586364746094,156.9266815185547,161.8662872314453,165.7008514404297,169.1488037109375,172.4917449951172,176.1284637451172,181.1613311767578,194.71620178222656,346.29656982421875,223.59468,0.0,test_data/Useful/Validation/1 inch at 2ft/20241103_113107_096.jpg,351.0,167.0,55.37323209853689
72,0.0,1.0,3.969999999999999,5.0,6.0,7.0,8.0,9.0,10.0,10.0,11.0,12.0,12.0,13.0,13.0,14.0,14.0,14.0,15.0,15.0,16.0,16.0,16.0,17.0,17.0,17.0,18.0,18.0,18.0,19.0,19.0,19.0,20.0,20.0,20.0,20.0,21.0,21.0,21.0,22.0,22.0,22.0,22.569999999999936,23.0,23.0,23.0,24.0,24.0,24.0,24.0,24.0,25.0,25.0,25.0,25.0,26.0,26.0,26.0,26.0,26.0,27.0,27.0,27.0,27.0,27.0,28.0,28.0,28.0,28.0,29.0,29.0,29.0,29.0,29.0,30.0,30.0,30.0,30.0,30.0,31.0,31.0,31.0,31.0,32.0,32.0,32.0,32.13000000000011,33.0,33.0,33.0,34.0,34.0,34.0,35.0,35.0,36.0,37.0,38.0,39.0,43.0,27.0,1000.517647087574,1000.6392157077789,1000.745098054409,1000.8431372642517,2000.556862771511,3000.1294117718935,3000.4235294163227,3000.5764706134796,3000.721568644047,3001.0,150.60145568847656,158.32815551757812,163.20684051513672,167.05879821777344,170.48660278320312,173.7635009765625,177.38217163085938,182.16574096679688,194.71839904785156,346.279541015625,222.90051,0.0,test_data/Useful/Validation/1 inch at 2ft/20241103_113107_097.jpg,372.0,181.0,55.54251510812627
73,0.0,0.0,2.0,3.0,5.0,6.0,7.0,8.0,9.0,10.0,11.0,11.0,12.0,12.0,13.0,14.0,14.0,14.0,15.0,15.0,16.0,16.0,17.0,17.0,17.0,18.0,18.0,18.0,19.0,19.0,19.0,20.0,20.0,20.0,20.0,21.0,21.0,21.0,21.0,22.0,22.0,22.0,22.0,23.0,23.0,23.0,23.0,24.0,24.0,24.0,24.0,25.0,25.0,25.0,25.0,25.0,26.0,26.0,26.0,26.0,27.0,27.0,27.0,27.0,27.0,28.0,28.0,28.0,28.0,29.0,29.0,29.0,29.0,29.0,30.0,30.0,30.0,30.0,30.0,31.0,31.0,31.0,31.0,32.0,32.0,32.0,33.0,33.0,33.0,34.0,34.0,34.0,35.0,35.0,36.0,36.0,37.0,38.0,39.0,44.0,30.0,1000.5215686559677,1000.6470588445663,1000.7490196228027,1000.8470588326454,2000.6156862974167,3000.1568627506495,3000.43137255311,3000.584313750267,3000.7254902124405,3001.0,150.5876007080078,158.27755737304688,163.16024780273438,167.00274658203125,170.45548248291016,173.72354431152343,177.282568359375,182.04971923828126,194.77357482910156,346.27484130859375,222.70247,0.0,test_data/Useful/Validation/1 inch at 2ft/20241103_113107_098.jpg,374.0,166.0,58.5394270235014
74,0.0,1.0,2.0,4.0,5.0,6.0,7.0,9.0,10.0,10.0,11.0,12.0,12.0,13.0,13.0,14.0,14.0,15.0,15.0,16.0,16.0,16.0,17.0,17.0,17.0,18.0,18.0,18.0,19.0,19.0,19.0,19.0,20.0,20.0,20.0,21.0,21.0,21.0,21.0,21.0,22.0,22.0,22.0,22.0,23.0,23.0,23.0,23.0,24.0,24.0,24.0,24.0,25.0,25.0,25.0,25.0,25.0,26.0,26.0,26.0,26.0,27.0,27.0,27.0,27.0,27.0,28.0,28.0,28.0,28.0,29.0,29.0,29.0,29.0,29.0,30.0,30.0,30.0,30.0,31.0,31.0,31.0,31.0,32.0,32.0,32.0,32.13000000000011,33.0,33.0,33.0,34.0,34.0,35.0,35.0,36.0,36.0,37.0,38.0,39.0,48.0,28.0,1000.5254902243614,1000.6470588445663,1000.7529411911964,1000.8470588326454,2000.6196078658104,3000.160784319043,3000.435294121504,3000.584313750267,3000.7254902124405,3001.0,150.279638671875,157.9388397216797,162.9211685180664,166.74030151367188,170.17922973632812,173.4920654296875,177.08055114746094,181.96707153320312,194.522705078125,346.28436279296875,222.6579,0.0,test_data/Useful/Validation/1 inch at 2ft/20241103_113107_099.jpg,345.0,160.0,60.70327791776822
75,0.0,0.0,1.9699999999999989,3.0,4.950000000000003,6.0,7.0,8.0,9.0,10.0,11.0,12.0,13.0,13.0,14.0,14.0,14.0,15.0,15.0,15.0,16.0,16.0,16.0,17.0,17.0,17.0,18.0,18.0,18.0,19.0,19.0,19.0,20.0,20.0,20.0,20.0,21.0,21.0,21.0,21.0,22.0,22.0,22.0,22.0,23.0,23.0,23.0,23.0,23.0,24.0,24.0,24.0,24.470000000000027,25.0,25.0,25.0,25.0,26.0,26.0,26.0,26.0,26.0,27.0,27.0,27.0,27.0,28.0,28.0,28.0,28.0,28.0,29.0,29.0,29.0,29.0,29.0,30.0,30.0,30.0,30.0,31.0,31.0,31.0,31.0,32.0,32.0,32.0,32.0,33.0,33.0,33.0,34.0,34.0,35.0,35.0,36.0,37.0,37.0,39.0,43.0,28.0,1000.5254902243614,1000.65098041296,1000.7568627595901,1000.8509804010391,2000.6549019813538,3000.1686274558306,3000.435294121504,3000.584313750267,3000.7254902124405,3001.0,150.50213623046875,158.2670440673828,163.12939453125,166.95729064941406,170.37796783447266,173.66502075195314,177.2708740234375,182.0396270751953,194.7307586669922,346.27899169921875,222.60144,0.0,test_data/Useful/Validation/1 inch at 2ft/20241103_113107_100.jpg,383.0,179.0,59.8290892827629
76,0.0,1.0,2.0,3.0,4.0,5.0,6.0,7.0,9.0,10.0,11.0,11.0,11.0,12.0,13.0,13.0,14.0,14.0,14.0,15.0,15.0,16.0,16.0,16.0,17.0,17.0,18.0,18.0,18.0,19.0,19.0,19.0,20.0,20.0,20.0,20.0,21.0,21.0,21.0,21.0,22.0,22.0,22.0,22.0,23.0,23.0,23.0,23.0,24.0,24.0,24.0,24.0,25.0,25.0,25.0,25.0,25.0,26.0,26.0,26.0,26.0,26.0,27.0,27.0,27.0,27.0,27.0,28.0,28.0,28.0,28.0,28.0,29.0,29.0,29.0,29.0,29.0,30.0,30.0,30.0,30.0,31.0,31.0,31.0,31.0,32.0,32.0,32.0,33.0,33.0,34.0,34.0,34.0,35.0,35.0,36.0,37.0,37.0,39.0,42.0,26.0,1000.5529412031174,1000.6823529601097,1000.7882353067398,1000.8862745165825,2000.8235294222832,3000.2784313857555,3000.4941176474094,3000.623529434204,3000.760784327984,3001.0,150.96163635253907,158.6589324951172,163.5244400024414,167.39138793945312,170.7312774658203,174.0595703125,177.6580047607422,182.34747009277345,194.50486755371094,346.331787109375,222.97641,0.0,test_data/Useful/Validation/1 inch at 2ft/20241103_113144_006.jpg,359.0,191.0,64.54274941818935
77,0.0,0.0,1.0,3.0,4.0,5.0,6.0,7.0,8.0,9.0,10.0,10.879999999999995,11.0,12.0,12.0,13.0,13.0,14.0,14.0,14.0,15.0,15.0,16.0,16.0,16.0,17.0,17.0,17.0,18.0,18.0,18.0,19.0,19.0,19.0,20.0,20.0,20.0,20.0,21.0,21.0,21.0,21.0,22.0,22.0,22.0,22.0,23.0,23.0,23.0,23.0,24.0,24.0,24.0,24.0,25.0,25.0,25.0,25.0,25.0,26.0,26.0,26.0,26.0,27.0,27.0,27.0,27.0,27.0,28.0,28.0,28.0,28.0,28.0,29.0,29.0,29.0,29.0,30.0,30.0,30.0,30.0,30.0,31.0,31.0,31.0,32.0,32.0,32.0,33.0,33.0,33.090000000000146,34.0,34.0,35.0,35.0,36.0,36.0,38.0,39.0,44.0,28.0,1000.5568627715111,1000.6823529601097,1000.7921568751335,1000.8901960849762,2000.8470588326454,3000.298039227724,3000.501960813999,3000.627451002598,3000.7647058963776,3001.0,151.0071258544922,158.71759033203125,163.5803680419922,167.44668579101562,170.8306884765625,174.10316467285156,177.62588500976562,182.3199462890625,194.57986450195312,346.3403015136719,222.81114,0.0,test_data/Useful/Validation/1 inch at 2ft/20241103_113144_007.jpg,384.0,195.0,55.87687411884709
78,0.0,0.0,1.0,3.0,4.0,5.0,6.0,7.0,8.0,9.0,9.0,10.0,11.0,11.0,12.0,12.0,13.0,13.0,13.0,14.0,14.0,15.0,15.0,15.0,16.0,16.0,16.0,17.0,17.0,17.0,18.0,18.0,19.0,19.0,19.0,20.0,20.0,20.0,20.0,21.0,21.0,21.0,21.0,22.0,22.0,22.0,22.0,23.0,23.0,23.0,23.0,24.0,24.0,24.0,24.0,24.0,25.0,25.0,25.0,25.0,26.0,26.0,26.0,26.0,27.0,27.0,27.0,27.0,28.0,28.0,28.0,28.0,29.0,29.0,29.0,29.0,30.0,30.0,30.0,30.0,31.0,31.0,31.0,31.0,32.0,32.0,32.0,33.0,33.0,33.0,34.0,34.0,34.0,35.0,35.0,36.0,36.0,37.0,39.0,46.0,24.0,1000.5607843399048,1000.6862745285034,1000.7960784435272,1000.8941176533699,2000.8470588326454,3000.298039227724,3000.501960813999,3000.627451002598,3000.7647058963776,3001.0,151.1574234008789,158.6892303466797,163.60262603759764,167.468017578125,170.8596649169922,174.12591552734375,177.6948989868164,182.35796203613282,194.4122314453125,346.33013916015625,222.95302,0.0,test_data/Useful/Validation/1 inch at 2ft/20241103_113144_008.jpg,361.0,167.0,58.73174542190549
79,0.0,0.0,2.0,3.0,4.0,6.0,7.0,7.0,8.0,9.0,10.0,10.879999999999995,11.0,12.0,12.0,13.0,13.0,14.0,14.0,15.0,15.0,16.0,16.0,16.0,17.0,17.0,17.0,18.0,18.0,18.0,19.0,19.0,19.0,19.0,20.0,20.0,20.0,20.0,21.0,21.0,21.0,21.0,22.0,22.0,22.0,22.0,23.0,23.0,23.0,23.0,24.0,24.0,24.0,24.0,25.0,25.0,25.0,25.0,25.0,26.0,26.0,26.0,26.0,26.0,27.0,27.0,27.0,27.0,27.0,28.0,28.0,28.0,28.0,29.0,29.0,29.0,29.0,30.0,30.0,30.0,30.0,30.0,31.0,31.0,31.0,32.0,32.0,33.0,33.0,33.0,33.0,34.0,34.0,35.0,35.0,36.0,36.0,37.0,39.0,44.0,26.0,1000.5607843399048,1000.6862745285034,1000.7960784435272,1000.8980392217636,2000.8470588326454,3000.298039227724,3000.501960813999,3000.627451002598,3000.7647058963776,3001.0,151.0322235107422,158.7164764404297,163.60690307617188,167.46450805664062,170.83377075195312,174.11357421875,177.63885498046875,182.31773376464844,194.4020233154297,346.331298828125,222.84634,0.0,test_data/Useful/Validation/1 inch at 2ft/20241103_113144_009.jpg,361.0,177.0,59.84858230503625
80,0.0,0.0,1.0,3.0,4.0,5.0,6.0,7.0,8.0,9.0,9.0,10.0,11.0,11.0,12.0,13.0,13.0,13.0,14.0,14.0,15.0,15.0,15.0,16.0,16.0,16.0,17.0,17.0,17.0,18.0,18.0,18.0,19.0,19.0,19.0,19.0,20.0,20.0,20.610000000000014,21.0,21.0,21.0,22.0,22.0,22.0,22.0,22.0,23.0,23.0,23.0,23.0,24.0,24.0,24.0,24.0,25.0,25.0,25.0,25.0,25.0,26.0,26.0,26.0,26.0,26.0,27.0,27.0,27.0,27.0,28.0,28.0,28.0,28.0,29.0,29.0,29.0,29.0,30.0,30.0,30.0,30.0,31.0,31.0,31.0,32.0,32.0,32.0,33.0,33.0,33.0,34.0,34.0,35.0,35.0,35.04999999999973,36.0,37.0,38.0,39.0,44.0,25.0,1000.5607843399048,1000.6901960968971,1000.8000000119209,1000.8980392217636,2000.8509804010391,3000.301960796118,3000.505882382393,3000.6313725709915,3000.7686274647713,3001.0,150.96653442382814,158.65157775878907,163.56249389648437,167.35577087402345,170.7624053955078,174.05709838867188,177.5828399658203,182.28890380859374,194.26199340820312,346.330810546875,222.92448,0.0,test_data/Useful/Validation/1 inch at 2ft/20241103_113144_010.jpg,375.0,185.0,62.204640771745204
81,0.0,0.0,1.0,2.960000000000008,4.0,5.0,6.0,7.0,8.0,9.0,10.0,10.0,11.0,11.0,12.0,12.0,13.0,13.0,14.0,14.0,15.0,15.0,15.0,16.0,16.0,16.0,17.0,17.0,17.0,18.0,18.0,18.0,19.0,19.0,19.0,19.0,20.0,20.0,20.0,20.0,21.0,21.0,21.0,21.0,22.0,22.0,22.0,22.0,23.0,23.0,23.0,23.0,24.0,24.0,24.0,24.0,25.0,25.0,25.0,25.0,25.0,26.0,26.0,26.0,26.0,27.0,27.0,27.0,27.0,28.0,28.0,28.0,28.0,28.0,29.0,29.0,29.0,29.0,30.0,30.0,30.0,30.0,31.0,31.0,31.0,32.0,32.0,32.0,33.0,33.0,33.0,34.0,34.0,34.0,35.0,35.0,36.0,37.0,39.0,43.0,28.0,1000.5764706134796,1000.7019608020782,1000.811764717102,1000.9529411792755,2000.9137254953384,3000.3568627536297,3000.533333361149,3000.6431372761726,3000.772549033165,3001.0,149.83795623779298,157.610302734375,162.47911834716797,166.35848999023438,169.75354766845703,173.05899047851562,176.6944122314453,181.50796508789062,194.45346069335938,346.33734130859375,222.77783,0.0,test_data/Useful/Validation/1 inch at 2ft/20241103_113144_016.jpg,337.0,148.0,57.893758994956805
82,0.0,0.0,0.0,1.0,3.0,4.0,5.0,6.0,7.0,8.0,8.0,9.0,10.0,11.0,11.0,12.0,12.0,13.0,13.0,14.0,14.0,14.0,15.0,15.0,16.0,16.0,16.0,17.0,17.0,17.0,18.0,18.0,18.0,18.0,19.0,19.0,19.0,19.0,20.0,20.0,20.0,21.0,21.0,21.0,21.0,22.0,22.0,22.0,22.0,23.0,23.0,23.0,23.0,23.0,24.0,24.0,24.0,24.0,25.0,25.0,25.0,26.0,26.0,26.0,26.0,26.0,27.0,27.0,27.0,27.0,28.0,28.0,28.0,28.0,28.0,29.0,29.0,29.0,30.0,30.0,30.0,30.0,30.0,31.0,31.0,31.0,32.0,32.0,32.0,33.0,33.0,33.0,34.0,34.0,35.0,36.0,36.0,37.0,38.0,45.0,28.0,1000.5764706134796,1000.7019608020782,1000.8156862854958,1000.9764705896378,2000.9294117689133,3000.3568627536297,3000.533333361149,3000.6431372761726,3000.772549033165,3001.0,150.10511779785156,157.8364715576172,162.737060546875,166.5775115966797,170.015380859375,173.33623657226562,176.94772033691407,181.67171630859374,194.1830291748047,346.3308410644531,223.01245,0.0,test_data/Useful/Validation/1 inch at 2ft/20241103_113144_017.jpg,397.0,184.0,59.06950286737855
83,0.0,0.0,1.0,3.0,4.0,5.0,6.0,7.0,8.0,9.0,9.0,10.0,10.0,11.0,12.0,12.0,13.0,13.0,13.0,14.0,14.0,14.0,15.0,15.0,16.0,16.0,16.0,17.0,17.0,17.0,17.0,18.0,18.0,18.0,19.0,19.0,19.0,20.0,20.0,20.0,20.0,21.0,21.0,21.0,22.0,22.0,22.0,22.0,22.0,23.0,23.0,23.0,23.0,24.0,24.0,24.0,24.0,25.0,25.0,25.0,25.0,26.0,26.0,26.0,26.0,26.0,27.0,27.0,27.0,27.0,27.0,28.0,28.0,28.0,28.0,29.0,29.0,29.0,29.0,30.0,30.0,30.0,30.0,31.0,31.0,31.0,31.0,32.0,32.0,32.0,33.0,33.0,34.0,34.0,35.0,35.0,36.0,37.0,38.0,44.0,27.0,1000.5803921818733,1000.705882370472,1000.8156862854958,1000.9960784316063,2001.0,3000.3725490272045,3000.5411764979362,3000.6470588445663,3000.7764706015587,3001.0,149.81614685058594,157.5571746826172,162.46328735351562,166.29175109863283,169.677001953125,173.02117919921875,176.61572265625,181.39315795898438,194.21546936035156,346.3389587402344,223.079,0.0,test_data/Useful/Validation/1 inch at 2ft/20241103_113144_018.jpg,343.0,162.0,56.4052830680528
84,0.0,0.0,1.0,2.0,3.0,4.0,5.0,6.0,7.0,8.0,9.0,10.0,10.0,11.0,11.0,12.0,12.0,13.0,13.0,14.0,14.0,14.0,14.769999999999982,15.0,15.0,16.0,16.0,16.0,17.0,17.0,17.0,18.0,18.0,18.0,19.0,19.0,19.0,19.0,20.0,20.0,20.0,20.0,21.0,21.0,21.0,22.0,22.0,22.0,22.0,23.0,23.0,23.0,23.0,24.0,24.0,24.0,24.0,24.0,25.0,25.0,25.0,25.0,25.0,26.0,26.0,26.0,26.0,27.0,27.0,27.0,27.0,27.0,28.0,28.0,28.0,28.0,29.0,29.0,29.0,30.0,30.0,30.0,30.0,30.0,31.0,31.0,31.0,32.0,32.0,32.0,32.0,33.0,33.0,33.059999999999945,34.0,35.0,35.0,36.0,37.00999999999976,44.0,24.0,1000.5803921818733,1000.705882370472,1000.8156862854958,2000.1411764770746,2000.9921568632126,3000.3725490272045,3000.5411764979362,3000.6470588445663,3000.772549033165,3001.0,149.5151397705078,157.2285614013672,162.20899047851563,166.06015319824218,169.45929718017578,172.791015625,176.4019821166992,181.22566528320314,194.42721557617188,346.3363952636719,223.27934,0.0,test_data/Useful/Validation/1 inch at 2ft/20241103_113144_019.jpg,381.0,178.0,62.41334595494075
85,0.0,0.0,1.0,3.0,3.950000000000003,5.0,6.0,7.0,7.909999999999997,8.900000000000006,9.0,10.0,11.0,11.0,11.0,12.0,12.0,13.0,13.0,14.0,14.0,14.0,15.0,15.0,15.0,16.0,16.0,17.0,17.0,17.0,18.0,18.0,18.0,19.0,19.0,19.0,20.0,20.0,20.0,20.0,21.0,21.0,21.0,21.0,22.0,22.0,22.0,22.0,22.0,23.0,23.0,23.0,23.0,24.0,24.0,24.0,24.0,25.0,25.0,25.0,25.0,25.0,26.0,26.0,26.0,26.0,27.0,27.0,27.0,27.0,28.0,28.0,28.0,28.0,28.0,29.0,29.0,29.0,29.0,30.0,30.0,30.0,30.0,31.0,31.0,31.0,32.0,32.0,32.0,33.0,33.0,33.0,34.0,34.0,35.0,35.0,36.0,37.0,38.0,45.0,27.0,1000.584313750267,1000.7098039388657,1000.8196078538895,2000.2117647081614,3000.0509803928435,3000.380392163992,3000.54509806633,3000.65098041296,3000.7764706015587,3001.0,149.64034271240234,157.3797180175781,162.32123565673828,166.14793090820314,169.60215759277344,172.9578399658203,176.58346557617188,181.40989685058594,194.14309692382812,346.33929443359375,223.15921,0.0,test_data/Useful/Validation/1 inch at 2ft/20241103_113144_020.jpg,396.0,198.0,60.55683136417186
86,0.0,0.0,1.0,3.0,4.0,5.0,6.0,7.0,8.0,8.0,9.0,10.0,10.0,11.0,11.0,12.0,12.0,12.0,13.0,13.0,14.0,14.0,15.0,15.0,15.0,16.0,16.0,16.720000000000027,17.0,17.0,18.0,18.0,18.0,19.0,19.0,19.0,19.0,20.0,20.0,20.0,20.0,21.0,21.0,21.0,21.549999999999955,22.0,22.0,22.0,23.0,23.0,23.0,23.0,23.0,24.0,24.0,24.0,24.0,25.0,25.0,25.0,25.0,26.0,26.0,26.0,26.0,26.0,27.0,27.0,27.0,27.0,28.0,28.0,28.0,28.0,28.0,29.0,29.0,29.0,29.0,30.0,30.0,30.0,30.0,31.0,31.0,31.0,31.0,32.0,32.0,32.0,33.0,33.0,34.0,34.0,34.0,35.0,36.0,36.0,38.0,42.0,23.0,1000.5803921818733,1000.705882370472,1000.8235294222832,2000.1803921610117,2000.9882352948189,3000.3725490272045,3000.5411764979362,3000.65098041296,3000.7803921699524,3001.0,150.19044494628906,157.9595947265625,162.8276824951172,166.7320556640625,170.14198303222656,173.4378662109375,176.95273284912108,181.78336181640626,194.421875,346.3409729003906,223.49622,0.0,test_data/Useful/Validation/1 inch at 2ft/20241103_113144_026.jpg,365.0,173.0,51.36773200457914
87,0.0,0.0,0.0,2.0,3.0,5.0,6.0,7.0,8.0,9.0,10.0,11.0,11.870000000000005,12.0,13.0,13.0,14.0,14.0,14.0,15.0,15.0,16.0,16.0,16.0,16.0,17.0,17.0,17.0,18.0,18.0,18.0,19.0,19.0,19.0,19.0,20.0,20.0,20.0,20.0,21.0,21.0,21.0,21.0,22.0,22.0,22.0,22.0,23.0,23.0,23.0,23.0,24.0,24.0,24.0,24.0,25.0,25.0,25.0,25.0,26.0,26.0,26.0,26.0,26.0,27.0,27.0,27.0,27.0,27.0,28.0,28.0,28.0,28.0,29.0,29.0,29.0,29.0,30.0,30.0,30.0,30.0,30.0,31.0,31.0,31.0,31.0,32.0,32.0,32.0,33.0,33.0,33.0,34.0,34.0,35.0,35.039999999999964,36.0,37.0,39.0,44.0,26.0,1000.5764706134796,1000.705882370472,1000.8235294222832,2000.137254908681,2000.9686274528503,3000.368627458811,3000.5372549295425,3000.65098041296,3000.7803921699524,3001.0,150.55047302246095,158.19859924316407,163.14752197265625,167.05341796875,170.4493637084961,173.80702514648436,177.36452026367186,182.08602905273438,194.57229614257812,346.33685302734375,223.16626,0.0,test_data/Useful/Validation/1 inch at 2ft/20241103_113144_027.jpg,349.0,159.0,60.89908116297906
88,0.0,0.0,1.0,3.0,4.0,5.0,6.0,7.0,8.0,9.0,10.0,10.0,11.0,11.0,12.0,12.0,13.0,13.0,13.0,14.0,14.0,14.779999999999973,15.0,15.0,16.0,16.0,16.0,17.0,17.0,17.0,18.0,18.0,18.0,19.0,19.0,19.0,20.0,20.0,20.0,20.0,20.0,21.0,21.0,21.0,22.0,22.0,22.0,22.0,23.0,23.0,23.0,23.0,24.0,24.0,24.0,24.0,24.429999999999836,25.0,25.0,25.0,25.0,26.0,26.0,26.0,26.0,27.0,27.0,27.0,27.0,27.0,28.0,28.0,28.0,28.0,29.0,29.0,29.0,29.0,30.0,30.0,30.0,30.0,31.0,31.0,31.0,31.0,32.0,32.0,32.0,33.0,33.0,34.0,34.0,35.0,35.0,36.0,36.0,37.0,39.0,46.0,25.0,1000.5764706134796,1000.705882370472,1000.8235294222832,2000.215686276555,3000.054901961237,3000.380392163992,3000.54509806633,3000.65098041296,3000.7803921699524,3001.0,150.72606964111327,158.37462768554687,163.23129272460938,167.0695343017578,170.429443359375,173.73146362304686,177.31436157226562,182.11404418945312,194.56118774414062,346.33984375,223.01654,0.0,test_data/Useful/Validation/1 inch at 2ft/20241103_113144_028.jpg,382.0,191.0,58.313811047143744
89,0.0,0.0,0.0,2.0,3.0,5.0,6.0,7.0,8.0,8.0,9.0,9.879999999999995,10.0,11.0,11.0,12.0,12.0,12.0,13.0,13.0,14.0,14.0,15.0,15.0,15.0,16.0,16.0,16.0,17.0,17.0,17.0,17.0,18.0,18.0,18.0,19.0,19.0,19.0,20.0,20.0,20.0,20.0,21.0,21.0,21.0,22.0,22.0,22.0,22.0,23.0,23.0,23.0,24.0,24.0,24.0,24.0,24.0,25.0,25.0,25.0,25.0,25.37999999999988,26.0,26.0,26.0,26.0,26.0,27.0,27.0,27.0,27.0,28.0,28.0,28.0,28.0,29.0,29.0,29.0,29.0,30.0,30.0,30.0,30.0,31.0,31.0,31.0,32.0,32.0,32.0,33.0,33.0,33.0,34.0,34.0,35.0,36.0,37.0,37.0,39.0,44.0,26.0,1000.584313750267,1000.7137255072594,1000.8274509906769,2000.1803921610117,3000.058823529631,3000.380392163992,3000.5411764979362,3000.65098041296,3000.7803921699524,3001.0,150.52027893066406,158.21395874023438,163.1335220336914,166.984228515625,170.38011169433594,173.68975830078125,177.23544311523438,181.96871948242188,194.3856201171875,346.3424987792969,222.75662,0.0,test_data/Useful/Validation/1 inch at 2ft/20241103_113144_029.jpg,415.0,199.0,57.9145927770309
90,0.0,0.0,1.0,2.0,3.0,4.0,6.0,7.0,8.0,9.0,9.0,10.0,11.0,11.0,12.0,12.0,13.0,13.0,14.0,14.0,14.0,15.0,15.0,16.0,16.0,16.0,17.0,17.0,17.0,17.0,18.0,18.0,18.0,19.0,19.0,19.0,20.0,20.0,20.0,20.0,21.0,21.0,21.0,21.0,22.0,22.0,22.0,22.0,23.0,23.0,23.0,23.0,24.0,24.0,24.0,24.0,25.0,25.0,25.0,25.0,25.0,26.0,26.0,26.0,26.0,26.0,27.0,27.0,27.0,27.0,28.0,28.0,28.0,28.0,29.0,29.0,29.0,29.0,30.0,30.0,30.0,30.0,31.0,31.0,31.0,32.0,32.0,32.0,32.0,33.0,33.0,34.0,34.0,34.0,35.0,36.0,36.0,37.0,38.0,41.0,26.0,1000.584313750267,1000.7137255072594,1000.8274509906769,2000.1686274558306,3000.054901961237,3000.3843137323856,3000.54509806633,3000.6549019813538,3000.784313738346,3001.0,150.46245727539062,158.10132751464843,163.0162109375,166.86290283203127,170.2692413330078,173.56556091308593,177.1443328857422,181.90200805664062,194.3199920654297,346.3409729003906,222.81967,0.0,test_data/Useful/Validation/1 inch at 2ft/20241103_113144_030.jpg,357.0,161.0,60.2580219007768
91,0.0,0.0,0.0,2.0,3.0,4.0,5.0,6.0,7.0,8.0,9.0,9.879999999999995,10.0,11.0,11.0,11.0,12.0,12.0,13.0,13.0,14.0,14.0,14.769999999999982,15.0,15.0,16.0,16.0,16.0,17.0,17.0,17.0,18.0,18.0,18.0,19.0,19.0,19.0,19.0,20.0,20.0,20.0,20.0,21.0,21.0,21.0,21.0,22.0,22.0,22.0,23.0,23.0,23.0,23.0,23.0,24.0,24.0,24.0,24.0,25.0,25.0,25.0,25.0,26.0,26.0,26.0,26.0,26.0,27.0,27.0,27.0,27.0,28.0,28.0,28.0,28.0,29.0,29.0,29.0,29.0,30.0,30.0,30.0,31.0,31.0,31.0,31.0,32.0,32.0,32.0,33.0,33.0,33.0,34.0,34.0,35.0,35.0,36.0,37.0,39.0,44.0,26.0,1000.6039215922356,1000.7294117808342,1000.839215695858,2000.6352941393852,3000.203921571374,3000.46274510026,3000.5882353186607,3000.6823529601097,3000.796078443527,3001.0,149.47721099853516,157.15916748046874,162.03661499023437,165.89771728515626,169.31935119628906,172.69290466308593,176.2814483642578,181.18450927734375,194.36325073242188,346.3894958496094,223.29042,0.0,test_data/Useful/Validation/1 inch at 2ft/20241103_113144_061.jpg,366.0,164.0,64.13958859038895
92,0.0,0.0,2.0,4.0,5.0,7.0,7.0,8.0,9.0,10.0,10.0,11.0,11.0,12.0,12.0,13.0,14.0,14.0,14.0,15.0,15.0,15.0,16.0,16.0,17.0,17.0,17.0,17.0,18.0,18.0,18.0,19.0,19.0,19.0,20.0,20.0,20.0,20.0,21.0,21.0,21.0,21.0,22.0,22.0,22.0,23.0,23.0,23.0,23.0,24.0,24.0,24.0,24.0,24.0,24.0,25.0,25.0,25.0,25.0,25.399999999999864,26.0,26.0,26.0,26.0,26.0,27.0,27.0,27.0,27.0,28.0,28.0,28.0,28.0,28.0,29.0,29.0,29.0,29.0,30.0,30.0,30.0,30.0,31.0,31.0,31.0,32.0,32.0,32.0,33.0,33.0,33.0,34.0,34.0,35.0,35.0,36.0,36.0,37.0,38.0,43.0,24.0,1000.6039215922356,1000.7372549176216,1000.8470588326454,2000.7019608020782,3000.2196078449488,3000.4666666686535,3000.5921568870544,3000.6862745285034,3000.800000011921,3001.0,149.8741897583008,157.51783447265626,162.41851196289062,166.28309326171876,169.75341796875,173.0706024169922,176.64214172363282,181.45038757324218,194.2987060546875,346.3868713378906,223.29437,0.0,test_data/Useful/Validation/1 inch at 2ft/20241103_113144_062.jpg,334.0,165.0,58.11774442673456
93,0.0,0.0,1.0,3.0,4.0,5.0,6.0,7.0,8.0,9.0,10.0,10.0,11.0,12.0,12.0,13.0,13.0,13.0,14.0,14.0,15.0,15.0,15.0,16.0,16.0,16.0,17.0,17.0,17.0,18.0,18.0,18.0,19.0,19.0,19.0,20.0,20.0,20.0,20.0,21.0,21.0,21.0,21.0,22.0,22.0,22.0,22.0,23.0,23.0,23.0,23.0,24.0,24.0,24.0,24.0,25.0,25.0,25.0,25.0,25.0,26.0,26.0,26.0,26.0,27.0,27.0,27.0,27.0,27.0,28.0,28.0,28.0,28.0,28.25999999999999,29.0,29.0,29.0,30.0,30.0,30.0,30.0,30.0,31.0,31.0,31.0,31.0,32.0,32.0,32.0,33.0,33.0,34.0,34.0,35.0,35.0,36.0,37.0,38.0,39.0,44.0,30.0,1000.6078431606293,1000.745098054409,1000.8549019694328,2000.717647075653,3000.2392156869173,3000.470588237047,3000.5921568870544,3000.690196096897,3000.8078431487083,3001.0,150.52759857177736,158.253076171875,163.16012573242188,166.93316040039062,170.33766174316406,173.61380004882812,177.20951232910156,181.9732666015625,194.4102325439453,346.37799072265625,222.90987,0.0,test_data/Useful/Validation/1 inch at 2ft/20241103_113144_063.jpg,332.0,155.0,53.43108869748502
94,0.0,0.0,0.0,1.0,3.0,4.0,5.0,6.0,7.0,8.0,8.0,9.0,10.0,11.0,11.0,12.0,13.0,13.0,13.0,14.0,14.0,14.0,14.0,15.0,15.0,16.0,16.0,16.0,17.0,17.0,18.0,18.0,18.0,19.0,19.0,19.0,19.0,20.0,20.0,20.0,21.0,21.0,21.0,21.0,21.0,22.0,22.0,22.0,23.0,23.0,23.0,23.0,23.0,24.0,24.0,24.0,25.0,25.0,25.0,25.0,25.0,26.0,26.0,26.0,26.0,27.0,27.0,27.0,27.0,28.0,28.0,28.0,28.0,28.25999999999999,29.0,29.0,29.0,29.0,30.0,30.0,30.0,31.0,31.0,31.0,31.0,32.0,32.0,32.0,33.0,33.0,34.0,34.0,34.0,35.0,35.0,36.0,36.029999999999745,37.0,39.0,44.0,23.0,1000.6000000238419,1000.7411764860153,1000.8549019694328,2000.733333349228,3000.2392156869173,3000.470588237047,3000.5921568870544,3000.690196096897,3000.8078431487083,3001.0,150.8960189819336,158.4995849609375,163.32577667236328,167.1890411376953,170.564208984375,173.911865234375,177.4436477661133,182.11842041015626,194.19615173339844,346.3778076171875,222.83243,0.0,test_data/Useful/Validation/1 inch at 2ft/20241103_113144_064.jpg,387.0,190.0,63.44460210463762
95,0.0,0.0,1.0,2.0,4.0,5.0,6.0,7.0,7.0,8.0,9.0,10.0,10.0,11.0,11.0,12.0,12.0,13.0,13.0,14.0,14.0,14.0,15.0,15.0,15.0,16.0,16.0,16.0,17.0,17.0,17.0,18.0,18.0,18.0,18.0,19.0,19.0,19.0,20.0,20.0,20.0,20.0,21.0,21.0,21.0,22.0,22.0,22.0,22.0,23.0,23.0,23.0,23.0,23.0,24.0,24.0,24.0,24.0,25.0,25.0,25.0,25.0,25.0,25.0,26.0,26.0,26.0,26.0,27.0,27.0,27.0,27.0,27.0,28.0,28.0,28.0,28.230000000000018,29.0,29.0,29.0,29.0,30.0,30.0,30.0,31.0,31.0,31.0,32.0,32.0,32.0,33.0,33.0,33.0,34.0,34.04999999999973,35.0,36.0,37.0,39.0,47.0,25.0,1000.6039215922356,1000.7372549176216,1000.8549019694328,2000.705882370472,3000.2196078449488,3000.46274510026,3000.5921568870544,3000.694117665291,3000.811764717102,3001.0,150.42742919921875,158.12796630859376,162.9757843017578,166.84201049804688,170.25969696044922,173.48289794921874,177.00943756103516,181.72632446289063,194.21270751953125,346.3877868652344,223.13556,0.0,test_data/Useful/Validation/1 inch at 2ft/20241103_113144_071.jpg,389.0,178.0,66.29645393595374
96,0.0,0.0,1.0,3.0,4.0,5.0,6.0,7.0,8.0,9.0,10.0,10.0,11.0,11.0,12.0,12.0,12.830000000000041,13.0,14.0,14.0,14.0,15.0,15.0,15.0,16.0,16.0,16.0,17.0,17.0,17.0,18.0,18.0,18.0,19.0,19.0,19.0,20.0,20.0,20.0,20.0,21.0,21.0,21.0,21.559999999999945,22.0,22.0,22.0,22.0,23.0,23.0,23.0,23.0,23.0,24.0,24.0,24.0,24.0,25.0,25.0,25.0,25.0,25.0,26.0,26.0,26.0,26.0,26.0,27.0,27.0,27.0,27.0,28.0,28.0,28.0,28.0,29.0,29.0,29.0,29.0,29.0,30.0,30.0,30.0,31.0,31.0,31.0,31.0,32.0,32.0,32.09999999999991,33.0,33.0,34.0,34.0,34.04999999999973,35.0,36.0,36.0,38.0,46.0,23.0,1000.6078431606293,1000.7372549176216,1000.8509804010391,2000.6745098233223,3000.2000000029802,3000.458823531866,3000.5921568870544,3000.690196096897,3000.811764717102,3001.0,150.42787170410156,158.02206420898438,162.91021728515625,166.7032897949219,170.03716278076172,173.33290100097656,176.91775512695312,181.70733642578125,194.4661865234375,346.3916015625,223.43283,0.0,test_data/Useful/Validation/1 inch at 2ft/20241103_113144_072.jpg,369.0,163.0,59.729351115843606
97,0.0,0.0,0.0,1.0,2.950000000000003,4.0,5.0,6.0,7.0,7.900000000000006,9.0,9.0,10.0,11.0,11.0,11.0,12.0,12.0,13.0,13.0,14.0,14.0,14.0,15.0,15.0,15.0,16.0,16.0,16.0,17.0,17.0,17.0,17.0,18.0,18.0,18.0,19.0,19.0,19.0,19.0,20.0,20.0,20.0,21.0,21.0,21.0,21.0,22.0,22.0,22.0,22.0,23.0,23.0,23.0,23.0,24.0,24.0,24.0,24.0,24.0,25.0,25.0,25.0,26.0,26.0,26.0,26.0,26.0,27.0,27.0,27.0,27.0,27.0,28.0,28.0,28.0,28.0,29.0,29.0,29.0,30.0,30.0,30.0,31.0,31.0,31.0,32.0,32.0,32.0,33.0,33.0,33.0,34.0,34.0,35.0,35.0,36.0,37.0,38.00999999999976,43.0,26.0,1000.6039215922356,1000.7333333492279,1000.8470588326454,2000.6352941393852,3000.2000000029802,3000.458823531866,3000.5921568870544,3000.690196096897,3000.811764717102,3001.0,150.20723724365234,157.86919555664062,162.75487365722657,166.61839599609374,170.0166778564453,173.29769897460938,176.8955276489258,181.59060668945312,194.33157348632812,346.39739990234375,222.8931,0.0,test_data/Useful/Validation/1 inch at 2ft/20241103_113144_073.jpg,404.0,180.0,58.748480664479096
98,0.0,0.0,0.0,1.0,2.0,4.0,5.0,6.0,7.0,8.0,8.0,9.0,10.0,10.0,11.0,11.0,11.0,12.0,12.0,12.0,13.0,13.0,14.0,14.0,14.0,15.0,15.0,15.0,16.0,16.0,16.0,17.0,17.0,17.0,18.0,18.0,18.0,18.0,19.0,19.0,19.589999999999918,20.0,20.0,20.0,21.0,21.0,21.0,21.0,22.0,22.0,22.0,22.0,22.0,23.0,23.0,23.0,23.0,24.0,24.0,24.0,24.0,24.37999999999988,25.0,25.0,25.0,25.340000000000146,26.0,26.0,26.0,27.0,27.0,27.0,27.0,27.0,28.0,28.0,28.0,28.0,29.0,29.0,29.0,29.0,30.0,30.0,30.0,31.0,31.0,31.0,32.0,32.0,33.0,33.0,34.0,34.0,35.0,35.0,36.0,37.0,39.0,42.0,23.0,1000.6078431606293,1000.7372549176216,1000.8470588326454,2000.639215707779,3000.203921571374,3000.46274510026,3000.596078455448,3000.694117665291,3000.8078431487083,3001.0,149.80490112304688,157.5119171142578,162.40636444091797,166.31043090820313,169.69302368164062,173.03110046386718,176.6464080810547,181.4726104736328,194.14932250976562,346.4039611816406,223.15454,0.0,test_data/Useful/Validation/1 inch at 2ft/20241103_113144_074.jpg,435.0,212.0,59.896822630818875
99,0.0,0.0,1.0,3.0,4.0,5.0,6.0,7.0,8.0,9.0,9.0,10.0,11.0,11.0,12.0,12.0,13.0,13.0,13.0,14.0,14.0,14.0,15.0,15.0,16.0,16.0,16.0,17.0,17.0,17.0,18.0,18.0,18.0,19.0,19.0,19.0,20.0,20.0,20.0,20.0,21.0,21.0,21.0,21.0,22.0,22.0,22.0,22.0,23.0,23.0,23.0,23.0,24.0,24.0,24.0,24.0,25.0,25.0,25.0,25.0,25.0,26.0,26.0,26.0,26.0,27.0,27.0,27.0,27.0,27.0,28.0,28.0,28.0,28.0,29.0,29.0,29.0,29.0,30.0,30.0,30.0,30.0,30.170000000000073,31.0,31.0,31.0,32.0,32.0,32.0,33.0,33.0,33.0,34.0,34.0,35.0,36.0,36.0,37.0,39.0,46.0,25.0,1000.6039215922356,1000.7411764860153,1000.8627451062202,2000.6705882549286,3000.192156866193,3000.447058826685,3000.5803921818733,3000.6823529601097,3000.8039215803146,3001.0,150.5728759765625,158.1350555419922,163.03567504882812,166.8474578857422,170.24722290039062,173.57928466796875,177.14706420898438,181.9566192626953,194.51486206054688,346.3717041015625,223.33238,0.0,test_data/Useful/Validation/1 inch at 2ft/20241103_113144_081.jpg,389.0,200.0,57.44607724180762
100,0.0,0.0,2.0,3.0,4.0,5.0,6.0,7.0,8.0,9.0,9.0,10.0,11.0,11.0,11.0,12.0,13.0,13.0,13.810000000000002,14.0,14.0,15.0,15.0,16.0,16.0,16.0,17.0,17.0,17.0,18.0,18.0,18.0,19.0,19.0,19.0,19.0,20.0,20.0,20.0,20.600000000000023,21.0,21.0,21.0,22.0,22.0,22.0,22.0,23.0,23.0,23.0,23.0,23.0,24.0,24.0,24.0,24.0,24.0,25.0,25.0,25.0,25.0,26.0,26.0,26.0,26.0,26.0,27.0,27.0,27.0,27.0,27.0,28.0,28.0,28.0,28.0,29.0,29.0,29.0,29.0,29.0,30.0,30.0,30.0,31.0,31.0,31.0,32.0,32.0,32.0,33.0,33.0,33.0,34.0,34.0,35.0,35.0,36.0,37.0,38.0,46.0,27.0,1000.6039215922356,1000.7411764860153,1000.8627451062202,2000.6588235497475,3000.188235297799,3000.447058826685,3000.5803921818733,3000.6823529601097,3000.8039215803146,3001.0,150.48722076416016,158.2174865722656,163.07277069091796,166.91954650878907,170.33558654785156,173.64971923828125,177.24822998046875,181.9863739013672,194.39642333984375,346.3693542480469,223.38208,0.0,test_data/Useful/Validation/1 inch at 2ft/20241103_113144_082.jpg,383.0,191.0,60.26189104170644
101,0.0,0.0,1.0,3.0,4.0,5.0,6.0,7.920000000000016,8.0,10.0,10.0,11.0,12.0,12.0,13.0,13.0,14.0,14.0,14.0,15.0,15.0,15.0,16.0,16.0,16.0,17.0,17.0,18.0,18.0,18.0,18.0,19.0,19.0,19.0,20.0,20.0,20.0,20.0,21.0,21.0,21.0,21.0,22.0,22.0,22.0,22.0,23.0,23.0,23.0,23.0,23.0,24.0,24.0,24.0,24.0,25.0,25.0,25.0,25.0,25.0,26.0,26.0,26.0,26.0,27.0,27.0,27.0,27.0,27.0,28.0,28.0,28.0,28.0,28.0,29.0,29.0,29.0,29.0,30.0,30.0,30.0,30.0,31.0,31.0,31.0,32.0,32.0,32.0,32.11000000000013,33.0,33.0,34.0,34.0,34.0,35.0,36.0,36.0,38.0,39.0,45.0,26.0,1000.6000000238419,1000.7411764860153,1000.8627451062202,2000.6588235497475,3000.1843137294054,3000.4431372582912,3000.5803921818733,3000.6823529601097,3000.8078431487083,3001.0,150.81771850585938,158.46731567382812,163.29364013671875,167.12232971191406,170.50686645507812,173.81600952148438,177.36175537109375,182.1141815185547,194.20068359375,346.3699035644531,223.01064,0.0,test_data/Useful/Validation/1 inch at 2ft/20241103_113144_083.jpg,373.0,191.0,60.26850398294646
102,0.0,0.0,0.9699999999999989,1.960000000000008,3.0,4.0,5.0,6.0,7.0,8.0,9.0,10.0,10.0,11.0,11.0,12.0,12.0,12.819999999999993,13.0,14.0,14.0,14.0,15.0,15.0,15.0,16.0,16.0,16.0,17.0,17.0,17.0,18.0,18.0,19.0,19.0,19.0,19.0,20.0,20.0,20.0,21.0,21.0,21.0,21.0,22.0,22.0,22.0,23.0,23.0,23.0,23.0,23.0,24.0,24.0,24.0,24.0,25.0,25.0,25.0,25.0,26.0,26.0,26.0,26.0,26.0,27.0,27.0,27.0,27.0,27.0,28.0,28.0,28.0,28.0,29.0,29.0,29.0,29.0,30.0,30.0,30.0,30.0,31.0,31.0,31.0,31.0,32.0,32.0,32.0,33.0,33.0,33.0,34.0,34.0,35.0,36.0,36.0,37.0,38.0,45.0,27.0,1000.6000000238419,1000.7411764860153,1000.8627451062202,2000.65098041296,3000.176470592618,3000.4392156898975,3000.5764706134796,3000.6823529601097,3000.8039215803146,3001.0,150.8788604736328,158.46917114257812,163.37387084960938,167.20938110351562,170.62652587890625,173.8939208984375,177.45181274414062,182.2189178466797,194.58346557617188,346.3700866699219,222.96007,0.0,test_data/Useful/Validation/1 inch at 2ft/20241103_113144_084.jpg,389.0,182.0,64.24776127150466
103,0.0,0.0,1.0,2.0,4.0,5.0,6.0,7.0,8.0,9.0,10.0,11.0,11.0,11.0,12.0,13.0,13.0,14.0,14.0,15.0,15.0,15.0,16.0,16.0,16.0,17.0,17.0,17.0,17.0,18.0,18.0,18.0,19.0,19.0,19.0,19.0,20.0,20.0,20.0,20.0,21.0,21.0,21.0,21.0,22.0,22.0,22.0,22.0,22.0,23.0,23.0,23.0,23.0,24.0,24.0,24.0,24.0,24.0,25.0,25.0,25.0,25.0,26.0,26.0,26.0,27.0,27.0,27.0,27.0,27.0,28.0,28.0,28.0,28.0,28.0,29.0,29.0,29.0,29.0,30.0,30.0,30.0,30.0,31.0,31.0,31.0,32.0,32.0,32.0,33.0,33.0,33.0,34.0,34.0,35.0,35.0,36.0,37.0,39.0,44.0,22.0,1000.5960784554482,1000.7372549176216,1000.8549019694328,2000.5803921818733,3000.1725490242243,3000.43137255311,3000.572549045086,3000.678431391716,3000.8039215803146,3001.0,150.46241760253906,158.1143035888672,163.05786590576173,166.87249450683595,170.27655792236328,173.57473754882812,177.1578826904297,181.97019958496094,194.2878875732422,346.3682556152344,222.94814,0.0,test_data/Useful/Validation/1 inch at 2ft/20241103_113144_091.jpg,374.0,173.0,57.475154551875534
104,0.0,1.0,2.0,3.0,4.0,6.0,7.0,7.920000000000016,8.0,9.0,10.0,11.0,11.0,11.0,12.0,12.840000000000032,13.0,13.0,14.0,14.0,14.0,15.0,15.0,16.0,16.0,16.0,17.0,17.0,17.0,17.0,18.0,18.0,18.0,19.0,19.0,19.0,19.0,19.0,20.0,20.0,20.0,20.0,21.0,21.0,21.0,21.0,22.0,22.0,22.0,22.0,22.0,23.0,23.0,23.0,23.0,24.0,24.0,24.0,24.0,24.0,25.0,25.0,25.0,25.0,26.0,26.0,26.0,26.0,27.0,27.0,27.0,27.0,27.0,28.0,28.0,28.0,29.0,29.0,29.0,29.0,30.0,30.0,30.0,30.0,31.0,31.0,31.0,32.0,32.0,32.0,33.0,33.0,33.0,34.0,34.0,35.0,36.0,37.0,38.00999999999976,42.0,27.0,1000.6078431606293,1000.7490196228027,1000.8705882430077,2000.7568627595901,3000.2352941185236,3000.458823531866,3000.584313750267,3000.690196096897,3000.8156862854958,3001.0,150.53751678466796,158.1674041748047,163.11855773925782,166.9631134033203,170.3274383544922,173.60022583007813,177.24697875976562,181.9064483642578,193.95834350585938,346.3650817871094,222.77,0.0,test_data/Useful/Validation/1 inch at 2ft/20241103_113144_092.jpg,387.0,202.0,61.83718650672185
0,0.0,0.0,0.0,0.0,0.0,0.0,0.0,0.0,0.0,0.0,1.0,1.0,2.0,3.0,3.849999999999966,4.0,5.0,5.0,6.0,6.0,7.0,7.0,7.0,8.0,8.0,9.0,9.0,9.0,10.0,10.0,10.0,11.0,11.0,11.0,12.0,12.0,12.0,12.0,13.0,13.0,13.0,13.0,13.569999999999936,14.0,14.0,14.0,15.0,15.0,15.0,15.0,16.0,16.0,16.0,16.0,17.0,17.0,17.0,17.0,18.0,18.0,18.0,18.0,19.0,19.0,19.0,20.0,20.0,20.0,21.0,21.0,21.0,21.0,22.0,22.0,22.0,23.0,23.0,23.0,24.0,24.0,24.0,25.0,25.0,25.0,26.0,26.0,26.0,27.0,27.0,27.0,28.0,29.0,29.0,30.0,30.0,31.0,32.0,33.0,35.0,41.0,0.0,1000.6274510025978,1000.7411764860153,1000.8313725590706,2000.8431372642517,3000.2941176593304,3000.4784313738346,3000.5921568870544,3000.6862745285034,3000.7921568751335,3001.0,148.4028793334961,156.11006469726564,161.00037841796876,164.83827514648436,168.23297119140625,171.50953674316406,174.97417755126952,179.46542053222657,190.4237518310547,346.2830810546875,220.75803,1.0,test_data/Useful/Validation/1.5 inches at 1 ft/20241103_114523_001.jpg,323.0,197.0,26.20784200567079
1,0.0,0.0,0.0,0.0,0.0,0.0,0.0,0.0,0.0,0.0,1.0,1.0,2.0,2.0,3.0,3.0,4.0,4.0,5.0,5.0,6.0,6.0,7.0,7.0,8.0,8.0,9.0,9.0,10.0,10.0,10.0,10.0,11.0,11.0,11.0,12.0,12.0,12.0,12.0,13.0,13.0,13.0,13.0,14.0,14.0,14.0,15.0,15.0,15.0,15.0,16.0,16.0,16.0,16.0,17.0,17.0,17.0,17.0,18.0,18.0,18.0,19.0,19.0,19.0,19.0,20.0,20.0,20.0,21.0,21.0,21.0,21.0,22.0,22.0,22.0,22.24000000000001,23.0,23.0,24.0,24.0,24.0,24.0,25.0,25.0,26.0,26.0,26.0,27.0,27.0,28.0,28.0,28.079999999999927,29.0,30.0,30.0,31.0,32.0,33.0,35.0,41.0,0.0,1000.6274510025978,1000.7372549176216,1000.8313725590706,2000.8235294222832,3000.286274522543,3000.474509805441,3000.5921568870544,3000.6862745285034,3000.7921568751335,3001.0,148.6508331298828,156.21217346191406,161.03421020507812,164.85885620117188,168.244873046875,171.48800659179688,174.97631378173827,179.4677734375,190.30877685546875,346.2904357910156,220.62498,1.0,test_data/Useful/Validation/1.5 inches at 1 ft/20241103_114523_002.jpg,333.0,220.0,34.58371605491532
2,0.0,0.0,0.0,0.0,0.0,0.0,0.0,0.0,0.0,0.0,0.0,0.0,1.0,1.0,2.0,2.0,3.0,4.0,4.0,5.0,5.0,6.0,6.0,7.0,7.0,8.0,8.0,9.0,9.0,10.0,10.0,10.0,10.0,11.0,11.0,11.0,12.0,12.0,12.0,12.0,13.0,13.0,13.0,13.0,14.0,14.0,14.0,15.0,15.0,15.0,15.490000000000009,16.0,16.0,16.0,17.0,17.0,17.0,17.0,17.0,18.0,18.0,18.0,18.0,19.0,19.0,19.0,20.0,20.0,20.0,21.0,21.0,21.0,22.0,22.0,22.0,22.0,23.0,23.0,23.0,24.0,24.0,24.0,25.0,25.0,25.0,26.0,26.0,27.0,27.0,28.0,28.0,28.0,29.0,29.0,30.0,31.0,32.0,33.0,34.00999999999976,41.0,0.0,1000.6235294342041,1000.7333333492279,1000.8235294222832,2000.7764706015587,3000.270588248968,3000.4666666686535,3000.5882353186607,3000.6823529601097,3000.78823530674,3001.0,148.60919647216798,156.21726989746094,161.14418029785156,164.9730712890625,168.39898681640625,171.65445251464843,175.1515686035156,179.6319793701172,190.43923950195312,346.30120849609375,220.40976,1.0,test_data/Useful/Validation/1.5 inches at 1 ft/20241103_114523_003.jpg,369.0,224.0,27.087867185973423
3,0.0,0.0,0.0,0.0,0.0,0.0,0.0,0.0,0.0,0.0,0.0,0.0,1.0,2.0,2.0,3.0,4.0,4.0,5.0,6.0,6.0,7.0,7.0,8.0,8.0,8.0,9.0,9.0,9.709999999999923,10.0,10.0,10.0,11.0,11.0,11.0,11.0,12.0,12.0,12.0,13.0,13.0,13.0,14.0,14.0,14.0,14.0,15.0,15.0,15.0,16.0,16.0,16.0,16.0,17.0,17.0,17.0,17.0,18.0,18.0,18.0,18.0,19.0,19.0,19.0,19.0,20.0,20.0,20.0,21.0,21.0,21.0,21.0,22.0,22.0,22.0,22.0,23.0,23.0,23.0,24.0,24.0,24.0,25.0,25.0,25.0,26.0,26.0,26.0,27.0,27.0,28.0,28.0,29.0,30.0,30.0,31.0,32.0,34.0,35.0,42.0,0.0,1000.6274510025978,1000.7372549176216,1000.8274509906769,2000.8078431487083,3000.2784313857555,3000.470588237047,3000.5882353186607,3000.6862745285034,3000.78823530674,3001.0,148.7333984375,156.47720336914062,161.3469451904297,165.16009521484375,168.5511474609375,171.8042205810547,175.29540405273437,179.7820281982422,190.30642700195312,346.30712890625,220.49095,1.0,test_data/Useful/Validation/1.5 inches at 1 ft/20241103_114523_004.jpg,363.0,224.0,31.411678847659278
4,0.0,0.0,0.0,0.0,0.0,0.0,0.0,0.0,0.0,1.0,2.0,2.0,3.0,3.0,4.0,5.0,5.0,6.0,6.0,7.0,7.789999999999964,8.0,8.769999999999982,9.0,9.0,10.0,10.0,10.0,11.0,11.0,11.0,12.0,12.0,12.0,12.0,13.0,13.0,13.0,14.0,14.0,14.0,14.0,15.0,15.0,15.0,16.0,16.0,16.0,16.0,17.0,17.0,17.0,17.0,18.0,18.0,18.0,19.0,19.0,19.0,19.0,20.0,20.0,20.0,20.0,20.0,21.0,21.0,21.0,21.0,22.0,22.0,22.0,23.0,23.0,23.0,23.0,24.0,24.0,24.0,25.0,25.0,25.0,25.0,26.0,26.0,27.0,27.0,27.11999999999989,28.0,28.0,29.0,29.0,30.0,30.0,31.0,32.0,32.0,33.0,35.0,41.0,0.0,1000.6431372761726,1000.7529411911964,1000.8431372642517,3000.06274510175,3000.3450980484486,3000.5137255191803,3000.6156862974167,3000.7019608020782,3000.800000011921,3001.0,148.83700561523438,156.57943725585938,161.42813110351562,165.19949340820312,168.61492919921875,171.91757202148438,175.4240264892578,179.89974975585938,190.7730712890625,346.32122802734375,220.76447,1.0,test_data/Useful/Validation/1.5 inches at 1 ft/20241103_114523_011.jpg,334.0,204.0,29.697909850585432
5,0.0,0.0,0.0,0.0,0.0,0.0,0.0,0.0,0.0,1.0,1.0,2.0,2.0,3.0,4.0,4.0,5.0,6.0,6.0,7.0,7.0,8.0,8.0,9.0,9.0,10.0,10.0,10.0,11.0,11.0,11.0,12.0,12.0,12.0,12.0,13.0,13.0,13.0,14.0,14.0,14.0,14.0,15.0,15.0,15.0,15.0,16.0,16.0,16.0,16.0,17.0,17.0,17.0,18.0,18.0,18.0,18.0,19.0,19.0,19.0,20.0,20.0,20.0,20.0,21.0,21.0,21.0,21.0,22.0,22.0,22.0,23.0,23.0,23.0,23.0,24.0,24.0,24.0,25.0,25.0,25.0,26.0,26.0,26.0,27.0,27.0,27.0,28.0,28.0,29.0,29.0,29.0,30.0,31.0,31.0,32.0,33.0,34.0,35.00999999999976,44.0,0.0,1000.6470588445663,1000.7529411911964,1000.8431372642517,3000.0509803928435,3000.341176480055,3000.5137255191803,3000.6196078658104,3000.7019608020782,3000.800000011921,3001.0,149.0833740234375,156.72268676757812,161.56076049804688,165.35675964355468,168.75640869140625,171.98092651367188,175.4446258544922,179.91943359375,190.81976318359375,346.32733154296875,220.8252,1.0,test_data/Useful/Validation/1.5 inches at 1 ft/20241103_114523_012.jpg,324.0,192.0,30.91137955417837
6,0.0,0.0,0.0,0.0,0.0,0.0,0.0,0.0,0.0,1.0,1.0,2.0,3.0,4.0,4.0,5.0,5.0,6.0,6.0,7.0,7.0,8.0,8.0,9.0,9.0,9.0,10.0,10.0,11.0,11.0,11.0,11.0,12.0,12.0,12.0,13.0,13.0,13.0,14.0,14.0,14.0,15.0,15.0,15.0,15.0,16.0,16.0,16.0,16.0,17.0,17.0,17.0,17.0,18.0,18.0,18.0,18.0,19.0,19.0,19.0,20.0,20.0,20.0,20.0,21.0,21.0,21.0,21.0,22.0,22.0,22.0,22.0,23.0,23.0,23.0,23.0,24.0,24.0,24.0,25.0,25.0,25.0,26.0,26.0,26.0,27.0,27.0,27.0,28.0,28.0,29.0,29.0,30.0,31.0,31.0,32.0,33.0,34.0,35.0,43.0,0.0,1000.6431372761726,1000.7490196228027,1000.839215695858,2000.9529411792755,3000.3333333432674,3000.5098039507866,3000.6156862974167,3000.7019608020782,3000.800000011921,3001.0,149.1635284423828,156.7625274658203,161.58277893066406,165.4080047607422,168.75564575195312,172.0072479248047,175.49952697753906,179.93341674804688,190.86068725585938,346.32867431640625,221.30226,1.0,test_data/Useful/Validation/1.5 inches at 1 ft/20241103_114523_013.jpg,366.0,228.0,24.822112714813898
7,0.0,0.0,0.0,0.0,0.0,0.0,0.0,1.0,1.0,2.0,3.0,3.0,4.0,4.0,5.0,5.0,6.0,6.0,7.0,7.0,8.0,8.0,9.0,9.0,10.0,10.0,10.0,11.0,11.0,11.0,12.0,12.0,12.0,12.0,13.0,13.0,13.0,13.0,14.0,14.0,15.0,15.0,15.0,16.0,16.0,16.0,16.0,17.0,17.0,17.0,17.0,18.0,18.0,18.0,18.0,19.0,19.0,19.0,19.0,20.0,20.0,20.0,20.0,21.0,21.0,21.0,22.0,22.0,22.0,22.0,23.0,23.0,23.0,23.0,24.0,24.0,24.0,24.0,25.0,25.0,25.0,26.0,26.0,26.0,26.15000000000009,27.0,27.0,27.11999999999989,28.0,28.0,29.0,30.0,30.0,30.0,31.0,32.0,32.029999999999745,34.0,36.0,45.0,0.0,1000.6431372761726,1000.745098054409,1000.8352941274643,2000.9215686321259,3000.3333333432674,3000.5098039507866,3000.6156862974167,3000.7019608020782,3000.796078443527,3001.0,149.12432861328125,156.6468963623047,161.49169921875,165.32545471191406,168.7112579345703,171.9404296875,175.40679779052735,180.0099884033203,190.9571990966797,346.3336181640625,221.35017,1.0,test_data/Useful/Validation/1.5 inches at 1 ft/20241103_114523_014.jpg,322.0,197.0,34.75528610704662
8,0.0,0.0,0.0,0.0,0.0,0.0,0.0,0.0,0.0,1.0,2.0,3.0,3.0,4.0,5.0,5.0,6.0,7.0,7.0,7.0,8.0,8.0,9.0,9.0,10.0,10.0,10.0,11.0,11.0,11.0,12.0,12.0,12.0,12.0,13.0,13.0,13.0,14.0,14.0,14.0,15.0,15.0,15.0,15.0,16.0,16.0,16.0,16.0,17.0,17.0,17.0,17.0,18.0,18.0,18.0,18.0,18.429999999999836,19.0,19.0,19.0,20.0,20.0,20.0,20.0,21.0,21.0,21.0,21.0,22.0,22.0,22.0,22.0,23.0,23.0,23.0,23.0,24.0,24.0,24.0,25.0,25.0,25.0,26.0,26.0,26.0,27.0,27.0,27.0,28.0,28.0,29.0,29.0,30.0,30.0,31.0,32.0,33.0,34.0,36.0,40.0,0.0,1000.6352941393852,1000.7372549176216,1000.8235294222832,2000.745098054409,3000.2941176593304,3000.4941176474094,3000.611764729023,3000.6980392336845,3000.796078443527,3001.0,148.5580291748047,156.28855895996094,161.17652893066406,165.06402587890625,168.47816467285156,171.7391357421875,175.24086303710936,179.7456787109375,191.08206176757812,346.33538818359375,221.14249,1.0,test_data/Useful/Validation/1.5 inches at 1 ft/20241103_114523_021.jpg,349.0,211.0,30.402889779382832
9,0.0,0.0,0.0,0.0,0.0,0.0,0.0,0.0,0.0,0.0,1.0,2.0,3.0,3.0,4.0,4.840000000000032,5.0,6.0,6.0,7.0,8.0,8.0,9.0,9.0,10.0,10.0,10.0,11.0,11.0,11.0,12.0,12.0,12.0,12.660000000000082,13.0,13.0,13.0,13.0,14.0,14.0,14.0,15.0,15.0,15.0,15.0,16.0,16.0,16.0,16.0,17.0,17.0,17.0,17.0,18.0,18.0,18.0,18.0,19.0,19.0,19.0,19.0,20.0,20.0,20.0,20.0,21.0,21.0,21.0,21.0,22.0,22.0,22.0,22.0,23.0,23.0,23.24000000000001,24.0,24.0,24.0,25.0,25.0,25.0,26.0,26.0,26.0,27.0,27.0,28.0,28.0,28.0,29.0,29.0,30.0,30.0,31.0,32.0,32.0,34.0,35.0,41.0,0.0,1000.6313725709915,1000.7372549176216,1000.8274509906769,2000.7647058963776,3000.298039227724,3000.498039215803,3000.611764729023,3000.7019608020782,3000.800000011921,3001.0,148.8779037475586,156.5146728515625,161.4185760498047,165.2613525390625,168.63525390625,171.94483032226563,175.42597503662108,179.90424194335938,190.8061065673828,346.336181640625,221.09677,1.0,test_data/Useful/Validation/1.5 inches at 1 ft/20241103_114523_022.jpg,326.0,202.0,26.679433600074375
10,0.0,0.0,0.0,0.0,0.0,0.0,0.0,0.0,0.0,1.0,2.0,3.0,3.0,4.0,4.0,5.0,6.0,6.0,7.0,7.0,8.0,8.0,9.0,9.0,10.0,10.0,10.0,11.0,11.0,11.0,12.0,12.0,12.0,12.0,12.0,13.0,13.0,14.0,14.0,14.0,14.0,15.0,15.0,15.0,15.0,16.0,16.0,16.0,16.0,16.0,17.0,17.0,17.0,18.0,18.0,18.0,19.0,19.0,19.0,19.0,19.0,20.0,20.0,20.0,20.0,21.0,21.0,21.0,21.0,22.0,22.0,22.0,22.0,23.0,23.0,23.0,24.0,24.0,24.0,24.0,25.0,25.0,25.0,26.0,26.0,26.0,27.0,27.0,28.0,28.0,29.0,29.0,30.0,30.0,31.0,32.0,33.0,34.0,35.0,41.0,0.0,1000.6313725709915,1000.7372549176216,1000.8235294222832,2000.7529411911964,3000.2941176593304,3000.4941176474094,3000.611764729023,3000.7019608020782,3000.800000011921,3001.0,148.89861755371095,156.5196746826172,161.37714691162108,165.1528106689453,168.5555419921875,171.79434204101562,175.25877380371094,179.7938232421875,190.82785034179688,346.3332824707031,221.02997,1.0,test_data/Useful/Validation/1.5 inches at 1 ft/20241103_114523_023.jpg,337.0,202.0,34.734676647473805
11,0.0,0.0,0.0,0.0,0.0,0.0,0.0,0.0,0.0,1.0,2.0,2.0,3.0,4.0,4.849999999999966,5.0,5.830000000000041,6.0,7.0,7.0,8.0,8.0,9.0,9.0,9.0,10.0,10.0,10.0,11.0,11.0,11.0,11.0,12.0,12.0,12.0,12.0,13.0,13.0,13.0,13.0,14.0,14.0,14.0,14.0,15.0,15.0,15.0,15.0,16.0,16.0,16.0,16.0,17.0,17.0,17.0,18.0,18.0,18.0,18.0,19.0,19.0,19.0,20.0,20.0,20.0,20.0,21.0,21.0,21.0,21.0,22.0,22.0,22.0,23.0,23.0,23.0,23.0,24.0,24.0,24.0,25.0,25.0,25.0,26.0,26.0,26.0,27.0,27.0,28.0,28.0,29.0,29.0,30.0,31.0,31.0,32.0,33.0,34.0,36.0,44.0,0.0,1000.6313725709915,1000.7333333492279,1000.8235294222832,2000.7372549176216,3000.2901960909367,3000.4901960790157,3000.611764729023,3000.7019608020782,3000.800000011921,3001.0,148.81036529541015,156.4620574951172,161.36660766601562,165.22495727539064,168.6107940673828,171.87149047851562,175.25205993652344,179.7371826171875,190.87652587890625,346.3359069824219,220.88187,1.0,test_data/Useful/Validation/1.5 inches at 1 ft/20241103_114523_024.jpg,331.0,185.0,30.322493828379095
12,0.0,0.0,0.0,0.0,0.0,0.0,0.0,0.0,1.0,1.0,2.0,3.0,4.0,4.0,5.0,5.0,6.0,6.0,7.0,7.0,8.0,8.0,9.0,9.0,10.0,10.0,10.0,10.0,11.0,11.0,11.0,12.0,12.0,12.0,12.0,13.0,13.0,13.0,13.0,14.0,14.0,14.0,14.0,15.0,15.0,15.0,15.0,16.0,16.0,16.0,16.0,17.0,17.0,17.0,17.0,18.0,18.0,18.0,18.0,19.0,19.0,19.0,19.0,20.0,20.0,20.0,20.0,21.0,21.0,22.0,22.0,22.0,22.0,23.0,23.0,23.0,23.0,24.0,24.0,24.0,25.0,25.0,25.0,26.0,26.0,27.0,27.0,27.0,28.0,28.0,29.0,29.0,30.0,31.0,31.0,32.0,33.0,34.0,36.0,43.0,0.0,1000.6313725709915,1000.7294117808342,1000.8156862854958,2000.556862771511,3000.2549019753933,3000.4823529422283,3000.6078431606293,3000.7019608020782,3000.800000011921,3001.0,149.0614013671875,156.72767333984376,161.6393600463867,165.43353271484375,168.7967071533203,172.0778045654297,175.5756622314453,180.1445770263672,190.8292236328125,346.3486328125,220.65173,1.0,test_data/Useful/Validation/1.5 inches at 1 ft/20241103_114523_031.jpg,314.0,194.0,27.707856519962156
13,0.0,0.0,0.0,0.0,0.0,0.0,0.0,0.0,0.0,1.0,2.0,2.0,3.0,3.0,4.0,5.0,6.0,6.0,7.0,7.0,8.0,9.0,9.0,9.0,10.0,10.0,10.0,10.0,11.0,11.0,11.0,12.0,12.0,12.0,13.0,13.0,13.0,13.0,13.0,14.0,14.0,14.0,14.0,15.0,15.0,15.0,15.0,16.0,16.0,16.0,17.0,17.0,17.0,17.0,18.0,18.0,18.0,18.0,19.0,19.0,19.0,20.0,20.0,20.0,20.0,21.0,21.0,21.0,22.0,22.0,22.0,22.0,23.0,23.0,23.0,24.0,24.0,24.0,24.0,25.0,25.0,25.0,26.0,26.0,26.0,27.0,27.0,28.0,28.0,28.0,29.0,29.0,30.0,30.059999999999945,31.0,32.0,33.0,34.0,35.0,40.0,0.0,1000.6274510025978,1000.7294117808342,1000.8156862854958,2000.623529434204,3000.2666666805744,3000.4901960790157,3000.611764729023,3000.705882370472,3000.8039215803146,3001.0,149.1975555419922,156.89016723632812,161.73126220703125,165.52154541015625,168.89642333984375,172.14254760742188,175.65092926025392,180.0909454345703,190.8025360107422,346.35400390625,221.30989,1.0,test_data/Useful/Validation/1.5 inches at 1 ft/20241103_114523_032.jpg,318.0,191.0,27.674434471901534
14,0.0,0.0,0.0,0.0,0.0,0.0,0.0,0.0,0.0,0.9000000000000057,1.0,2.0,2.0,3.0,4.0,4.0,5.0,6.0,6.0,7.0,7.0,8.0,8.0,9.0,9.0,10.0,10.0,10.0,10.709999999999923,11.0,11.0,11.0,12.0,12.0,12.0,13.0,13.0,13.0,13.0,14.0,14.0,14.0,14.0,15.0,15.0,15.0,16.0,16.0,16.0,16.0,16.0,17.0,17.0,17.0,18.0,18.0,18.0,18.0,19.0,19.0,19.0,20.0,20.0,20.0,20.0,21.0,21.0,21.0,21.0,22.0,22.0,22.0,22.0,23.0,23.0,23.0,24.0,24.0,24.0,25.0,25.0,25.0,26.0,26.0,26.0,27.0,27.0,28.0,28.0,29.0,29.0,29.0,30.0,30.0,31.0,32.0,33.0,34.0,36.0,42.0,0.0,1000.6235294342041,1000.7294117808342,1000.8196078538895,2000.6941176652908,3000.270588248968,3000.4901960790157,3000.611764729023,3000.705882370472,3000.8039215803146,3001.0,149.0717544555664,156.7335174560547,161.6214584350586,165.51575317382813,168.9377670288086,172.20339965820312,175.6940185546875,180.1406707763672,190.88193359375,346.3516540527344,220.87923,1.0,test_data/Useful/Validation/1.5 inches at 1 ft/20241103_114523_033.jpg,336.0,205.0,34.151541496377746
15,0.0,0.0,0.0,0.0,0.0,0.0,0.0,0.0,0.0,1.0,1.0,2.0,3.0,4.0,4.0,5.0,5.0,6.0,6.0,7.0,7.0,8.0,8.0,9.0,9.0,10.0,10.0,10.0,10.0,11.0,11.0,11.0,12.0,12.0,12.0,12.0,13.0,13.0,13.0,14.0,14.0,14.0,14.0,15.0,15.0,15.0,15.0,16.0,16.0,16.0,16.0,17.0,17.0,17.0,17.0,18.0,18.0,18.0,19.0,19.0,19.0,19.0,20.0,20.0,20.0,21.0,21.0,21.0,21.0,22.0,22.0,22.0,23.0,23.0,23.0,24.0,24.0,24.0,24.0,25.0,25.0,25.0,25.170000000000073,26.0,26.0,27.0,27.0,28.0,28.0,29.0,29.0,30.0,30.0,31.0,31.0,32.0,33.0,34.0,35.0,43.0,0.0,1000.6274510025978,1000.7294117808342,1000.8235294222832,2000.7568627595901,3000.2901960909367,3000.498039215803,3000.6196078658104,3000.7098039388657,3000.8078431487083,3001.0,149.2187530517578,156.73770141601562,161.58424377441406,165.44512939453125,168.79208374023438,172.03741455078125,175.5187225341797,179.9618347167969,190.55282592773438,346.34552001953125,220.82648,1.0,test_data/Useful/Validation/1.5 inches at 1 ft/20241103_114523_034.jpg,306.0,186.0,32.28115525486886
16,0.0,0.0,0.0,0.0,0.0,0.0,0.0,0.0,0.0,1.0,1.0,2.0,2.0,3.0,4.0,4.0,5.0,5.0,6.0,6.0,7.0,8.0,8.0,8.0,9.0,9.0,10.0,10.0,10.0,11.0,11.0,11.0,12.0,12.0,12.0,13.0,13.0,13.0,13.0,14.0,14.0,14.0,15.0,15.0,15.0,16.0,16.0,16.0,16.0,17.0,17.0,17.0,18.0,18.0,18.0,18.0,19.0,19.0,19.0,19.399999999999864,20.0,20.0,20.0,20.0,21.0,21.0,21.0,22.0,22.0,22.0,22.0,23.0,23.0,23.0,23.0,24.0,24.0,24.0,25.0,25.0,25.0,26.0,26.0,26.0,27.0,27.0,27.0,28.0,28.0,29.0,29.0,30.0,30.0,31.0,31.0,32.0,33.0,34.0,36.0,41.0,0.0,1000.6274510025978,1000.7490196228027,1000.8588235378265,3000.1215686276555,3000.3843137323856,3000.54509806633,3000.6470588445663,3000.733333349228,3000.827450990677,3001.0,149.91096954345704,157.59161376953125,162.45089721679688,166.24685668945312,169.5953369140625,172.836669921875,176.2804412841797,180.7122039794922,191.0080108642578,346.3250427246094,220.643,1.0,test_data/Useful/Validation/1.5 inches at 1 ft/20241103_114523_055.jpg,328.0,187.0,29.143063458386138
17,0.0,0.0,0.0,0.0,0.0,0.0,0.0,0.0,0.0,0.0,1.0,2.0,2.8700000000000045,3.0,4.0,5.0,5.0,6.0,6.0,7.0,8.0,8.0,9.0,9.0,10.0,10.0,10.0,11.0,11.0,11.0,12.0,12.0,12.0,13.0,13.0,13.0,13.0,14.0,14.0,14.0,14.0,15.0,15.0,15.0,15.0,16.0,16.0,16.0,16.0,17.0,17.0,17.0,17.0,18.0,18.0,18.0,19.0,19.0,19.0,19.0,20.0,20.0,20.0,21.0,21.0,21.0,21.0,22.0,22.0,22.0,22.0,23.0,23.0,23.0,23.25,24.0,24.0,24.0,25.0,25.0,25.0,25.0,26.0,26.0,26.0,27.0,27.0,27.0,28.0,28.0,29.0,29.0,30.0,30.0,31.0,32.0,33.0,34.0,35.0,41.0,0.0,1000.6274510025978,1000.745098054409,1000.8588235378265,3000.1058823540807,3000.376470595598,3000.5411764979362,3000.6431372761726,3000.729411780834,3000.827450990677,3001.0,149.9998779296875,157.5840850830078,162.5053253173828,166.32810974121094,169.69354248046875,172.96937561035156,176.46971130371094,180.80431213378907,191.07272338867188,346.3265380859375,220.6417,1.0,test_data/Useful/Validation/1.5 inches at 1 ft/20241103_114523_056.jpg,322.0,192.0,31.615102429691866
18,0.0,0.0,0.0,0.0,0.0,0.0,0.0,0.0,0.0,0.0,0.8899999999999864,1.0,2.0,2.0,3.0,3.840000000000032,4.0,5.0,6.0,6.0,6.789999999999964,7.0,8.0,8.0,9.0,9.0,10.0,10.0,10.0,11.0,11.0,11.0,12.0,12.0,12.0,12.0,13.0,13.0,13.0,13.0,14.0,14.0,14.0,14.0,15.0,15.0,15.0,16.0,16.0,16.0,17.0,17.0,17.0,17.0,18.0,18.0,18.0,19.0,19.0,19.0,20.0,20.0,20.0,20.0,20.0,21.0,21.0,21.0,22.0,22.0,22.0,23.0,23.0,23.0,24.0,24.0,24.0,25.0,25.0,25.0,25.0,26.0,26.0,26.0,27.0,27.0,27.0,28.0,29.0,29.0,29.0,30.0,30.0,31.0,32.0,33.0,34.0,35.0,36.0,43.0,0.0,1000.6313725709915,1000.7490196228027,1000.8627451062202,3000.1215686276555,3000.3882353007793,3000.5490196347237,3000.6470588445663,3000.733333349228,3000.827450990677,3001.0,150.0937042236328,157.75724182128906,162.59498138427733,166.4095031738281,169.7366485595703,173.02094116210938,176.47755432128906,180.9058349609375,191.07315063476562,346.3328552246094,220.80977,1.0,test_data/Useful/Validation/1.5 inches at 1 ft/20241103_114523_057.jpg,330.0,188.0,23.748310103683313
19,0.0,0.0,0.0,0.0,0.0,0.0,0.0,0.0,0.0,1.0,1.0,2.0,3.0,3.0,4.0,5.0,6.0,6.0,7.0,8.0,8.0,9.0,9.0,9.0,10.0,10.0,10.0,11.0,11.0,11.0,11.0,12.0,12.0,12.0,13.0,13.0,13.0,14.0,14.0,14.0,15.0,15.0,15.0,15.0,16.0,16.0,16.0,16.0,17.0,17.0,17.0,17.0,18.0,18.0,18.0,18.0,19.0,19.0,19.0,20.0,20.0,20.0,20.0,21.0,21.0,21.0,22.0,22.0,22.0,23.0,23.0,23.0,23.0,24.0,24.0,24.0,24.0,25.0,25.0,25.0,26.0,26.0,26.0,27.0,27.0,27.0,28.0,28.0,29.0,29.0,30.0,30.0,30.0,31.0,32.0,32.0,33.0,35.0,37.0,43.0,0.0,1000.6313725709915,1000.7490196228027,1000.8627451062202,3000.133333340287,3000.3960784375668,3000.5529412031174,3000.65098041296,3000.733333349228,3000.827450990677,3001.0,150.02750701904296,157.62076110839845,162.5157699584961,166.38650512695312,169.74819946289062,172.957275390625,176.43064880371094,180.83953857421875,191.13067626953125,346.3334655761719,220.85165,1.0,test_data/Useful/Validation/1.5 inches at 1 ft/20241103_114523_058.jpg,298.0,177.0,32.81334513028744
20,0.0,0.0,0.0,0.0,0.0,0.0,0.0,0.0,1.0,2.0,3.0,3.0,4.0,4.860000000000014,5.0,6.0,6.0,6.819999999999993,7.0,8.0,8.0,9.0,9.0,10.0,10.0,10.0,11.0,11.0,11.0,12.0,12.0,12.0,13.0,13.0,13.0,13.0,14.0,14.0,14.0,15.0,15.0,15.0,15.0,16.0,16.0,16.0,17.0,17.0,17.0,18.0,18.0,18.0,18.0,18.0,19.0,19.0,19.0,20.0,20.0,20.0,20.0,21.0,21.0,21.0,22.0,22.0,22.0,22.0,23.0,23.0,23.0,23.0,24.0,24.0,24.0,25.0,25.0,25.0,26.0,26.0,26.0,26.0,27.0,27.0,27.0,28.0,28.0,28.0,29.0,29.0,29.0,30.0,31.0,31.0,32.0,33.0,34.0,34.0,36.00999999999976,46.0,0.0,1000.6313725709915,1000.7490196228027,1000.866666674614,3000.133333340287,3000.3960784375668,3000.556862771511,3000.65098041296,3000.733333349228,3000.827450990677,3001.0,149.93821716308594,157.6150146484375,162.5266128540039,166.3295684814453,169.7018280029297,172.90879821777344,176.39634704589844,180.82626342773438,191.1150360107422,346.3345031738281,220.88171,1.0,test_data/Useful/Validation/1.5 inches at 1 ft/20241103_114523_059.jpg,323.0,200.0,29.982666011436024
21,0.0,0.0,0.0,0.0,0.0,0.0,0.0,0.0,0.0,0.0,0.8899999999999864,1.0,2.0,3.0,3.0,4.0,5.0,5.0,6.0,6.0,7.0,7.0,8.0,8.0,9.0,9.0,10.0,10.0,11.0,11.0,11.0,12.0,12.0,12.0,13.0,13.0,13.0,13.0,14.0,14.0,14.0,15.0,15.0,15.0,15.0,16.0,16.0,16.0,16.0,17.0,17.0,17.0,18.0,18.0,18.0,19.0,19.0,19.0,19.0,20.0,20.0,20.0,20.0,21.0,21.0,21.0,22.0,22.0,22.0,22.0,23.0,23.0,23.0,23.0,24.0,24.0,24.0,25.0,25.0,25.0,26.0,26.0,26.0,27.0,27.0,27.139999999999873,28.0,28.0,29.0,29.0,30.0,30.0,31.0,31.059999999999945,32.0,33.0,34.0,35.0,37.0,44.0,0.0,1000.6352941393852,1000.7529411911964,1000.866666674614,3000.149019613862,3000.407843142748,3000.560784339905,3000.6549019813538,3000.7372549176216,3000.827450990677,3001.0,150.19017028808594,157.7662811279297,162.57672119140625,166.4185333251953,169.80873107910156,173.04031372070312,176.50634765625,180.90606689453125,191.38253784179688,346.3348388671875,220.70804,1.0,test_data/Useful/Validation/1.5 inches at 1 ft/20241103_114523_060.jpg,325.0,183.0,28.597563098654504
22,0.0,0.0,0.0,0.0,0.0,0.0,0.0,0.0,0.0,1.0,1.0,2.0,3.0,3.0,4.0,4.840000000000032,5.0,6.0,6.0,7.0,8.0,8.0,9.0,9.0,10.0,10.0,10.0,11.0,11.0,11.0,12.0,12.0,12.0,13.0,13.0,13.0,14.0,14.0,14.0,15.0,15.0,15.0,16.0,16.0,16.0,17.0,17.0,17.0,17.0,17.5,18.0,18.0,18.0,18.0,19.0,19.0,19.0,20.0,20.0,20.0,20.0,21.0,21.0,21.0,22.0,22.0,22.0,22.0,23.0,23.0,23.0,23.0,24.0,24.0,24.0,25.0,25.0,25.0,25.0,26.0,26.0,26.0,27.0,27.0,27.0,28.0,28.0,28.0,29.0,29.0,30.0,30.0,30.070000000000164,31.0,32.0,32.0,33.0,34.0,36.0,40.0,0.0,1000.6431372761726,1000.7568627595901,1000.8588235378265,3000.164705887437,3000.419607847929,3000.5647059082985,3000.6549019813538,3000.733333349228,3000.823529422283,3001.0,149.7473922729492,157.40191650390625,162.29415893554688,166.09231567382812,169.4661102294922,172.71591186523438,176.19056243896483,180.63929443359376,191.2725067138672,346.3441467285156,220.81894,1.0,test_data/Useful/Validation/1.5 inches at 1 ft/20241103_114523_065.jpg,331.0,190.0,28.73095410287609
23,0.0,0.0,0.0,0.0,0.0,0.0,0.0,0.0,1.0,2.0,2.0,3.0,3.0,4.0,5.0,5.0,6.0,6.0,7.0,7.0,8.0,8.0,9.0,9.0,10.0,10.0,10.0,11.0,11.0,11.0,12.0,12.0,12.0,13.0,13.0,13.0,14.0,14.0,14.0,14.0,15.0,15.0,15.0,15.0,16.0,16.0,16.0,17.0,17.0,17.0,17.0,18.0,18.0,18.0,18.0,19.0,19.0,19.0,19.0,20.0,20.0,20.0,21.0,21.0,21.0,21.0,22.0,22.0,22.0,22.0,23.0,23.0,23.0,23.0,24.0,24.0,24.0,24.0,25.0,25.0,25.0,26.0,26.0,26.0,27.0,27.0,28.0,28.0,28.0,29.0,29.0,30.0,30.0,31.0,32.0,32.039999999999964,33.0,35.0,37.0,41.0,0.0,1000.6431372761726,1000.7568627595901,1000.8588235378265,3000.1686274558306,3000.419607847929,3000.568627476692,3000.6549019813538,3000.733333349228,3000.823529422283,3001.0,149.5716094970703,157.27081298828125,162.1905044555664,166.0394256591797,169.4211196899414,172.64153442382812,176.1009063720703,180.5964813232422,191.33779907226562,346.34576416015625,221.072,1.0,test_data/Useful/Validation/1.5 inches at 1 ft/20241103_114523_066.jpg,328.0,198.0,33.19344627948604
24,0.0,0.0,0.0,0.0,0.0,0.0,0.0,0.0,0.9099999999999966,1.0,2.0,2.0,3.0,3.0,4.0,5.0,5.0,6.0,6.0,7.0,8.0,8.0,9.0,9.0,10.0,10.0,10.0,11.0,11.0,12.0,12.0,12.0,13.0,13.0,13.0,14.0,14.0,14.0,14.0,14.0,15.0,15.0,15.0,15.0,16.0,16.0,16.0,16.0,17.0,17.0,17.0,17.0,18.0,18.0,18.0,19.0,19.0,19.0,20.0,20.0,20.0,20.0,21.0,21.0,21.0,21.0,22.0,22.0,22.0,23.0,23.0,23.0,23.269999999999982,24.0,24.0,24.0,24.0,25.0,25.0,25.0,26.0,26.0,26.0,26.159999999999854,27.0,27.0,28.0,28.0,28.0,29.0,29.0,30.0,30.0,31.0,32.0,33.0,33.029999999999745,34.01999999999998,36.0,41.0,0.0,1000.6470588445663,1000.7607843279839,1000.8627451062202,3000.164705887437,3000.419607847929,3000.5647059082985,3000.6549019813538,3000.733333349228,3000.823529422283,3001.0,149.83470153808594,157.57261352539064,162.43207092285155,166.16957092285156,169.51475524902344,172.7584228515625,176.28339080810548,180.74996337890627,191.26060485839844,346.3449401855469,221.11789,1.0,test_data/Useful/Validation/1.5 inches at 1 ft/20241103_114523_067.jpg,325.0,194.0,21.28989721016834
25,0.0,0.0,0.0,0.0,0.0,0.0,0.0,0.0,0.0,1.0,1.0,2.0,3.0,3.0,4.0,5.0,5.0,6.0,6.0,7.0,7.0,8.0,8.0,9.0,9.0,10.0,10.0,11.0,11.0,11.0,12.0,12.0,12.0,13.0,13.0,13.0,14.0,14.0,14.0,15.0,15.0,15.0,16.0,16.0,16.0,16.0,17.0,17.0,17.0,17.0,18.0,18.0,18.0,19.0,19.0,19.0,19.0,20.0,20.0,20.0,20.0,21.0,21.0,21.0,22.0,22.0,22.0,23.0,23.0,23.0,23.0,23.0,24.0,24.0,24.0,25.0,25.0,25.0,26.0,26.0,26.0,27.0,27.0,27.0,28.0,28.0,29.0,29.0,29.0,30.0,30.0,31.0,31.0,32.0,32.0,33.0,34.0,35.0,36.0,41.0,0.0,1000.6431372761726,1000.7568627595901,1000.8588235378265,3000.149019613862,3000.4117647111416,3000.560784339905,3000.6549019813538,3000.733333349228,3000.823529422283,3001.0,149.88221740722656,157.63929748535156,162.5011444091797,166.2489013671875,169.60061645507812,172.87127685546875,176.3562805175781,180.77017211914062,191.46348571777344,346.3462829589844,220.9517,1.0,test_data/Useful/Validation/1.5 inches at 1 ft/20241103_114523_068.jpg,362.0,224.0,34.850671124862274
26,0.0,0.0,0.0,0.0,0.0,0.0,0.0,0.0,0.0,0.0,1.0,2.0,2.8700000000000045,3.0,4.0,5.0,5.0,6.0,6.0,7.0,7.0,7.0,8.0,8.0,9.0,9.740000000000009,10.0,10.0,10.0,11.0,11.0,12.0,12.0,12.0,13.0,13.0,13.0,13.0,14.0,14.0,14.0,15.0,15.0,15.0,16.0,16.0,16.0,17.0,17.0,17.0,17.0,18.0,18.0,18.0,19.0,19.0,19.0,19.0,20.0,20.0,20.0,21.0,21.0,21.0,21.0,22.0,22.0,22.0,22.0,23.0,23.0,23.0,23.0,24.0,24.0,24.0,25.0,25.0,25.0,26.0,26.0,26.0,27.0,27.0,27.15000000000009,28.0,28.0,29.0,29.0,29.0,30.0,30.0,31.0,31.059999999999945,32.0,33.0,34.0,35.0,37.0,42.0,0.0,1000.6470588445663,1000.7607843279839,1000.8627451062202,3000.164705887437,3000.419607847929,3000.5647059082985,3000.6549019813538,3000.733333349228,3000.823529422283,3001.0,149.78848266601562,157.5051300048828,162.42864379882812,166.26996765136718,169.67002868652344,172.9013214111328,176.34768676757812,180.78768920898438,191.32102966308594,346.3482666015625,220.80252,1.0,test_data/Useful/Validation/1.5 inches at 1 ft/20241103_114523_069.jpg,355.0,201.0,34.276529657429855
27,0.0,0.0,0.0,0.0,0.0,0.0,0.0,0.0,0.0,0.0,1.0,2.0,2.0,3.0,4.0,4.0,5.0,5.0,6.0,6.0,7.0,7.0,8.0,9.0,9.0,10.0,10.0,10.0,10.0,11.0,11.0,11.0,12.0,12.0,12.0,12.0,13.0,13.0,13.0,14.0,14.0,14.0,15.0,15.0,15.0,16.0,16.0,16.0,16.50999999999999,17.0,17.0,17.0,18.0,18.0,18.0,18.0,19.0,19.0,19.0,20.0,20.0,20.0,20.0,21.0,21.0,21.0,22.0,22.0,22.0,22.0,23.0,23.0,23.0,24.0,24.0,24.0,25.0,25.0,25.0,25.0,26.0,26.0,27.0,27.0,27.0,28.0,28.0,28.0,29.0,29.0,30.0,30.0,31.0,31.0,32.0,33.0,34.0,35.0,36.0,41.0,0.0,1000.6431372761726,1000.7568627595901,1000.8549019694328,3000.1450980454683,3000.407843142748,3000.556862771511,3000.65098041296,3000.729411780834,3000.823529422283,3001.0,149.92271423339844,157.66004943847656,162.53370666503906,166.31651306152344,169.69947814941406,172.9485321044922,176.39854431152344,180.83482055664064,191.2630172729492,346.3449401855469,220.48088,1.0,test_data/Useful/Validation/1.5 inches at 1 ft/20241103_114523_070.jpg,349.0,208.0,28.00573464368115
28,0.0,0.0,0.0,0.0,0.0,0.0,0.0,0.0,0.0,0.0,0.0,0.0,0.0,1.0,2.0,3.0,3.0,4.0,4.0,5.0,6.0,6.0,7.0,7.0,8.0,8.0,9.0,9.0,10.0,10.0,10.0,11.0,11.0,11.0,12.0,12.0,12.0,13.0,13.0,13.0,13.0,14.0,14.0,14.0,14.0,15.0,15.0,15.0,15.0,16.0,16.0,16.0,17.0,17.0,17.0,18.0,18.0,18.0,18.0,19.0,19.0,19.0,20.0,20.0,20.0,20.0,21.0,21.0,21.0,22.0,22.0,22.0,23.0,23.0,23.0,23.24000000000001,24.0,24.0,25.0,25.0,25.0,26.0,26.0,26.0,27.0,27.0,28.0,28.0,28.0,29.0,29.0,30.0,30.0,31.0,32.0,32.0,34.0,35.0,37.0,43.0,0.0,1000.6235294342041,1000.7333333492279,1000.8313725590706,3000.04705882445,3000.364705890417,3000.5411764979362,3000.639215707779,3000.717647075653,3000.811764717102,3001.0,149.76101684570312,157.24124145507812,162.18215942382812,165.96414184570312,169.32843017578125,172.58749389648438,176.08505249023438,180.56576538085938,191.05435180664062,346.3423156738281,220.31435,1.0,test_data/Useful/Validation/1.5 inches at 1 ft/20241103_114523_075.jpg,326.0,200.0,32.95505357889894
29,0.0,0.0,0.0,0.0,0.0,0.0,0.0,0.0,0.0,0.0,0.0,1.0,1.0,2.0,2.0,3.0,3.0,4.0,5.0,5.0,6.0,6.0,7.0,7.0,8.0,8.0,9.0,9.0,10.0,10.0,10.0,11.0,11.0,11.0,11.0,12.0,12.0,12.0,13.0,13.0,13.0,14.0,14.0,14.0,15.0,15.0,15.0,15.0,16.0,16.0,16.0,16.0,17.0,17.0,17.0,18.0,18.0,18.0,19.0,19.0,19.0,20.0,20.0,20.0,21.0,21.0,21.0,21.0,22.0,22.0,22.0,23.0,23.0,23.0,24.0,24.0,24.0,24.0,25.0,25.0,25.190000000000055,26.0,26.0,27.0,27.0,27.0,28.0,28.0,29.0,29.0,30.0,30.0,31.0,31.0,32.0,33.0,33.0,35.0,36.0,41.0,0.0,1000.6078431606293,1000.7215686440468,1000.8156862854958,2000.7764706015587,3000.32549020648,3000.5215686559677,3000.627451002598,3000.7137255072594,3000.8078431487083,3001.0,149.9638885498047,157.59437866210936,162.43911895751953,166.26134643554687,169.62351989746094,172.82046203613282,176.31019592285156,180.67396545410156,191.00064086914062,346.34759521484375,219.85954,1.0,test_data/Useful/Validation/1.5 inches at 1 ft/20241103_114523_076.jpg,313.0,186.0,24.898604204752694
30,0.0,0.0,0.0,0.0,0.0,0.0,0.0,0.0,0.0,0.0,0.0,0.0,1.0,1.8600000000000136,2.0,3.0,3.0,4.0,5.0,5.0,6.0,6.0,7.0,7.0,8.0,8.0,8.730000000000018,9.0,9.0,10.0,10.0,11.0,11.0,11.0,11.0,12.0,12.0,12.0,13.0,13.0,13.0,13.0,14.0,14.0,15.0,15.0,15.0,15.0,16.0,16.0,16.0,17.0,17.0,17.0,17.0,18.0,18.0,18.0,18.0,19.0,19.0,19.0,20.0,20.0,20.0,21.0,21.0,21.0,21.0,22.0,22.0,22.0,23.0,23.0,23.0,24.0,24.0,24.0,25.0,25.0,25.0,26.0,26.0,26.0,27.0,27.0,27.0,28.0,28.0,29.0,29.0,30.0,30.0,31.0,31.0,32.0,34.0,35.0,36.0,39.0,0.0,1000.6078431606293,1000.7215686440468,1000.811764717102,2000.7411764860153,3000.32549020648,3000.5254902243614,3000.6313725709915,3000.7098039388657,3000.8039215803146,3001.0,149.42190551757812,157.16030883789062,162.09295654296875,165.96222534179688,169.32779693603516,172.57367858886718,176.04002075195314,180.39852905273438,190.68637084960938,346.353515625,220.21683,1.0,test_data/Useful/Validation/1.5 inches at 1 ft/20241103_114523_077.jpg,318.0,198.0,26.699568578730876
31,0.0,0.0,0.0,0.0,0.0,0.0,0.0,0.0,0.0,0.0,0.0,0.0,0.0,0.0,1.0,1.0,2.0,2.0,3.0,3.0,4.0,4.0,5.0,5.0,6.0,7.0,7.0,8.0,8.0,9.0,10.0,10.0,10.0,10.0,11.0,11.0,11.629999999999995,12.0,12.0,12.600000000000023,13.0,13.0,13.0,14.0,14.0,14.0,15.0,15.0,15.0,15.0,16.0,16.0,16.0,16.0,17.0,17.0,17.0,17.0,18.0,18.0,18.0,19.0,19.0,19.0,19.0,20.0,20.0,20.0,20.0,21.0,21.0,22.0,22.0,22.0,22.0,23.0,23.0,23.0,24.0,24.0,24.0,25.0,25.0,26.0,26.0,26.0,27.0,27.0,28.0,28.0,29.0,29.0,30.0,30.0,31.0,32.0,33.0,34.0,36.0,41.0,0.0,1000.6039215922356,1000.7137255072594,1000.8039215803146,2000.6470588445663,3000.309803932905,3000.5254902243614,3000.627451002598,3000.7098039388657,3000.800000011921,3001.0,149.22731018066406,156.9547576904297,161.80384674072266,165.6468719482422,169.0060577392578,172.23636779785156,175.72354736328123,180.10723876953125,190.44644317626953,346.3580322265625,220.10622,1.0,test_data/Useful/Validation/1.5 inches at 1 ft/20241103_114523_078.jpg,335.0,209.0,26.05306772755664
32,0.0,0.0,0.0,0.0,0.0,0.0,0.0,0.0,0.0,0.0,0.0,0.0,0.0,0.0,0.0,1.0,1.0,2.0,2.0,3.0,4.0,4.0,5.0,5.759999999999991,6.0,7.0,7.0,8.0,8.0,9.0,9.0,10.0,10.0,10.0,10.0,11.0,11.0,11.0,12.0,12.0,12.0,13.0,13.0,13.0,13.0,14.0,14.0,14.0,15.0,15.0,15.0,16.0,16.0,16.0,16.450000000000045,17.0,17.0,18.0,18.0,18.0,19.0,19.0,19.0,19.0,20.0,20.0,20.0,21.0,21.0,21.0,22.0,22.0,22.0,23.0,23.0,23.0,24.0,24.0,24.0,25.0,25.0,26.0,26.0,26.0,27.0,27.0,27.0,28.0,28.0,29.0,29.0,30.0,30.0,31.0,32.0,33.0,34.0,35.0,37.0,41.0,0.0,1000.6000000238419,1000.7098039388657,1000.8000000119209,2000.5686274766922,3000.309803932905,3000.5254902243614,3000.627451002598,3000.7098039388657,3000.800000011921,3001.0,149.4327392578125,157.1925048828125,162.06607055664062,165.8729705810547,169.23667907714844,172.49563598632812,175.9060516357422,180.36349487304688,190.66973876953125,346.35565185546875,220.05241,1.0,test_data/Useful/Validation/1.5 inches at 1 ft/20241103_114523_079.jpg,301.0,188.0,32.43150273063588
33,0.0,0.0,0.0,0.0,0.0,0.0,0.0,0.0,0.0,0.0,0.0,0.0,0.0,0.0,1.0,1.8400000000000318,2.0,3.0,3.0,4.0,4.0,5.0,5.0,6.0,6.0,6.740000000000009,7.0,7.0,8.0,8.0,9.0,9.0,10.0,10.0,10.0,11.0,11.0,11.0,12.0,12.0,12.0,12.0,13.0,13.0,13.0,14.0,14.0,14.0,15.0,15.0,15.0,16.0,16.0,16.0,16.0,17.0,17.0,17.0,18.0,18.0,18.0,18.0,19.0,19.0,19.0,20.0,20.0,20.0,21.0,21.0,22.0,22.0,22.0,22.0,23.0,23.0,23.0,24.0,24.0,24.0,25.0,25.0,25.0,26.0,26.0,27.0,27.0,28.0,28.0,29.0,29.0,30.0,30.0,31.0,31.0,32.0,33.0,34.0,36.0,41.0,0.0,1000.6000000238419,1000.7098039388657,1000.7960784435272,2000.5803921818733,3000.313725501299,3000.529411792755,3000.6313725709915,3000.7098039388657,3000.796078443527,3001.0,149.50050354003906,157.10409545898438,161.90301513671875,165.732177734375,169.05294799804688,172.23196411132812,175.68238830566406,180.1140594482422,190.41656494140625,346.3578796386719,220.06229,1.0,test_data/Useful/Validation/1.5 inches at 1 ft/20241103_114523_080.jpg,315.0,183.0,26.865664878003834
34,0.0,0.0,0.0,0.0,0.0,0.0,0.0,0.0,0.0,0.0,0.0,0.0,1.0,1.0,2.0,2.0,3.0,3.0,4.0,4.0,5.0,6.0,6.0,7.0,7.0,8.0,8.0,9.0,9.0,10.0,10.0,10.0,11.0,11.0,11.0,12.0,12.0,12.0,13.0,13.0,13.0,14.0,14.0,14.0,14.0,15.0,15.0,15.0,15.0,16.0,16.0,16.0,17.0,17.0,17.0,17.0,18.0,18.0,18.0,19.0,19.0,19.0,20.0,20.0,20.0,21.0,21.0,21.0,21.309999999999945,22.0,22.0,22.0,23.0,23.0,23.0,24.0,24.0,24.0,25.0,25.0,25.0,26.0,26.0,26.0,27.0,27.0,28.0,28.0,29.0,29.0,30.0,30.0,31.0,31.0,32.0,33.0,34.0,35.0,37.0,44.0,0.0,1000.6039215922356,1000.7137255072594,1000.8078431487083,2000.8078431487083,3000.3568627536297,3000.54509806633,3000.635294139385,3000.7098039388657,3000.796078443527,3001.0,150.01464233398437,157.56796569824218,162.37401123046874,166.2065399169922,169.56443786621094,172.76661376953126,176.20892028808595,180.67138671875,190.95053100585938,346.34552001953125,219.99718,1.0,test_data/Useful/Validation/1.5 inches at 1 ft/20241103_114523_085.jpg,306.0,196.0,27.93231188005945
35,0.0,0.0,0.0,0.0,0.0,0.0,0.0,0.0,0.0,0.0,0.0,0.0,0.0,1.0,1.0,2.0,2.0,3.0,4.0,4.0,5.0,6.0,6.0,7.0,7.0,8.0,8.0,9.0,9.0,9.0,10.0,10.0,10.0,11.0,11.0,11.0,12.0,12.0,12.0,13.0,13.0,13.0,13.0,14.0,14.0,14.0,15.0,15.0,15.0,16.0,16.0,16.0,17.0,17.0,17.0,18.0,18.0,18.0,18.0,19.0,19.0,19.0,20.0,20.0,20.0,21.0,21.0,21.0,22.0,22.0,22.0,23.0,23.0,23.0,24.0,24.0,24.0,25.0,25.0,25.0,26.0,26.0,26.0,27.0,27.0,27.139999999999873,28.0,28.0,29.0,29.0,30.0,30.0,31.0,31.0,32.0,33.0,34.0,35.0,36.0,41.0,0.0,1000.6000000238419,1000.7137255072594,1000.8078431487083,2000.7882353067398,3000.352941185236,3000.5411764979362,3000.635294139385,3000.7098039388657,3000.796078443527,3001.0,149.78453063964844,157.43167114257812,162.31185913085938,166.1588134765625,169.48513793945312,172.73277282714844,176.2291046142578,180.7139892578125,190.78579711914062,346.34228515625,220.00443,1.0,test_data/Useful/Validation/1.5 inches at 1 ft/20241103_114523_086.jpg,312.0,192.0,27.441729406250076
36,0.0,0.0,0.0,0.0,0.0,0.0,0.0,0.0,0.0,0.0,0.0,0.0,0.0,1.0,1.0,2.0,3.0,3.0,3.0,4.0,5.0,5.0,6.0,6.0,7.0,7.0,8.0,8.0,9.0,9.0,10.0,10.0,10.0,10.660000000000082,11.0,11.0,12.0,12.0,12.0,12.0,13.0,13.0,13.0,14.0,14.0,14.0,15.0,15.0,15.0,15.0,16.0,16.0,16.0,17.0,17.0,17.0,17.0,18.0,18.0,18.0,19.0,19.0,19.0,20.0,20.0,20.0,21.0,21.0,21.0,21.0,22.0,22.0,22.0,23.0,23.0,23.0,23.0,24.0,24.0,24.0,25.0,25.0,26.0,26.0,27.0,27.0,27.0,28.0,28.0,28.09999999999991,29.0,29.0,30.0,30.0,31.0,32.0,33.0,35.0,37.0,48.0,0.0,1000.6000000238419,1000.7098039388657,1000.8000000119209,2000.7372549176216,3000.3568627536297,3000.5490196347237,3000.635294139385,3000.705882370472,3000.78823530674,3001.0,148.9663284301758,156.66812133789062,161.5721435546875,165.39002990722656,168.7515411376953,172.0411376953125,175.5203399658203,179.96572875976562,190.6151550292969,346.3447570800781,220.45341,1.0,test_data/Useful/Validation/1.5 inches at 1 ft/20241103_114523_087.jpg,317.0,191.0,33.34041632271493
37,0.0,0.0,0.0,0.0,0.0,0.0,0.0,0.0,0.0,0.0,0.0,0.0,1.0,1.0,2.0,3.0,3.0,4.0,4.0,5.0,5.0,6.0,6.0,7.0,8.0,8.0,9.0,9.0,10.0,10.0,10.0,10.0,11.0,11.0,11.0,12.0,12.0,12.0,13.0,13.0,13.0,13.0,14.0,14.0,14.0,15.0,15.0,15.0,16.0,16.0,16.0,16.0,17.0,17.0,17.0,18.0,18.0,18.0,18.0,19.0,19.0,19.0,20.0,20.0,20.0,21.0,21.0,21.0,21.0,22.0,22.0,22.0,22.0,23.0,23.0,23.0,24.0,24.0,24.0,25.0,25.0,25.0,26.0,26.0,27.0,27.0,27.0,28.0,28.0,29.0,29.0,30.0,30.0,31.0,31.049999999999727,32.0,33.0,34.0,36.0,40.0,0.0,1000.5960784554482,1000.705882370472,1000.7960784435272,2000.65098041296,3000.3450980484486,3000.5411764979362,3000.635294139385,3000.705882370472,3000.7921568751335,3001.0,149.50376739501954,157.23289794921874,162.14476928710937,165.9955596923828,169.2920684814453,172.578125,175.9855194091797,180.40634155273438,190.76382446289062,346.34228515625,220.1137,1.0,test_data/Useful/Validation/1.5 inches at 1 ft/20241103_114523_088.jpg,319.0,197.0,24.236490846720482
38,0.0,0.0,0.0,0.0,0.0,0.0,0.0,0.0,0.0,0.0,0.0,0.0,0.0,1.0,1.849999999999966,2.0,3.0,4.0,4.0,5.0,5.0,6.0,6.0,6.0,7.0,8.0,8.0,9.0,9.0,9.0,10.0,10.0,10.0,11.0,11.0,11.0,12.0,12.0,12.0,13.0,13.0,13.0,14.0,14.0,14.0,14.0,15.0,15.0,15.0,16.0,16.0,16.0,17.0,17.0,17.0,17.0,18.0,18.0,18.0,19.0,19.0,19.0,19.0,20.0,20.0,20.0,21.0,21.0,21.0,21.0,22.0,22.0,22.0,23.0,23.0,23.0,24.0,24.0,24.0,24.0,25.0,25.0,26.0,26.0,26.0,27.0,27.0,28.0,28.0,29.0,29.0,29.0,30.0,31.0,31.0,32.0,33.0,34.0,36.0,41.0,0.0,1000.5921568870544,1000.7019608020782,1000.7921568751335,2000.2666666805744,3000.3176470696926,3000.529411792755,3000.627451002598,3000.705882370472,3000.78823530674,3001.0,149.4893035888672,157.2274139404297,162.2008483886719,166.00263671875,169.3896942138672,172.64337158203125,176.06594848632812,180.45614624023438,190.68252563476562,346.34820556640625,220.11243,1.0,test_data/Useful/Validation/1.5 inches at 1 ft/20241103_114523_089.jpg,316.0,204.0,27.895792745251946
39,0.0,0.0,0.0,0.0,0.0,0.0,0.0,0.0,0.0,0.0,0.0,1.0,1.0,2.0,3.0,3.0,4.0,4.0,5.0,6.0,6.0,7.0,7.0,8.0,9.0,9.0,9.0,10.0,10.0,10.0,11.0,11.0,11.0,12.0,12.0,12.0,13.0,13.0,13.0,13.0,14.0,14.0,14.0,15.0,15.0,15.0,16.0,16.0,16.0,16.0,17.0,17.0,17.0,18.0,18.0,18.0,18.0,19.0,19.0,19.0,19.0,20.0,20.0,20.0,21.0,21.0,21.0,21.320000000000164,22.0,22.0,22.0,23.0,23.0,23.0,24.0,24.0,24.0,25.0,25.0,25.0,26.0,26.0,26.0,26.0,27.0,27.0,28.0,28.0,28.0,29.0,29.0,30.0,30.0,31.0,32.0,33.0,34.0,35.0,37.0,42.0,0.0,1000.5921568870544,1000.7019608020782,1000.7921568751335,2000.3882353007793,3000.313725501299,3000.529411792755,3000.627451002598,3000.7019608020782,3000.78823530674,3001.0,149.56567993164063,157.2882537841797,162.13774566650392,165.94080200195313,169.2897186279297,172.53168029785155,175.99492645263672,180.44015502929688,190.9927978515625,346.34478759765625,220.26808,1.0,test_data/Useful/Validation/1.5 inches at 1 ft/20241103_114523_090.jpg,287.0,183.0,32.54726354886282
40,0.0,0.0,0.0,0.0,0.0,0.0,0.0,0.0,0.0,0.0,1.0,1.0,2.0,3.0,3.0,4.0,4.0,5.0,5.0,5.0,6.0,6.0,7.0,7.0,8.0,8.0,9.0,9.0,10.0,10.0,10.0,11.0,11.0,11.0,11.0,12.0,12.0,12.0,12.610000000000014,13.0,13.0,13.579999999999927,14.0,14.0,14.0,15.0,15.0,15.0,15.0,16.0,16.0,16.0,16.0,17.0,17.0,17.0,18.0,18.0,18.0,18.399999999999864,19.0,19.0,19.0,19.0,20.0,20.0,20.0,20.0,21.0,21.0,21.0,21.279999999999973,22.0,22.0,22.0,23.0,23.0,24.0,24.0,24.0,25.0,25.0,25.0,25.0,26.0,26.0,26.0,27.0,27.0,28.0,28.0,29.0,29.0,30.0,31.0,32.0,32.0,34.0,36.0,44.0,0.0,1000.6313725709915,1000.7686274647713,2000.3019607961178,3000.192156866193,3000.4000000059605,3000.533333361149,3000.6196078658104,3000.7019608020782,3000.8039215803146,3001.0,149.73630828857424,157.45119018554686,162.33770751953125,166.1625518798828,169.542724609375,172.77630615234375,176.2736358642578,180.6324005126953,190.7130126953125,346.2338562011719,220.01808,1.0,test_data/Useful/Validation/1.5 inches at 1 ft/20241103_114701_010.jpg,333.0,207.0,33.1520993646971
41,0.0,0.0,0.0,0.0,0.0,0.0,0.0,0.0,0.0,0.0,1.0,1.0,2.0,2.0,3.0,3.0,4.0,5.0,5.0,6.0,6.0,7.0,7.0,8.0,8.0,8.0,9.0,9.0,10.0,10.0,10.0,11.0,11.0,11.0,12.0,12.0,12.0,12.0,13.0,13.0,13.589999999999918,14.0,14.0,14.0,15.0,15.0,15.0,15.0,16.0,16.0,16.0,16.0,17.0,17.0,18.0,18.0,18.0,18.0,18.0,19.0,19.0,19.0,19.0,20.0,20.0,20.0,21.0,21.0,21.0,22.0,22.0,22.0,22.0,23.0,23.0,23.0,23.0,24.0,24.0,25.0,25.0,25.0,26.0,26.0,27.0,27.0,28.0,28.0,29.0,29.0,29.0,30.0,30.0,31.0,32.0,32.0,33.0,34.0,35.0,40.0,0.0,1000.6313725709915,1000.7686274647713,2000.286274522543,3000.188235297799,3000.4000000059605,3000.529411792755,3000.6196078658104,3000.7019608020782,3000.800000011921,3001.0,149.8139892578125,157.46331787109375,162.40943908691406,166.23501586914062,169.57557678222656,172.7900390625,176.23904418945312,180.6094512939453,190.62294006347656,346.2265319824219,220.08028,1.0,test_data/Useful/Validation/1.5 inches at 1 ft/20241103_114701_011.jpg,336.0,212.0,28.389376633092002
42,0.0,0.0,0.0,0.0,0.0,0.0,0.0,0.0,0.0,0.0,0.0,1.0,1.0,1.0,2.0,3.0,4.0,4.0,5.0,5.0,6.0,6.0,6.0,7.0,7.0,8.0,8.0,9.0,9.0,10.0,10.0,10.0,10.670000000000073,11.0,11.0,11.0,12.0,12.0,12.0,13.0,13.0,13.0,13.0,14.0,14.0,14.0,15.0,15.0,15.0,15.0,16.0,16.0,16.0,17.0,17.0,17.0,18.0,18.0,18.0,18.0,19.0,19.0,19.0,20.0,20.0,20.0,20.0,21.0,21.0,21.0,21.0,21.0,22.0,22.0,22.0,23.0,23.0,23.0,24.0,24.0,24.0,25.0,25.0,25.0,26.0,26.0,27.0,27.0,28.0,28.0,29.0,29.0,30.0,31.0,31.0,32.0,33.0,33.0,35.0,41.0,0.0,1000.6274510025978,1000.7647058963776,2000.2078431397676,3000.1686274558306,3000.3882353007793,3000.5254902243614,3000.6156862974167,3000.6980392336845,3000.800000011921,3001.0,149.7349609375,157.4022430419922,162.3175079345703,166.1698760986328,169.55548095703125,172.76860961914062,176.2114028930664,180.53455200195313,190.48519897460938,346.2229919433594,220.01547,1.0,test_data/Useful/Validation/1.5 inches at 1 ft/20241103_114701_012.jpg,321.0,194.0,29.912421846627463
43,0.0,0.0,0.0,0.0,0.0,0.0,0.0,0.0,0.0,0.0,0.0,1.0,1.0,2.0,3.0,3.0,4.0,4.0,5.0,6.0,6.0,7.0,7.0,8.0,8.0,9.0,9.0,9.0,10.0,10.0,10.0,11.0,11.0,11.0,11.0,12.0,12.0,12.0,13.0,13.0,13.0,13.0,14.0,14.0,14.0,15.0,15.0,15.0,15.0,16.0,16.0,16.0,16.470000000000027,17.0,17.0,17.0,18.0,18.0,18.0,19.0,19.0,19.0,19.0,20.0,20.0,20.0,21.0,21.0,21.0,22.0,22.0,22.0,22.0,23.0,23.0,23.0,24.0,24.0,24.0,24.0,25.0,25.0,25.0,26.0,26.0,26.0,27.0,27.0,28.0,28.0,29.0,29.0,30.0,30.0,31.0,32.0,32.029999999999745,33.01999999999998,35.0,40.0,0.0,1000.6274510025978,1000.7607843279839,2000.0784313753247,3000.1725490242243,3000.392156869173,3000.5254902243614,3000.6156862974167,3000.6980392336845,3000.800000011921,3001.0,149.75221252441406,157.4542236328125,162.40760803222656,166.19630432128906,169.56809997558594,172.75086975097656,176.18980407714844,180.56610107421875,190.663818359375,346.2295227050781,219.94351,1.0,test_data/Useful/Validation/1.5 inches at 1 ft/20241103_114701_013.jpg,339.0,204.0,34.18216795477618
44,0.0,0.0,0.0,0.0,0.0,0.0,0.0,0.0,0.0,0.0,0.0,0.0,1.0,2.0,2.0,3.0,3.0,4.0,5.0,5.0,5.0,6.0,6.0,7.0,7.75,8.0,8.0,9.0,9.0,10.0,10.0,10.0,11.0,11.0,11.0,12.0,12.0,12.0,12.0,13.0,13.0,13.0,14.0,14.0,14.0,14.0,15.0,15.0,15.0,15.0,16.0,16.0,16.0,17.0,17.0,17.0,17.0,18.0,18.0,18.0,19.0,19.0,19.0,19.0,20.0,20.0,20.0,20.0,21.0,21.0,21.0,22.0,22.0,22.0,23.0,23.0,23.0,24.0,24.0,24.0,25.0,25.0,25.0,26.0,26.0,26.0,27.0,27.0,27.0,28.0,28.0,29.0,30.0,30.0,31.0,32.0,33.0,34.0,36.0,41.0,0.0,1000.6274510025978,1000.7607843279839,1001.0,3000.1725490242243,3000.3882353007793,3000.5254902243614,3000.6156862974167,3000.6980392336845,3000.800000011921,3001.0,150.0184295654297,157.56056213378906,162.42012786865234,166.22516784667968,169.5550079345703,172.8048583984375,176.21251373291017,180.6529754638672,190.59612426757812,346.2283630371094,220.06264,1.0,test_data/Useful/Validation/1.5 inches at 1 ft/20241103_114701_014.jpg,332.0,185.0,28.80639767467677
45,0.0,0.0,0.0,0.0,0.0,0.0,0.0,0.0,0.0,1.0,2.0,2.0,3.0,3.0,4.0,5.0,5.0,5.819999999999993,6.0,7.0,7.0,8.0,8.0,9.0,9.0,9.0,10.0,10.0,10.0,10.0,11.0,11.0,11.0,12.0,12.0,12.0,12.0,13.0,13.0,13.0,13.0,14.0,14.0,14.0,15.0,15.0,15.0,16.0,16.0,16.0,16.0,17.0,17.0,17.0,17.0,18.0,18.0,18.0,19.0,19.0,19.0,19.0,20.0,20.0,20.0,20.340000000000146,21.0,21.0,21.0,22.0,22.0,22.0,22.0,23.0,23.0,23.0,24.0,24.0,24.0,25.0,25.0,25.0,26.0,26.0,26.0,27.0,27.0,27.0,28.0,28.0,29.0,29.0,30.0,30.0,31.0,32.0,32.0,33.01999999999998,35.0,41.0,0.0,1000.6313725709915,1000.7647058963776,2000.2078431397676,3000.188235297799,3000.4000000059605,3000.533333361149,3000.6196078658104,3000.6980392336845,3000.796078443527,3001.0,149.7971954345703,157.36338500976564,162.2587158203125,166.01036376953124,169.39817810058594,172.60501708984376,176.0814987182617,180.47940979003909,190.64474487304688,346.2356262207031,220.59036,1.0,test_data/Useful/Validation/1.5 inches at 1 ft/20241103_114701_020.jpg,333.0,206.0,33.057382154564316
46,0.0,0.0,0.0,0.0,0.0,0.0,0.0,0.0,0.0,1.0,1.0,2.0,2.0,3.0,3.0,4.0,4.0,5.0,5.810000000000002,6.0,7.0,7.0,7.0,8.0,8.0,9.0,9.0,10.0,10.0,10.0,10.68999999999994,11.0,11.0,11.0,11.0,12.0,12.0,12.0,13.0,13.0,13.0,14.0,14.0,14.0,14.0,15.0,15.0,15.0,16.0,16.0,16.0,16.0,17.0,17.0,17.0,17.0,18.0,18.0,18.0,18.0,19.0,19.0,19.0,20.0,20.0,20.0,21.0,21.0,21.0,22.0,22.0,22.0,22.0,23.0,23.0,23.0,24.0,24.0,24.0,24.0,25.0,25.0,25.0,26.0,26.0,27.0,27.0,27.0,28.0,28.0,28.0,29.0,29.0,30.0,31.0,32.0,33.0,34.0,35.0,43.0,0.0,1000.6313725709915,1000.7647058963776,2000.298039227724,3000.1960784345865,3000.403921574354,3000.533333361149,3000.6196078658104,3000.6980392336845,3000.796078443527,3001.0,149.7218017578125,157.3519744873047,162.2173309326172,166.02925415039064,169.3620147705078,172.63782653808593,176.06056060791013,180.408642578125,190.5045364379883,346.2396240234375,220.26955,1.0,test_data/Useful/Validation/1.5 inches at 1 ft/20241103_114701_021.jpg,380.0,218.0,35.69664390013699
47,0.0,0.0,0.0,0.0,0.0,0.0,0.0,0.0,0.0,0.0,1.0,2.0,3.0,3.0,3.849999999999966,4.0,4.0,5.0,6.0,6.0,7.0,8.0,8.0,9.0,9.0,10.0,10.0,10.0,11.0,11.0,11.0,11.0,12.0,12.0,12.0,12.0,13.0,13.0,13.0,14.0,14.0,14.0,14.0,15.0,15.0,15.0,15.0,16.0,16.0,16.0,17.0,17.0,17.0,17.0,18.0,18.0,18.0,18.0,19.0,19.0,19.0,19.0,20.0,20.0,20.0,20.0,21.0,21.0,21.0,22.0,22.0,22.0,22.0,23.0,23.0,23.0,24.0,24.0,24.0,25.0,25.0,25.0,25.0,26.0,26.0,27.0,27.0,27.0,28.0,28.0,29.0,30.0,30.0,31.0,31.0,32.0,33.0,34.0,35.0,40.0,0.0,1000.6313725709915,1000.7607843279839,2000.1843137294054,3000.1803921610117,3000.4000000059605,3000.533333361149,3000.6196078658104,3000.6980392336845,3000.796078443527,3001.0,149.48657989501953,157.10214233398438,162.03228759765625,165.8675537109375,169.20382690429688,172.4423828125,175.908935546875,180.30526733398438,190.63589477539062,346.2408142089844,220.95825,1.0,test_data/Useful/Validation/1.5 inches at 1 ft/20241103_114701_022.jpg,355.0,214.0,28.935451068926014
48,0.0,0.0,0.0,0.0,0.0,0.0,0.0,0.0,0.0,0.0,1.0,2.0,2.0,3.0,3.0,4.0,5.0,5.0,5.0,6.0,6.0,7.0,7.0,8.0,8.0,9.0,9.0,10.0,10.0,10.0,10.0,11.0,11.0,11.0,12.0,12.0,12.0,12.0,13.0,13.0,13.0,13.579999999999927,14.0,14.0,14.0,15.0,15.0,15.0,16.0,16.0,16.0,16.0,17.0,17.0,17.0,17.0,18.0,18.0,18.0,19.0,19.0,19.0,20.0,20.0,20.0,20.0,21.0,21.0,21.0,22.0,22.0,22.0,22.0,23.0,23.0,23.0,23.0,24.0,24.0,24.0,25.0,25.0,25.0,26.0,26.0,27.0,27.0,27.0,28.0,28.0,28.0,29.0,30.0,30.0,31.0,32.0,33.0,33.0,35.0,41.0,0.0,1000.6352941393852,1000.7647058963776,2000.2745098173618,3000.1803921610117,3000.4000000059605,3000.533333361149,3000.6196078658104,3000.6980392336845,3000.796078443527,3001.0,149.46820068359375,157.21915588378906,162.05583801269532,165.91177368164062,169.2533721923828,172.46444702148438,175.9290313720703,180.28443908691406,190.5860137939453,346.24468994140625,220.75064,1.0,test_data/Useful/Validation/1.5 inches at 1 ft/20241103_114701_023.jpg,391.0,230.0,28.838950588163883
49,0.0,0.0,0.0,0.0,0.0,0.0,0.0,0.0,0.0,0.0,1.0,1.0,2.0,3.0,3.0,4.0,5.0,5.0,6.0,6.0,7.0,7.0,8.0,8.759999999999991,9.0,9.0,10.0,10.0,10.0,10.0,11.0,11.0,11.0,12.0,12.0,12.0,13.0,13.0,13.0,14.0,14.0,14.0,14.0,15.0,15.0,15.0,15.0,16.0,16.0,16.0,16.0,17.0,17.0,17.0,17.0,18.0,18.0,18.0,19.0,19.0,19.0,19.0,20.0,20.0,20.0,21.0,21.0,21.0,21.0,22.0,22.0,22.0,22.0,23.0,23.0,23.0,23.0,24.0,24.0,24.0,25.0,25.0,25.0,26.0,26.0,26.0,27.0,27.0,28.0,28.0,29.0,29.0,30.0,30.0,31.0,31.0,32.0,33.01999999999998,35.0,42.0,0.0,1000.6352941393852,1000.7647058963776,2000.32549020648,3000.1803921610117,3000.4000000059605,3000.533333361149,3000.6196078658104,3000.6980392336845,3000.796078443527,3001.0,149.5116729736328,157.287109375,162.1070556640625,165.94668579101562,169.29054260253906,172.50486450195314,175.93040313720704,180.3103820800781,190.87318420410156,346.2393493652344,220.79321,1.0,test_data/Useful/Validation/1.5 inches at 1 ft/20241103_114701_024.jpg,379.0,224.0,24.218083843586037
50,0.0,0.0,0.0,0.0,0.0,0.0,0.0,0.0,1.0,1.0,2.0,3.0,3.0,4.0,5.0,5.0,6.0,7.0,7.0,8.0,8.0,9.0,9.0,9.0,10.0,10.0,10.0,11.0,11.0,11.0,12.0,12.0,12.0,13.0,13.0,13.0,13.0,14.0,14.0,14.0,15.0,15.0,15.0,15.0,16.0,16.0,16.0,16.0,17.0,17.0,17.0,18.0,18.0,18.0,18.0,19.0,19.0,19.0,19.0,20.0,20.0,20.0,20.0,21.0,21.0,21.0,22.0,22.0,22.0,22.0,22.0,23.0,23.0,23.0,23.0,24.0,24.0,24.0,25.0,25.0,26.0,26.0,26.0,26.0,27.0,27.0,27.0,28.0,28.0,29.0,29.0,30.0,30.0,31.0,31.0,32.0,33.0,34.0,36.0,41.0,0.0,1000.65098041296,1000.7803921699524,2000.5803921818733,3000.227450981736,3000.4235294163227,3000.54509806633,3000.623529434204,3000.6980392336845,3000.78823530674,3001.0,148.8613708496094,156.56777648925782,161.4794464111328,165.3016387939453,168.6969757080078,171.93427734375,175.3874084472656,179.87020263671874,190.89749145507812,346.2376708984375,221.55899,1.0,test_data/Useful/Validation/1.5 inches at 1 ft/20241103_114701_030.jpg,396.0,236.0,31.652269777332002
51,0.0,0.0,0.0,0.0,0.0,0.0,0.0,0.0,1.0,1.0,2.0,2.8799999999999955,3.0,4.0,5.0,5.0,6.0,6.0,7.0,7.0,8.0,8.0,9.0,9.0,10.0,10.0,10.0,11.0,11.0,11.0,12.0,12.0,12.0,13.0,13.0,13.0,13.0,14.0,14.0,14.0,15.0,15.0,15.0,15.0,16.0,16.0,16.0,16.0,17.0,17.0,17.0,17.0,18.0,18.0,18.0,18.0,19.0,19.0,19.0,19.399999999999864,20.0,20.0,20.0,21.0,21.0,21.0,21.0,22.0,22.0,22.0,23.0,23.0,23.0,23.0,24.0,24.0,24.0,24.0,25.0,25.0,25.0,25.0,26.0,26.0,27.0,27.0,27.0,28.0,28.0,28.0,29.0,29.0,30.0,30.0,31.0,32.0,33.0,33.0,36.0,40.0,0.0,1000.6549019813538,1000.7843137383461,2000.6156862974167,3000.23137255013,3000.4274509847164,3000.54509806633,3000.623529434204,3000.6980392336845,3000.78823530674,3001.0,148.7395782470703,156.3260040283203,161.26117248535155,165.1251251220703,168.47305297851562,171.7528564453125,175.2024673461914,179.7363311767578,190.7197265625,346.23455810546875,221.6669,1.0,test_data/Useful/Validation/1.5 inches at 1 ft/20241103_114701_031.jpg,363.0,211.0,32.86306743882868
52,0.0,0.0,0.0,0.0,0.0,0.0,0.0,0.0,0.0,1.0,2.0,2.0,3.0,4.0,4.0,5.0,6.0,6.0,7.0,7.0,8.0,8.0,9.0,9.0,10.0,10.0,10.0,11.0,11.0,11.0,11.0,12.0,12.0,12.0,13.0,13.0,13.0,14.0,14.0,14.0,14.0,15.0,15.0,15.0,15.0,16.0,16.0,16.0,16.50999999999999,17.0,17.0,17.0,17.0,18.0,18.0,18.0,19.0,19.0,19.0,19.0,20.0,20.0,20.0,20.0,21.0,21.0,21.0,21.0,22.0,22.0,22.0,22.0,23.0,23.0,23.0,24.0,24.0,24.0,24.0,25.0,25.0,25.0,26.0,26.0,26.0,27.0,27.0,28.0,28.0,29.0,29.0,29.0,30.0,31.0,31.0,32.0,33.0,34.0,36.0,41.0,0.0,1000.6588235497475,1000.7882353067398,2000.6745098233223,3000.2470588237047,3000.435294121504,3000.5490196347237,3000.627451002598,3000.6980392336845,3000.78823530674,3001.0,148.55421447753906,156.14744567871094,161.02882385253906,164.8680419921875,168.25381469726562,171.5454833984375,175.05298767089843,179.6572052001953,190.86150665283205,346.23773193359375,221.6113,1.0,test_data/Useful/Validation/1.5 inches at 1 ft/20241103_114701_032.jpg,402.0,229.0,32.348329511588254
53,0.0,0.0,0.0,0.0,0.0,0.0,0.0,0.0,0.0,1.0,1.0,2.0,2.0,3.0,4.0,4.0,5.0,5.819999999999993,6.0,7.0,7.0,7.0,8.0,8.0,9.0,9.0,10.0,10.0,11.0,11.0,11.0,11.0,12.0,12.0,12.0,13.0,13.0,13.0,13.0,14.0,14.0,14.0,14.0,15.0,15.0,15.0,16.0,16.0,16.0,16.5,17.0,17.0,17.0,18.0,18.0,18.0,19.0,19.0,19.0,19.0,19.0,20.0,20.0,20.0,20.0,21.0,21.0,21.0,22.0,22.0,22.0,22.0,23.0,23.0,23.0,23.0,24.0,24.0,24.0,24.0,25.0,25.0,25.0,26.0,26.0,27.0,27.0,27.0,28.0,28.0,29.0,29.0,30.0,30.0,31.0,32.0,32.0,33.0,35.0,40.0,0.0,1000.6588235497475,1000.7921568751335,2000.6901960968971,3000.2549019753933,3000.4392156898975,3000.5529412031174,3000.627451002598,3000.7019608020782,3000.7921568751335,3001.0,148.47134399414062,156.26597595214844,161.11428833007812,164.92431640625,168.30979919433594,171.53445434570312,175.05120849609375,179.68087768554688,190.96041870117188,346.24249267578125,221.48756,1.0,test_data/Useful/Validation/1.5 inches at 1 ft/20241103_114701_033.jpg,369.0,207.0,24.620286294153587
54,0.0,0.0,0.0,0.0,0.0,0.0,0.0,0.0,0.0,1.0,2.0,3.0,3.0,4.0,5.0,5.0,6.0,6.0,7.0,7.0,8.0,8.0,9.0,9.0,10.0,10.0,10.0,11.0,11.0,11.0,11.0,12.0,12.0,12.0,13.0,13.0,13.0,13.0,14.0,14.0,14.0,15.0,15.0,15.0,16.0,16.0,16.0,16.0,16.0,17.0,17.0,17.0,17.0,18.0,18.0,18.0,19.0,19.0,19.0,19.0,20.0,20.0,20.0,20.0,21.0,21.0,21.0,21.0,22.0,22.0,22.0,23.0,23.0,23.0,23.0,24.0,24.0,24.0,25.0,25.0,25.0,26.0,26.0,26.0,27.0,27.0,27.0,28.0,28.0,29.0,29.0,29.0,30.0,30.0,31.0,32.0,33.0,34.0,35.0,43.0,0.0,1000.6588235497475,1000.7921568751335,2000.7137255072594,3000.2627451121807,3000.4431372582912,3000.5529412031174,3000.627451002598,3000.6980392336845,3000.78823530674,3001.0,148.31832885742188,155.96957092285157,160.79900970458985,164.58913879394532,167.9555435180664,171.23839721679687,174.76014556884766,179.32794799804688,190.6715545654297,346.2395935058594,221.53574,1.0,test_data/Useful/Validation/1.5 inches at 1 ft/20241103_114701_034.jpg,340.0,198.0,33.72556648915134
55,0.0,0.0,0.0,0.0,0.0,0.0,0.0,0.0,0.0,0.9000000000000057,1.0,2.0,2.0,3.0,4.0,4.0,5.0,6.0,6.0,7.0,7.0,8.0,8.0,9.0,9.0,10.0,10.0,10.0,11.0,11.0,11.0,11.0,12.0,12.0,12.0,13.0,13.0,13.0,13.0,14.0,14.0,14.0,14.0,15.0,15.0,15.0,16.0,16.0,16.0,16.0,17.0,17.0,17.0,17.460000000000036,18.0,18.0,18.0,19.0,19.0,19.0,19.0,20.0,20.0,20.0,20.0,21.0,21.0,21.0,22.0,22.0,22.0,22.0,23.0,23.0,23.0,23.0,24.0,24.0,24.0,25.0,25.0,25.0,25.0,26.0,26.0,26.0,27.0,27.0,28.0,28.0,29.0,29.0,30.0,31.0,31.0,32.0,33.0,34.0,35.00999999999976,39.0,0.0,1000.6588235497475,1000.7921568751335,2000.6588235497475,3000.258823543787,3000.4392156898975,3000.5490196347237,3000.627451002598,3000.6980392336845,3000.784313738346,3001.0,147.50344848632812,155.1334014892578,160.05245056152344,163.8555450439453,167.25421905517578,170.55486450195312,174.07938385009766,178.7625732421875,190.46235809326174,346.2393493652344,221.90291,1.0,test_data/Useful/Validation/1.5 inches at 1 ft/20241103_114701_040.jpg,346.0,206.0,35.123240628809484
56,0.0,0.0,0.0,0.0,0.0,0.0,0.0,0.0,0.0,0.0,1.0,1.0,2.0,3.0,4.0,4.0,5.0,5.0,6.0,6.0,7.0,8.0,8.0,9.0,9.0,10.0,10.0,10.0,11.0,11.0,11.0,11.0,12.0,12.0,12.0,13.0,13.0,13.0,14.0,14.0,14.0,14.0,15.0,15.0,15.0,15.0,16.0,16.0,16.0,17.0,17.0,17.0,17.0,18.0,18.0,18.0,18.0,19.0,19.0,19.0,19.0,20.0,20.0,20.0,21.0,21.0,21.0,21.0,22.0,22.0,22.0,22.0,23.0,23.0,23.0,23.0,24.0,24.0,24.0,25.0,25.0,25.0,26.0,26.0,26.0,27.0,27.0,27.0,28.0,28.0,28.0,29.0,29.0,30.0,30.0,31.0,32.0,33.0,35.0,40.0,0.0,1000.6549019813538,1000.7882353067398,2000.6313725709915,3000.2470588237047,3000.435294121504,3000.5490196347237,3000.623529434204,3000.694117665291,3000.784313738346,3001.0,147.38487243652344,155.20469665527344,160.0867462158203,163.96559143066406,167.39718627929688,170.61859130859375,174.16812133789062,178.80056762695312,190.48545837402344,346.2318115234375,221.78658,1.0,test_data/Useful/Validation/1.5 inches at 1 ft/20241103_114701_041.jpg,366.0,219.0,30.96946018912853
57,0.0,0.0,0.0,0.0,0.0,0.0,0.0,0.0,1.0,1.9000000000000057,2.0,3.0,4.0,4.0,5.0,5.0,6.0,7.0,7.0,8.0,8.0,9.0,9.0,10.0,10.0,10.0,10.0,11.0,11.0,11.0,11.0,12.0,12.0,12.0,13.0,13.0,13.0,13.0,14.0,14.0,14.0,14.0,15.0,15.0,15.0,16.0,16.0,16.0,16.0,17.0,17.0,17.0,17.0,18.0,18.0,18.0,18.0,19.0,19.0,19.0,20.0,20.0,20.0,20.0,21.0,21.0,21.0,21.0,22.0,22.0,22.0,22.0,23.0,23.0,23.0,23.0,24.0,24.0,24.0,25.0,25.0,25.0,26.0,26.0,26.0,26.0,27.0,27.0,28.0,28.0,29.0,29.0,30.0,30.0,31.0,31.039999999999964,32.0,33.0,34.00999999999976,41.0,0.0,1000.6588235497475,1000.7882353067398,2000.6352941393852,3000.2470588237047,3000.435294121504,3000.5490196347237,3000.623529434204,3000.694117665291,3000.7803921699524,3001.0,147.40206604003907,154.96593017578127,159.87463989257813,163.72109375,167.1787872314453,170.4608154296875,174.00465393066406,178.66128540039062,190.6222686767578,346.23046875,221.72809,1.0,test_data/Useful/Validation/1.5 inches at 1 ft/20241103_114701_042.jpg,343.0,209.0,27.024496817472198
58,0.0,0.0,0.0,0.0,0.0,0.0,0.0,0.0,0.0,1.0,2.0,2.0,3.0,4.0,4.0,5.0,5.0,6.0,6.0,7.0,8.0,8.0,8.0,9.0,9.0,10.0,10.0,10.0,11.0,11.0,11.0,11.0,12.0,12.0,12.0,13.0,13.0,13.0,14.0,14.0,14.0,14.0,15.0,15.0,15.0,15.0,16.0,16.0,16.0,16.0,17.0,17.0,17.0,17.0,18.0,18.0,18.0,18.0,19.0,19.0,19.0,20.0,20.0,20.0,20.0,21.0,21.0,21.0,21.0,22.0,22.0,22.0,22.0,23.0,23.0,23.0,24.0,24.0,24.0,25.0,25.0,25.0,25.0,26.0,26.0,26.0,27.0,27.0,27.0,28.0,28.0,29.0,29.0,30.0,30.0,31.0,32.0,33.0,35.0,41.0,0.0,1000.6549019813538,1000.7803921699524,2000.5098039507866,3000.2392156869173,3000.435294121504,3000.5490196347237,3000.623529434204,3000.6980392336845,3000.7803921699524,3001.0,146.9679962158203,154.67916259765624,159.50449829101564,163.38966369628906,166.80477142333984,170.0786895751953,173.66324157714843,178.4013702392578,190.62671508789063,346.24090576171875,221.78369,1.0,test_data/Useful/Validation/1.5 inches at 1 ft/20241103_114701_043.jpg,364.0,208.0,26.510152882616033
59,0.0,0.0,0.0,0.0,0.0,0.0,0.0,0.0,0.0,1.0,2.0,2.0,3.0,3.0,4.0,5.0,5.0,6.0,6.0,7.0,7.0,8.0,8.0,9.0,9.0,10.0,10.0,10.0,11.0,11.0,11.0,11.0,12.0,12.0,12.0,13.0,13.0,13.0,13.0,14.0,14.0,14.0,15.0,15.0,15.0,15.0,16.0,16.0,16.0,16.0,17.0,17.0,17.0,18.0,18.0,18.0,18.0,18.0,19.0,19.0,19.0,19.37999999999988,20.0,20.0,20.0,21.0,21.0,21.0,21.0,22.0,22.0,22.0,23.0,23.0,23.0,23.0,24.0,24.0,24.0,24.0,25.0,25.0,25.0,26.0,26.0,26.0,27.0,27.0,27.110000000000127,28.0,28.0,29.0,29.0,30.0,30.0,31.0,32.0,33.0,35.0,40.0,0.0,1000.65098041296,1000.772549033165,2000.3607843220234,3000.2078431397676,3000.419607847929,3000.5411764979362,3000.6196078658104,3000.694117665291,3000.7803921699524,3001.0,147.37168884277344,155.12669372558594,160.04367065429688,163.8831787109375,167.2244873046875,170.51437377929688,174.04037933349608,178.7027069091797,190.39773559570312,346.2441711425781,222.09007,1.0,test_data/Useful/Validation/1.5 inches at 1 ft/20241103_114701_044.jpg,369.0,222.0,29.935994702242354
60,0.0,0.0,0.0,0.0,0.0,0.0,0.0,0.0,0.0,1.0,1.0,2.0,3.0,3.8600000000000136,4.0,5.0,6.0,6.0,7.0,7.0,8.0,8.0,9.0,9.0,10.0,10.0,10.0,10.720000000000027,11.0,11.0,11.0,12.0,12.0,12.0,13.0,13.0,13.0,13.0,14.0,14.0,14.0,15.0,15.0,15.0,16.0,16.0,16.0,16.0,17.0,17.0,17.0,18.0,18.0,18.0,18.0,18.0,19.0,19.0,19.0,19.0,20.0,20.0,20.0,21.0,21.0,21.0,21.0,22.0,22.0,22.0,22.0,23.0,23.0,23.0,24.0,24.0,24.0,25.0,25.0,25.0,26.0,26.0,26.0,27.0,27.0,27.0,28.0,28.0,29.0,29.0,29.0,30.0,30.0,31.0,32.0,32.0,33.0,34.0,35.0,43.0,0.0,1000.611764729023,1000.7137255072594,1000.8039215803146,2000.392156869173,3000.274509817362,3000.501960813999,3000.6156862974167,3000.6980392336845,3000.796078443527,3001.0,149.11837768554688,156.829833984375,161.72906951904298,165.57360229492187,168.95243072509766,172.22897338867188,175.70802307128906,180.191650390625,191.13192749023438,346.3459777832031,221.0256,1.0,test_data/Useful/Validation/1.5 inches at 1 ft/20241103_114701_075.jpg,363.0,222.0,25.25401412387429
61,0.0,0.0,0.0,0.0,0.0,0.0,0.0,0.0,1.0,2.0,2.0,3.0,4.0,4.0,5.0,5.0,6.0,7.0,7.0,8.0,8.0,9.0,9.0,10.0,10.0,10.0,11.0,11.0,11.0,12.0,12.0,12.0,13.0,13.0,13.0,13.0,14.0,14.0,14.0,14.0,15.0,15.0,15.0,16.0,16.0,16.0,16.529999999999973,17.0,17.0,17.0,17.0,18.0,18.0,18.0,18.0,19.0,19.0,19.0,20.0,20.0,20.0,20.0,21.0,21.0,21.0,22.0,22.0,22.0,22.0,23.0,23.0,23.0,24.0,24.0,24.0,24.0,25.0,25.0,25.0,26.0,26.0,26.0,27.0,27.0,27.0,27.0,28.0,28.0,29.0,29.0,29.0,30.0,30.0,31.0,31.0,32.0,33.0,34.0,36.0,41.0,0.0,1000.611764729023,1000.7176470756531,1000.8078431487083,2000.5607843399048,3000.298039227724,3000.5098039507866,3000.6196078658104,3000.7019608020782,3000.796078443527,3001.0,149.13095092773438,156.8970977783203,161.7551498413086,165.5613525390625,168.94631958007812,172.25556030273438,175.73790435791017,180.23001098632812,191.2802276611328,346.3485412597656,221.35199,1.0,test_data/Useful/Validation/1.5 inches at 1 ft/20241103_114701_076.jpg,343.0,201.0,26.27065744511755
62,0.0,0.0,0.0,0.0,0.0,0.0,0.0,0.0,1.0,1.0,2.0,3.0,4.0,5.0,5.0,6.0,6.0,7.0,8.0,8.0,9.0,9.0,10.0,10.0,10.0,10.0,11.0,11.0,11.0,12.0,12.0,12.0,12.0,13.0,13.0,13.0,13.0,14.0,14.0,14.0,15.0,15.0,15.0,16.0,16.0,16.0,16.529999999999973,17.0,17.0,17.0,18.0,18.0,18.0,19.0,19.0,19.0,19.0,19.419999999999845,20.0,20.0,20.0,20.0,21.0,21.0,21.0,22.0,22.0,22.0,22.0,23.0,23.0,23.0,24.0,24.0,24.0,24.0,25.0,25.0,25.0,26.0,26.0,26.0,26.0,27.0,27.0,27.0,28.0,28.0,28.0,29.0,29.0,30.0,30.0,31.0,31.0,32.0,33.0,34.01999999999998,36.0,41.0,0.0,1000.6078431606293,1000.7137255072594,1000.8000000119209,2000.3333333432674,3000.274509817362,3000.505882382393,3000.6156862974167,3000.7019608020782,3000.796078443527,3001.0,149.19091796875,156.80067443847656,161.67977905273438,165.56055297851563,168.88966369628906,172.11481323242188,175.6060760498047,180.1414337158203,191.10037231445312,346.3505859375,221.06442,1.0,test_data/Useful/Validation/1.5 inches at 1 ft/20241103_114701_077.jpg,365.0,224.0,28.76949292875774
63,0.0,0.0,0.0,0.0,0.0,0.0,0.0,0.0,1.0,1.0,2.0,3.0,4.0,4.0,5.0,5.0,6.0,6.0,7.0,7.0,8.0,8.0,9.0,9.0,10.0,10.0,10.0,11.0,11.0,11.0,12.0,12.0,12.0,12.0,13.0,13.0,13.0,13.0,14.0,14.0,14.0,14.0,15.0,15.0,15.0,16.0,16.0,16.0,16.0,17.0,17.0,17.0,18.0,18.0,18.0,18.0,19.0,19.0,19.0,19.0,20.0,20.0,20.0,21.0,21.0,21.0,22.0,22.0,22.0,22.0,23.0,23.0,23.0,24.0,24.0,24.0,24.0,25.0,25.0,25.0,26.0,26.0,26.0,26.159999999999854,27.0,27.0,28.0,28.0,28.0,29.0,29.0,29.0,30.0,31.0,31.0,32.0,33.0,34.0,36.0,41.0,0.0,1000.6078431606293,1000.7098039388657,1000.8000000119209,2000.2352941185236,3000.270588248968,3000.505882382393,3000.6196078658104,3000.7019608020782,3000.7921568751335,3001.0,148.82568359375,156.51325378417968,161.44638366699218,165.26307067871093,168.63099670410156,171.84662475585938,175.30328216552735,179.8494110107422,191.01829528808594,346.3728332519531,221.12549,1.0,test_data/Useful/Validation/1.5 inches at 1 ft/20241103_114701_078.jpg,325.0,195.0,26.83477398607734
64,0.0,0.0,0.0,0.0,0.0,0.0,0.0,0.0,1.0,1.0,2.0,3.0,4.0,4.0,5.0,6.0,6.0,7.0,8.0,8.0,9.0,9.0,9.0,10.0,10.0,10.0,11.0,11.0,11.0,11.0,12.0,12.0,12.0,12.0,13.0,13.0,13.0,13.0,14.0,14.0,14.0,15.0,15.0,15.0,15.0,16.0,16.0,16.0,17.0,17.0,17.0,17.0,18.0,18.0,18.0,18.0,19.0,19.0,19.0,19.0,20.0,20.0,20.0,20.0,21.0,21.0,21.0,21.0,22.0,22.0,22.0,23.0,23.0,23.0,23.0,24.0,24.0,24.0,25.0,25.0,25.0,26.0,26.0,26.0,27.0,27.0,27.0,28.0,28.0,29.0,29.0,30.0,30.0,31.0,31.0,32.0,33.0,34.0,35.0,41.0,0.0,1000.6078431606293,1000.7098039388657,1000.7960784435272,2000.1058823540807,3000.2666666805744,3000.5098039507866,3000.6196078658104,3000.7019608020782,3000.796078443527,3001.0,148.9788848876953,156.5365417480469,161.46314086914063,165.31001892089844,168.64151763916016,171.93352355957032,175.44314727783203,180.0097381591797,191.17019653320312,346.37640380859375,221.03894,1.0,test_data/Useful/Validation/1.5 inches at 1 ft/20241103_114701_079.jpg,341.0,199.0,26.828063572165444
65,0.0,0.0,0.0,0.0,0.0,0.0,0.0,0.0,0.0,1.0,2.0,2.0,3.0,3.8600000000000136,4.0,5.0,6.0,6.0,7.0,7.0,8.0,8.0,9.0,9.0,10.0,10.0,10.0,11.0,11.0,11.0,11.68999999999994,12.0,12.0,12.0,13.0,13.0,13.0,14.0,14.0,14.0,14.0,15.0,15.0,15.0,15.0,16.0,16.0,16.0,16.0,17.0,17.0,17.0,18.0,18.0,18.0,18.0,19.0,19.0,19.0,20.0,20.0,20.0,20.0,21.0,21.0,21.0,21.0,22.0,22.0,22.0,22.0,23.0,23.0,23.0,23.0,24.0,24.0,24.0,25.0,25.0,25.0,26.0,26.0,26.0,27.0,27.0,27.0,28.0,28.0,29.0,29.0,30.0,30.0,31.0,32.0,32.0,33.0,34.0,36.0,41.0,0.0,1000.6078431606293,1000.7215686440468,1000.8196078538895,2000.7921568751335,3000.337254911661,3000.529411792755,3000.6313725709915,3000.7137255072594,3000.811764717102,3001.0,149.79946899414062,157.45004272460938,162.35015869140625,166.20863342285156,169.6249237060547,172.80276489257812,176.28082275390625,180.68087768554688,191.02532958984375,346.35699462890625,220.66614,1.0,test_data/Useful/Validation/1.5 inches at 1 ft/20241103_114701_085.jpg,344.0,200.0,26.147648352230345
66,0.0,0.0,0.0,0.0,0.0,0.0,0.0,0.0,0.0,0.0,1.0,1.0,2.0,2.0,3.0,4.0,4.0,5.0,6.0,6.0,7.0,7.0,8.0,8.0,9.0,9.0,10.0,10.0,10.0,11.0,11.0,11.0,12.0,12.0,12.0,12.0,13.0,13.0,13.0,14.0,14.0,14.0,14.0,15.0,15.0,15.0,15.0,16.0,16.0,16.0,16.0,17.0,17.0,17.0,18.0,18.0,18.0,18.419999999999845,19.0,19.0,19.0,20.0,20.0,20.0,20.0,21.0,21.0,21.0,22.0,22.0,22.0,22.0,23.0,23.0,23.0,24.0,24.0,24.0,24.0,25.0,25.0,26.0,26.0,26.0,27.0,27.0,28.0,28.0,29.0,29.0,30.0,30.0,31.0,31.0,32.0,32.0,33.0,35.0,36.0,42.0,0.0,1000.6078431606293,1000.7215686440468,1000.8235294222832,2000.8274509906769,3000.352941185236,3000.5372549295425,3000.635294139385,3000.717647075653,3000.811764717102,3001.0,149.7763656616211,157.5864044189453,162.45664978027344,166.20240783691406,169.5699920654297,172.81568908691406,176.2709197998047,180.69829101562502,190.98472595214844,346.35174560546875,220.53842,1.0,test_data/Useful/Validation/1.5 inches at 1 ft/20241103_114701_086.jpg,362.0,208.0,32.739378121550516
67,0.0,0.0,0.0,0.0,0.0,0.0,0.0,0.0,0.0,0.0,1.0,1.0,2.0,3.0,3.0,4.0,4.830000000000041,5.0,6.0,6.0,7.0,7.0,8.0,8.0,9.0,9.0,10.0,10.0,10.0,10.699999999999932,11.0,11.0,11.0,12.0,12.0,12.0,12.0,13.0,13.0,13.0,13.0,14.0,14.0,14.0,14.0,15.0,15.0,15.0,16.0,16.0,16.0,16.0,17.0,17.0,17.0,18.0,18.0,18.0,19.0,19.0,19.0,19.0,20.0,20.0,20.0,21.0,21.0,21.0,21.0,22.0,22.0,22.0,23.0,23.0,23.0,24.0,24.0,24.0,24.0,25.0,25.0,26.0,26.0,26.0,27.0,27.0,27.0,28.0,28.0,29.0,29.0,30.0,30.0,31.0,32.0,32.0,34.0,34.0,36.0,43.0,0.0,1000.6078431606293,1000.7215686440468,1000.8196078538895,2000.8235294222832,3000.3490196168423,3000.533333361149,3000.6313725709915,3000.717647075653,3000.811764717102,3001.0,149.85070037841797,157.55787353515626,162.32701416015624,166.14681701660157,169.53340911865234,172.78839111328125,176.23029327392578,180.66817626953124,191.03262329101565,346.3453674316406,220.63138,1.0,test_data/Useful/Validation/1.5 inches at 1 ft/20241103_114701_087.jpg,358.0,216.0,25.836763977599738
68,0.0,0.0,0.0,0.0,0.0,0.0,0.0,0.0,0.0,0.0,1.0,1.0,2.0,2.0,3.0,4.0,4.0,5.0,5.0,6.0,6.0,7.0,7.0,8.0,8.0,9.0,9.0,10.0,10.0,10.0,11.0,11.0,11.0,12.0,12.0,12.0,13.0,13.0,13.0,13.0,14.0,14.0,14.0,15.0,15.0,15.0,15.0,16.0,16.0,16.0,16.0,17.0,17.0,17.0,18.0,18.0,18.0,18.0,19.0,19.0,19.0,19.0,19.0,20.0,20.0,20.0,21.0,21.0,21.0,22.0,22.0,22.0,23.0,23.0,23.0,23.0,24.0,24.0,24.0,25.0,25.0,26.0,26.0,26.0,27.0,27.0,27.0,28.0,28.0,29.0,29.0,30.0,30.0,31.0,31.049999999999727,32.0,33.0,34.0,36.0,42.0,0.0,1000.6078431606293,1000.7215686440468,1000.8196078538895,2000.8235294222832,3000.3450980484486,3000.529411792755,3000.6313725709915,3000.717647075653,3000.811764717102,3001.0,149.9171142578125,157.5659942626953,162.47500610351562,166.3079833984375,169.60433959960938,172.847900390625,176.3188018798828,180.72576904296875,190.97201538085938,346.3438415527344,220.28596,1.0,test_data/Useful/Validation/1.5 inches at 1 ft/20241103_114701_088.jpg,323.0,190.0,30.090083290386858
69,0.0,0.0,0.0,0.0,0.0,0.0,0.0,0.0,0.0,0.0,0.0,1.0,1.0,2.0,2.0,3.0,3.0,4.0,5.0,6.0,6.0,7.0,7.0,8.0,8.0,9.0,9.0,10.0,10.0,10.0,11.0,11.0,11.0,12.0,12.0,12.0,12.0,13.0,13.0,13.0,14.0,14.0,14.0,14.0,15.0,15.0,15.0,15.0,16.0,16.0,16.0,16.0,17.0,17.0,17.0,17.0,18.0,18.0,18.0,19.0,19.0,19.0,19.0,20.0,20.0,20.0,21.0,21.0,21.0,22.0,22.0,22.0,22.0,23.0,23.0,23.0,23.0,24.0,24.0,24.0,25.0,25.0,25.0,26.0,26.0,27.0,27.0,27.0,28.0,28.0,29.0,29.0,30.0,31.0,31.0,32.0,33.0,34.0,36.0,43.0,0.0,1000.6078431606293,1000.7215686440468,1000.8156862854958,2000.7960784435272,3000.341176480055,3000.529411792755,3000.6313725709915,3000.7137255072594,3000.811764717102,3001.0,150.03653717041016,157.48604431152344,162.42027282714844,166.27479553222656,169.6058349609375,172.8144989013672,176.2474365234375,180.69964599609375,190.96238708496094,346.34747314453125,220.57448,1.0,test_data/Useful/Validation/1.5 inches at 1 ft/20241103_114701_089.jpg,358.0,212.0,28.649976714565362
70,0.0,0.0,0.0,0.0,0.0,0.0,0.0,0.0,0.0,1.0,1.0,2.0,3.0,3.0,4.0,5.0,5.0,6.0,6.0,7.0,8.0,8.0,9.0,9.0,9.0,10.0,10.0,10.0,11.0,11.0,11.0,12.0,12.0,12.0,12.0,13.0,13.0,13.0,14.0,14.0,14.0,14.0,15.0,15.0,15.0,16.0,16.0,16.0,16.0,17.0,17.0,17.0,18.0,18.0,18.0,18.0,19.0,19.0,19.0,20.0,20.0,20.0,20.0,21.0,21.0,21.0,22.0,22.0,22.0,23.0,23.0,23.0,24.0,24.0,24.0,25.0,25.0,25.0,26.0,26.0,26.0,27.0,27.0,27.0,28.0,28.0,29.0,29.0,29.0,30.0,30.0,31.0,31.0,32.0,32.0,33.0,34.0,35.0,37.0,44.0,0.0,1000.6235294342041,1000.7372549176216,1000.8470588326454,2000.784313738346,3000.309803932905,3000.5254902243614,3000.6313725709915,3000.7137255072594,3000.811764717102,3001.0,150.52095642089844,158.21548461914062,163.1372833251953,166.93904724121094,170.25662994384766,173.4882049560547,176.88725738525392,181.30030822753906,191.24264526367188,346.3969421386719,220.69238,1.0,test_data/Useful/Validation/1.5 inches at 1 ft/20241103_114925_004.jpg,329.0,191.0,30.616899406307198
71,0.0,0.0,0.0,0.0,0.0,0.0,0.0,0.0,0.0,0.0,1.0,1.0,2.0,3.0,3.0,4.0,5.0,5.0,6.0,6.0,7.0,7.0,8.0,9.0,9.0,10.0,10.0,10.0,10.0,11.0,11.0,11.0,12.0,12.0,12.0,13.0,13.0,13.0,14.0,14.0,14.0,15.0,15.0,15.0,16.0,16.0,16.0,17.0,17.0,17.0,17.0,18.0,18.0,18.0,19.0,19.0,19.0,20.0,20.0,20.0,21.0,21.0,21.0,21.0,22.0,22.0,22.0,22.0,23.0,23.0,23.0,24.0,24.0,24.0,24.0,25.0,25.0,25.0,26.0,26.0,26.0,27.0,27.0,27.0,28.0,28.0,28.0,29.0,29.0,29.0,30.0,30.0,31.0,31.059999999999945,32.0,33.0,34.0,35.0,37.0,43.0,0.0,1000.6235294342041,1000.7372549176216,1000.8470588326454,2000.784313738346,3000.309803932905,3000.5254902243614,3000.6313725709915,3000.7137255072594,3000.811764717102,3001.0,150.59750366210938,158.24630737304688,163.14138793945312,166.9088897705078,170.24520874023438,173.47373962402344,176.9090576171875,181.20455932617188,191.18878173828125,346.3946533203125,220.47784,1.0,test_data/Useful/Validation/1.5 inches at 1 ft/20241103_114925_005.jpg,315.0,191.0,28.619921462798185
72,0.0,0.0,0.0,0.0,0.0,0.0,0.0,0.0,0.0,0.0,1.0,2.0,2.0,3.0,3.0,4.0,4.830000000000041,5.0,6.0,6.800000000000011,7.0,8.0,8.0,9.0,9.0,10.0,10.0,10.0,11.0,11.0,11.0,12.0,12.0,12.0,13.0,13.0,13.0,13.620000000000005,14.0,14.0,14.0,15.0,15.0,15.0,15.0,16.0,16.0,16.0,17.0,17.0,17.0,17.0,18.0,18.0,18.0,19.0,19.0,19.0,19.0,20.0,20.0,20.0,21.0,21.0,21.0,21.340000000000146,22.0,22.0,22.0,23.0,23.0,23.0,24.0,24.0,24.0,24.0,25.0,25.0,25.0,26.0,26.0,26.0,27.0,27.0,27.0,28.0,28.0,29.0,29.0,30.0,30.0,30.079999999999927,31.0,31.0,32.0,33.0,34.0,35.0,37.0,41.0,0.0,1000.6235294342041,1000.7372549176216,1000.8470588326454,2000.7921568751335,3000.3176470696926,3000.5254902243614,3000.6313725709915,3000.7137255072594,3000.811764717102,3001.0,150.40896606445312,158.019384765625,162.93374633789062,166.71881103515625,170.13247680664062,173.36419677734375,176.77005004882812,181.20103454589844,191.21441650390625,346.3868408203125,220.62915,1.0,test_data/Useful/Validation/1.5 inches at 1 ft/20241103_114925_006.jpg,336.0,189.0,29.479761026296977
73,0.0,0.0,0.0,0.0,0.0,0.0,0.0,0.0,0.0,1.0,2.0,2.0,3.0,3.0,4.0,5.0,5.0,6.0,6.0,7.0,8.0,8.0,9.0,9.0,10.0,10.0,11.0,11.0,11.0,11.0,12.0,12.0,12.0,13.0,13.0,13.0,14.0,14.0,14.0,15.0,15.0,15.0,15.0,16.0,16.0,16.0,17.0,17.0,17.0,18.0,18.0,18.0,18.0,19.0,19.0,19.0,19.0,20.0,20.0,20.0,20.0,21.0,21.0,21.0,22.0,22.0,22.0,23.0,23.0,23.0,23.0,24.0,24.0,24.0,24.0,25.0,25.0,25.0,26.0,26.0,26.0,27.0,27.0,27.0,28.0,28.0,28.0,29.0,29.0,30.0,30.0,31.0,31.0,32.0,32.0,33.0,34.0,35.0,37.0,42.0,0.0,1000.6274510025978,1000.7411764860153,1000.8470588326454,2000.800000011921,3000.3215686380863,3000.529411792755,3000.6313725709915,3000.7137255072594,3000.811764717102,3001.0,150.33551330566405,157.98516845703125,162.8413513183594,166.6865447998047,170.06805419921875,173.28091430664062,176.76576232910156,181.1708526611328,191.06695556640625,346.3909606933594,220.2244,1.0,test_data/Useful/Validation/1.5 inches at 1 ft/20241103_114925_007.jpg,321.0,199.0,29.35003546686484
74,0.0,0.0,0.0,0.0,0.0,0.0,0.0,0.0,0.0,1.0,2.0,2.0,3.0,4.0,4.0,5.0,6.0,6.0,7.0,8.0,8.0,9.0,9.0,10.0,10.0,10.0,11.0,11.0,11.0,12.0,12.0,12.0,12.0,13.0,13.0,13.0,14.0,14.0,14.0,14.0,15.0,15.0,15.0,16.0,16.0,16.0,17.0,17.0,17.0,17.0,18.0,18.0,18.0,19.0,19.0,19.0,19.0,20.0,20.0,20.0,20.0,21.0,21.0,21.360000000000127,22.0,22.0,22.0,23.0,23.0,23.0,23.0,24.0,24.0,24.0,24.0,25.0,25.0,25.0,26.0,26.0,26.0,27.0,27.0,27.0,28.0,28.0,28.0,29.0,29.0,30.0,30.0,30.0,31.0,32.0,32.0,33.0,33.0,34.0,36.0,46.0,0.0,1000.6235294342041,1000.7411764860153,1000.8509804010391,2000.8078431487083,3000.3215686380863,3000.529411792755,3000.6313725709915,3000.7137255072594,3000.811764717102,3001.0,150.57679901123046,158.3849822998047,163.20218048095703,166.93528747558594,170.2746353149414,173.47494506835938,176.9399871826172,181.29391479492188,191.05223083496094,346.3962097167969,220.46194,1.0,test_data/Useful/Validation/1.5 inches at 1 ft/20241103_114925_008.jpg,346.0,209.0,29.220195494379333
75,0.0,0.0,0.0,0.0,0.0,0.0,0.0,0.0,0.0,1.0,1.0,2.0,2.0,3.0,4.0,4.0,5.0,6.0,6.0,7.0,7.0,8.0,8.0,9.0,9.0,10.0,10.0,10.0,11.0,11.0,11.0,12.0,12.0,12.0,13.0,13.0,13.0,13.620000000000005,14.0,14.0,14.0,15.0,15.0,15.0,16.0,16.0,16.0,16.0,17.0,17.0,17.0,18.0,18.0,18.0,18.0,19.0,19.0,19.0,20.0,20.0,20.0,20.0,21.0,21.0,21.0,22.0,22.0,22.0,22.0,23.0,23.0,23.0,24.0,24.0,24.0,25.0,25.0,25.0,26.0,26.0,26.0,27.0,27.0,27.0,28.0,28.0,28.0,29.0,29.0,30.0,30.0,31.0,31.0,32.0,32.0,33.0,34.0,35.0,37.0,41.0,0.0,1000.6274510025978,1000.7411764860153,1000.8509804010391,2000.811764717102,3000.32549020648,3000.529411792755,3000.6313725709915,3000.7137255072594,3000.811764717102,3001.0,150.5639892578125,158.2187469482422,163.03392028808594,166.9101104736328,170.2550048828125,173.44225158691407,176.8401138305664,181.19112548828127,190.99237060546875,346.39337158203125,220.68306,1.0,test_data/Useful/Validation/1.5 inches at 1 ft/20241103_114925_009.jpg,369.0,229.0,31.69888029290217
76,0.0,0.0,0.0,0.0,0.0,0.0,0.0,0.0,0.0,1.0,1.0,2.0,2.8700000000000045,3.0,3.849999999999966,4.0,5.0,5.0,6.0,6.0,7.0,8.0,8.0,9.0,9.0,10.0,10.0,10.0,11.0,11.0,11.0,12.0,12.0,12.0,13.0,13.0,13.0,13.0,14.0,14.0,14.0,15.0,15.0,15.0,16.0,16.0,16.0,16.0,17.0,17.0,17.0,17.480000000000018,18.0,18.0,18.0,19.0,19.0,19.0,20.0,20.0,20.0,20.0,21.0,21.0,21.0,22.0,22.0,22.0,22.0,23.0,23.0,23.0,23.0,24.0,24.0,24.0,25.0,25.0,25.0,26.0,26.0,26.0,27.0,27.0,27.0,28.0,28.0,28.0,29.0,29.0,30.0,30.0,31.0,31.0,32.0,33.0,34.0,35.0,37.0,41.0,0.0,1000.6274510025978,1000.7411764860153,1000.8509804010391,2000.8156862854958,3000.3294117748737,3000.529411792755,3000.6313725709915,3000.7137255072594,3000.811764717102,3001.0,150.5858169555664,158.28170166015624,163.15418243408203,166.91888427734375,170.22935485839844,173.44874572753906,176.88575744628906,181.2438201904297,191.0777130126953,346.387451171875,220.80519,1.0,test_data/Useful/Validation/1.5 inches at 1 ft/20241103_114925_010.jpg,352.0,220.0,32.97156741386955
77,0.0,0.0,0.0,0.0,0.0,0.0,0.0,0.0,0.0,0.0,1.0,2.0,2.0,3.0,4.0,4.0,5.0,6.0,6.0,7.0,7.0,8.0,8.0,9.0,9.0,10.0,10.0,10.0,11.0,11.0,11.0,12.0,12.0,12.0,13.0,13.0,13.0,14.0,14.0,14.0,14.0,15.0,15.0,15.0,15.0,16.0,16.0,16.0,16.0,17.0,17.0,17.0,17.0,18.0,18.0,18.0,19.0,19.0,19.0,20.0,20.0,20.0,21.0,21.0,21.0,22.0,22.0,22.0,22.0,23.0,23.0,23.0,24.0,24.0,24.0,25.0,25.0,25.0,26.0,26.0,26.0,27.0,27.0,27.0,28.0,28.0,28.0,29.0,29.0,30.0,30.0,30.0,31.0,31.0,32.0,33.0,34.0,35.0,36.0,43.0,0.0,1000.6274510025978,1000.745098054409,1000.8588235378265,2000.8549019694328,3000.352941185236,3000.5411764979362,3000.635294139385,3000.717647075653,3000.811764717102,3001.0,150.43179321289062,158.09629821777344,162.97744750976562,166.85386657714844,170.19088745117188,173.44302368164062,176.8734130859375,181.18629455566406,191.09490966796875,346.3901062011719,220.61816,1.0,test_data/Useful/Validation/1.5 inches at 1 ft/20241103_114925_011.jpg,337.0,205.0,28.21571009439839
78,0.0,0.0,0.0,0.0,0.0,0.0,0.0,0.0,0.0,0.0,1.0,1.0,2.0,3.0,3.0,4.0,4.0,5.0,6.0,6.0,7.0,7.0,8.0,9.0,9.0,9.0,10.0,10.0,11.0,11.0,11.0,12.0,12.0,12.0,13.0,13.0,13.0,14.0,14.0,14.0,14.0,15.0,15.0,15.0,15.0,16.0,16.0,16.0,16.0,17.0,17.0,17.0,18.0,18.0,19.0,19.0,19.0,19.0,20.0,20.0,20.0,20.0,21.0,21.0,21.0,22.0,22.0,22.0,23.0,23.0,23.0,23.0,24.0,24.0,24.0,25.0,25.0,25.0,26.0,26.0,26.0,27.0,27.0,27.0,28.0,28.0,28.0,29.0,29.0,30.0,30.0,30.0,31.0,31.0,32.0,33.0,34.0,35.0,36.0,42.0,0.0,1000.6274510025978,1000.745098054409,1000.8588235378265,2000.8627451062202,3000.3568627536297,3000.5411764979362,3000.635294139385,3000.717647075653,3000.811764717102,3001.0,150.21603088378907,157.93918151855468,162.7863784790039,166.56234741210938,169.98690795898438,173.217041015625,176.6397506713867,181.02259521484376,191.11366271972656,346.39501953125,220.7737,1.0,test_data/Useful/Validation/1.5 inches at 1 ft/20241103_114925_012.jpg,341.0,202.0,31.030388935231915
79,0.0,0.0,0.0,0.0,0.0,0.0,0.0,0.0,0.0,1.0,1.0,2.0,3.0,3.0,4.0,4.0,5.0,5.0,6.0,6.0,7.0,8.0,8.0,9.0,9.0,10.0,10.0,10.0,10.709999999999923,11.0,11.0,11.0,12.0,12.0,12.0,13.0,13.0,13.0,14.0,14.0,14.0,15.0,15.0,15.0,15.0,16.0,16.0,16.0,17.0,17.0,17.0,17.0,18.0,18.0,18.0,19.0,19.0,19.0,20.0,20.0,20.0,20.0,21.0,21.0,21.0,21.0,22.0,22.0,22.0,23.0,23.0,23.0,23.0,24.0,24.0,24.0,25.0,25.0,25.0,25.0,26.0,26.0,26.0,27.0,27.0,28.0,28.0,28.0,29.0,29.0,30.0,30.0,31.0,31.0,32.0,33.0,34.0,35.0,36.0,42.0,0.0,1000.6274510025978,1000.745098054409,1000.8549019694328,2000.8274509906769,3000.337254911661,3000.529411792755,3000.6313725709915,3000.7137255072594,3000.811764717102,3001.0,150.53811645507812,158.1009552001953,163.0084030151367,166.82333374023438,170.13805389404297,173.38333435058593,176.8192901611328,181.16918029785157,191.04539031982424,346.3857727050781,220.57167,1.0,test_data/Useful/Validation/1.5 inches at 1 ft/20241103_114925_014.jpg,357.0,208.0,22.232032408300256
80,0.0,0.0,0.0,0.0,0.0,0.0,0.0,0.0,0.0,1.0,2.0,2.0,3.0,4.0,4.0,5.0,5.0,6.0,7.0,7.0,8.0,8.0,9.0,9.0,10.0,10.0,10.0,11.0,11.0,11.0,12.0,12.0,12.0,13.0,13.0,13.0,13.0,14.0,14.0,14.0,15.0,15.0,15.0,16.0,16.0,16.0,17.0,17.0,17.0,17.0,18.0,18.0,18.0,18.460000000000036,19.0,19.0,19.0,19.0,20.0,20.0,20.0,21.0,21.0,21.0,21.350000000000136,22.0,22.0,22.0,22.309999999999945,23.0,23.0,24.0,24.0,24.0,24.0,25.0,25.0,25.0,25.210000000000036,26.0,26.0,26.0,27.0,27.0,27.0,28.0,28.0,29.0,29.0,29.0,30.0,30.0,31.0,31.0,32.0,33.0,33.0,35.0,36.0,42.0,0.0,1000.6313725709915,1000.7411764860153,1000.8509804010391,2000.8313725590706,3000.341176480055,3000.5372549295425,3000.635294139385,3000.7137255072594,3000.8078431487083,3001.0,150.20648040771485,157.79534606933595,162.72729034423827,166.51760864257812,169.84515380859375,173.0827178955078,176.50930786132812,180.83853149414062,190.99838256835938,346.38720703125,220.72122,1.0,test_data/Useful/Validation/1.5 inches at 1 ft/20241103_114925_015.jpg,317.0,198.0,29.95049304375475
81,0.0,0.0,0.0,0.0,0.0,0.0,0.0,0.0,0.0,0.0,1.0,1.8799999999999955,2.0,3.0,4.0,4.840000000000032,5.0,6.0,6.0,7.0,8.0,8.0,9.0,9.0,10.0,10.0,10.0,11.0,11.0,11.0,12.0,12.0,12.0,12.660000000000082,13.0,13.0,13.0,14.0,14.0,14.0,15.0,15.0,15.0,15.0,16.0,16.0,16.0,17.0,17.0,17.0,17.0,17.0,18.0,18.0,18.0,18.0,19.0,19.0,19.0,20.0,20.0,20.0,20.0,21.0,21.0,21.0,22.0,22.0,22.0,22.0,23.0,23.0,23.0,23.0,24.0,24.0,24.0,25.0,25.0,25.0,26.0,26.0,27.0,27.0,27.0,28.0,28.0,29.0,29.0,29.09999999999991,30.0,30.0,31.0,31.0,32.0,33.0,34.0,35.0,36.0,43.0,0.0,1000.6313725709915,1000.7411764860153,1000.8470588326454,2000.8313725590706,3000.3490196168423,3000.5372549295425,3000.635294139385,3000.7137255072594,3000.8078431487083,3001.0,150.07455444335938,157.6084442138672,162.45948791503906,166.2664794921875,169.6084442138672,172.85164794921874,176.3723159790039,180.7236328125,190.86500549316406,346.3925476074219,220.55435,1.0,test_data/Useful/Validation/1.5 inches at 1 ft/20241103_114925_016.jpg,350.0,211.0,29.801727921498028
82,0.0,0.0,0.0,0.0,0.0,0.0,0.0,0.0,0.0,0.0,1.0,1.0,2.0,3.0,3.0,4.0,5.0,5.0,6.0,6.0,7.0,8.0,8.0,9.0,9.0,10.0,10.0,10.0,11.0,11.0,11.0,11.0,12.0,12.0,12.0,13.0,13.0,13.0,14.0,14.0,14.0,14.0,15.0,15.0,15.0,15.0,16.0,16.0,16.0,17.0,17.0,17.0,18.0,18.0,18.0,18.0,19.0,19.0,19.0,20.0,20.0,20.0,21.0,21.0,21.0,21.0,22.0,22.0,22.0,22.0,23.0,23.0,23.0,23.0,24.0,24.0,24.0,24.0,25.0,25.0,25.0,26.0,26.0,27.0,27.0,27.0,28.0,28.0,28.0,29.0,29.0,30.0,30.0,31.0,31.0,32.0,33.0,34.0,37.0,41.0,0.0,1000.6313725709915,1000.7411764860153,1000.8470588326454,2000.839215695858,3000.3490196168423,3000.5372549295425,3000.635294139385,3000.7137255072594,3000.8078431487083,3001.0,149.90097351074218,157.5839874267578,162.4607696533203,166.30751342773436,169.6833724975586,172.9232604980469,176.37587890625,180.82736206054688,190.90085754394536,346.3879699707031,220.6886,1.0,test_data/Useful/Validation/1.5 inches at 1 ft/20241103_114925_017.jpg,339.0,200.0,29.614902887430883
83,0.0,0.0,0.0,0.0,0.0,0.0,0.0,0.0,0.0,1.0,1.0,1.8799999999999955,2.0,3.0,4.0,4.0,4.0,5.0,6.0,6.0,6.0,7.0,8.0,8.0,9.0,9.0,10.0,10.0,10.0,11.0,11.0,11.0,11.0,12.0,12.0,12.0,13.0,13.0,13.0,13.0,14.0,14.0,14.0,14.0,15.0,15.0,15.0,16.0,16.0,16.0,16.0,17.0,17.0,17.0,18.0,18.0,18.0,18.419999999999845,19.0,19.0,19.0,20.0,20.0,20.0,20.0,21.0,21.0,21.0,22.0,22.0,22.0,23.0,23.0,23.0,23.0,24.0,24.0,24.0,25.0,25.0,25.0,26.0,26.0,26.0,26.0,27.0,27.0,28.0,28.0,29.0,29.0,30.0,30.0,31.0,31.0,32.0,33.0,34.0,36.0,42.0,0.0,1000.6313725709915,1000.7411764860153,1000.8431372642517,2000.839215695858,3000.3568627536297,3000.54509806633,3000.635294139385,3000.7137255072594,3000.8039215803146,3001.0,149.62088317871093,157.19525756835938,162.01932830810546,165.8068603515625,169.16526794433594,172.40670776367188,175.86261596679688,180.34972229003907,190.82125854492188,346.3925476074219,220.94556,1.0,test_data/Useful/Validation/1.5 inches at 1 ft/20241103_114925_018.jpg,329.0,207.0,27.31326813807152
84,0.0,0.0,0.0,0.0,0.0,0.0,0.0,0.0,0.0,0.0,1.0,2.0,2.0,3.0,3.0,4.0,4.0,5.0,6.0,6.0,7.0,7.0,8.0,8.0,9.0,9.0,10.0,10.0,10.0,10.699999999999932,11.0,11.0,11.0,12.0,12.0,12.0,12.0,13.0,13.0,13.0,14.0,14.0,14.0,15.0,15.0,15.0,15.0,16.0,16.0,16.0,16.49000000000001,17.0,17.0,17.0,18.0,18.0,18.0,19.0,19.0,19.0,19.389999999999873,20.0,20.0,20.0,21.0,21.0,21.0,22.0,22.0,22.0,22.0,23.0,23.0,23.0,23.0,23.0,24.0,24.0,24.0,25.0,25.0,25.0,26.0,26.0,27.0,27.0,27.0,28.0,28.0,29.0,29.0,30.0,30.0,31.0,31.0,32.0,33.0,34.0,36.0,39.0,0.0,1000.6313725709915,1000.7411764860153,1000.8431372642517,2000.8431372642517,3000.3607843220234,3000.54509806633,3000.635294139385,3000.7137255072594,3000.8039215803146,3001.0,149.17189025878906,156.89739990234375,161.7601776123047,165.57431030273438,168.9510040283203,172.19454956054688,175.73336486816407,180.20359497070314,190.6642547607422,346.38848876953125,220.69861,1.0,test_data/Useful/Validation/1.5 inches at 1 ft/20241103_114925_019.jpg,351.0,216.0,31.725293138534973
85,0.0,0.0,0.0,0.0,0.0,0.0,0.0,0.0,0.0,0.0,0.0,1.0,2.0,3.0,3.0,4.0,4.0,5.0,5.0,6.0,7.0,7.0,8.0,8.0,9.0,9.0,10.0,10.0,10.0,11.0,11.0,11.0,11.0,12.0,12.0,12.0,12.0,13.0,13.0,13.0,14.0,14.0,14.0,15.0,15.0,15.0,15.0,16.0,16.0,16.0,16.0,17.0,17.0,17.0,17.0,18.0,18.0,18.0,19.0,19.0,19.0,19.0,20.0,20.0,20.0,21.0,21.0,21.0,22.0,22.0,22.0,22.0,23.0,23.0,23.0,24.0,24.0,24.0,25.0,25.0,25.0,25.0,26.0,26.0,26.0,27.0,27.0,28.0,28.0,28.0,29.0,29.0,30.0,31.0,31.0,32.0,33.0,34.0,36.0,40.0,0.0,1000.6352941393852,1000.745098054409,1000.8470588326454,2000.8509804010391,3000.3568627536297,3000.5411764979362,3000.635294139385,3000.7098039388657,3000.8039215803146,3001.0,149.07070922851562,156.66905212402344,161.4638671875,165.2890655517578,168.66268920898438,171.91531372070312,175.3572235107422,179.84963989257812,190.49864196777344,346.3828125,220.70059,1.0,test_data/Useful/Validation/1.5 inches at 1 ft/20241103_114925_020.jpg,354.0,227.0,28.50465988436114
86,0.0,0.0,0.0,0.0,0.0,0.0,0.0,0.0,0.0,0.0,1.0,1.0,2.0,3.0,3.0,4.0,4.0,5.0,6.0,6.0,7.0,7.0,8.0,8.0,9.0,9.0,10.0,10.0,10.0,10.0,11.0,11.0,11.0,12.0,12.0,12.0,13.0,13.0,13.0,14.0,14.0,14.0,14.0,15.0,15.0,15.0,15.0,16.0,16.0,16.0,17.0,17.0,17.0,18.0,18.0,18.0,18.0,19.0,19.0,19.0,19.0,20.0,20.0,20.0,20.0,21.0,21.0,21.0,22.0,22.0,22.0,23.0,23.0,23.0,23.0,24.0,24.0,24.0,25.0,25.0,25.0,26.0,26.0,26.0,27.0,27.0,28.0,28.0,28.0,29.0,29.0,30.0,30.0,31.0,32.0,32.0,33.0,34.0,36.0,41.0,0.0,1000.6392157077789,1000.745098054409,1000.8509804010391,2000.8627451062202,3000.3607843220234,3000.5411764979362,3000.635294139385,3000.7098039388657,3000.8039215803146,3001.0,148.81675872802734,156.41485595703125,161.3112030029297,165.12826538085938,168.50140380859375,171.7169189453125,175.23109436035156,179.76376342773438,190.6752883911133,346.3786315917969,220.90364,1.0,test_data/Useful/Validation/1.5 inches at 1 ft/20241103_114925_021.jpg,329.0,199.0,26.534099723186916
87,0.0,0.0,0.0,0.0,0.0,0.0,0.0,0.0,0.0,0.0,1.0,1.0,2.0,2.0,3.0,3.0,4.0,4.819999999999993,5.0,6.0,6.0,7.0,7.0,8.0,9.0,9.0,9.0,10.0,10.0,10.0,11.0,11.0,11.0,12.0,12.0,12.0,12.0,13.0,13.0,13.0,13.0,14.0,14.0,14.0,15.0,15.0,15.0,15.0,15.0,16.0,16.0,16.0,17.0,17.0,17.0,18.0,18.0,18.0,18.0,19.0,19.0,19.0,19.0,20.0,20.0,20.0,21.0,21.0,21.0,21.299999999999955,22.0,22.0,22.0,23.0,23.0,23.0,24.0,24.0,24.0,25.0,25.0,25.0,26.0,26.0,27.0,27.0,27.0,28.0,28.0,28.0,29.0,29.0,30.0,30.0,31.0,32.0,33.0,34.0,35.0,43.0,0.0,1000.6431372761726,1000.7529411911964,1000.866666674614,2001.0,3000.3843137323856,3000.5490196347237,3000.635294139385,3000.7137255072594,3000.8039215803146,3001.0,148.9526565551758,156.64441833496093,161.41918029785157,165.24610900878906,168.63571166992188,171.96524047851562,175.4088134765625,179.85879516601562,190.74105834960938,346.3622741699219,220.63707,1.0,test_data/Useful/Validation/1.5 inches at 1 ft/20241103_114925_022.jpg,350.0,212.0,32.70251606398516
88,0.0,0.0,0.0,0.0,0.0,0.0,0.0,0.0,0.0,0.0,0.0,1.0,1.0,2.0,2.0,3.0,4.0,4.0,5.0,5.0,6.0,6.0,7.0,7.0,8.0,8.0,9.0,9.0,10.0,10.0,10.0,11.0,11.0,11.0,11.0,12.0,12.0,12.0,12.0,13.0,13.0,13.0,14.0,14.0,14.0,14.0,15.0,15.0,15.0,15.0,16.0,16.0,16.0,16.460000000000036,17.0,17.0,17.0,18.0,18.0,18.0,19.0,19.0,19.0,19.0,20.0,20.0,20.0,21.0,21.0,21.0,22.0,22.0,22.0,22.0,23.0,23.0,23.0,24.0,24.0,24.0,25.0,25.0,25.0,25.0,26.0,26.0,27.0,27.0,28.0,28.0,28.0,29.0,29.0,30.0,31.0,32.0,33.0,34.0,36.0,40.0,0.0,1000.6470588445663,1000.7607843279839,1000.905882358551,3000.0941176488996,3000.3960784375668,3000.54509806633,3000.635294139385,3000.7098039388657,3000.8039215803146,3001.0,148.88679962158204,156.56965026855468,161.3906021118164,165.14647216796874,168.53247833251953,171.8242645263672,175.30974578857422,179.77978515625,190.48231506347656,346.33685302734375,220.45418,1.0,test_data/Useful/Validation/1.5 inches at 1 ft/20241103_114925_029.jpg,294.0,184.0,32.636883919796176
89,0.0,0.0,0.0,0.0,0.0,0.0,0.0,0.0,0.0,0.0,1.0,1.0,1.0,2.0,3.0,3.0,4.0,4.0,5.0,6.0,6.0,7.0,7.0,7.0,8.0,8.0,9.0,9.0,10.0,10.0,10.0,10.0,11.0,11.0,11.0,12.0,12.0,12.0,13.0,13.0,13.0,14.0,14.0,14.0,14.0,15.0,15.0,15.0,16.0,16.0,16.0,16.0,17.0,17.0,17.0,18.0,18.0,18.0,18.0,19.0,19.0,19.0,19.0,20.0,20.0,20.0,21.0,21.0,21.0,22.0,22.0,22.0,22.0,23.0,23.0,23.0,24.0,24.0,24.0,25.0,25.0,25.0,25.0,26.0,26.0,27.0,27.0,28.0,28.0,29.0,29.0,30.0,30.0,31.0,32.0,32.0,33.0,34.0,35.00999999999976,40.0,0.0,1000.6431372761726,1000.7607843279839,1000.9098039269447,3000.074509806931,3000.3882353007793,3000.54509806633,3000.635294139385,3000.7098039388657,3000.800000011921,3001.0,148.50634765625,156.22076416015625,161.13241577148438,164.982470703125,168.40142059326172,171.6475036621094,175.12840270996094,179.510009765625,190.1173095703125,346.3399658203125,220.69327,1.0,test_data/Useful/Validation/1.5 inches at 1 ft/20241103_114925_030.jpg,315.0,207.0,25.51519196222594
90,0.0,0.0,0.0,0.0,0.0,0.0,0.0,0.0,0.0,0.0,0.0,0.0,1.0,1.0,2.0,3.0,3.0,4.0,4.0,5.0,5.0,6.0,6.0,7.0,7.0,8.0,9.0,9.0,10.0,10.0,10.0,10.0,11.0,11.0,11.0,12.0,12.0,12.0,12.0,13.0,13.0,13.0,14.0,14.0,14.0,15.0,15.0,15.0,15.0,16.0,16.0,16.0,16.0,17.0,17.0,17.0,18.0,18.0,18.0,18.0,18.0,19.0,19.0,19.0,20.0,20.0,20.0,20.0,21.0,21.0,21.0,21.0,22.0,22.0,22.0,23.0,23.0,23.0,23.0,24.0,24.0,24.0,25.0,25.0,25.0,26.0,26.0,26.0,27.0,27.0,28.0,28.0,29.0,29.0,30.0,31.0,32.0,33.0,35.0,40.0,0.0,1000.6431372761726,1000.7607843279839,1000.9137254953384,3000.090196080506,3000.392156869173,3000.54509806633,3000.635294139385,3000.7098039388657,3000.8039215803146,3001.0,148.82736206054688,156.47396850585938,161.32999725341796,165.1510223388672,168.5079574584961,171.7569793701172,175.21387329101563,179.6092529296875,190.2816162109375,346.33624267578125,220.63998,1.0,test_data/Useful/Validation/1.5 inches at 1 ft/20241103_114925_031.jpg,347.0,228.0,29.092518876958568
91,0.0,0.0,0.0,0.0,0.0,0.0,0.0,0.0,0.0,0.0,0.0,1.0,1.0,2.0,3.0,3.0,4.0,4.0,5.0,5.0,6.0,6.0,7.0,7.0,8.0,8.0,9.0,9.0,10.0,10.0,10.0,10.0,11.0,11.0,11.0,12.0,12.0,12.0,12.0,13.0,13.0,13.0,14.0,14.0,14.0,14.0,15.0,15.0,15.0,15.0,16.0,16.0,16.0,16.0,17.0,17.0,17.0,17.0,18.0,18.0,18.0,19.0,19.0,19.0,19.0,20.0,20.0,20.0,21.0,21.0,21.0,22.0,22.0,22.0,23.0,23.0,23.0,24.0,24.0,24.0,24.190000000000055,25.0,25.0,26.0,26.0,27.0,27.0,27.0,28.0,28.0,29.0,29.0,30.0,30.0,31.0,31.0,32.0,34.0,35.0,43.0,0.0,1000.6392157077789,1000.7607843279839,1000.9176470637321,3000.0823529437184,3000.380392163992,3000.5411764979362,3000.6313725709915,3000.7098039388657,3000.8039215803146,3001.0,148.89337615966798,156.56546020507812,161.41050720214844,165.20713806152344,168.56301879882812,171.8511962890625,175.3572799682617,179.80746459960938,190.1868438720703,346.3318176269531,220.54459,1.0,test_data/Useful/Validation/1.5 inches at 1 ft/20241103_114925_032.jpg,318.0,197.0,26.808606813928133
92,0.0,0.0,0.0,0.0,0.0,0.0,0.0,0.0,0.0,0.0,0.0,0.0,1.0,1.0,2.0,2.0,3.0,4.0,4.0,5.0,5.0,6.0,6.0,6.0,7.0,7.0,8.0,8.0,9.0,9.0,10.0,10.0,10.0,10.0,11.0,11.0,11.0,11.0,12.0,12.0,12.0,13.0,13.0,13.0,13.0,14.0,14.0,14.0,14.0,15.0,15.0,15.0,15.0,16.0,16.0,16.0,17.0,17.0,17.0,18.0,18.0,18.0,18.0,19.0,19.0,19.0,19.0,20.0,20.0,20.0,21.0,21.0,21.0,22.0,22.0,22.0,23.0,23.0,23.0,24.0,24.0,24.0,25.0,25.0,25.0,26.0,26.0,26.0,27.0,27.0,28.0,28.0,29.0,29.0,30.0,31.0,32.0,33.0,35.0,40.0,0.0,1000.6352941393852,1000.7529411911964,1000.9137254953384,3000.0941176488996,3000.392156869173,3000.54509806633,3000.6313725709915,3000.705882370472,3000.7921568751335,3001.0,147.79659118652344,155.4716033935547,160.3414306640625,164.18724060058594,167.59169006347656,170.86925048828124,174.31937103271486,178.8692138671875,190.0277877807617,346.3192443847656,220.55444,1.0,test_data/Useful/Validation/1.5 inches at 1 ft/20241103_114925_039.jpg,310.0,209.0,35.11417155747242
93,0.0,0.0,0.0,0.0,0.0,0.0,0.0,0.0,0.0,0.0,0.0,0.0,1.0,1.0,2.0,2.0,3.0,3.819999999999993,4.0,5.0,5.0,6.0,6.0,7.0,7.0,8.0,8.0,9.0,9.0,10.0,10.0,10.0,10.0,11.0,11.0,11.0,11.0,12.0,12.0,12.0,12.0,13.0,13.0,13.0,14.0,14.0,14.0,14.0,15.0,15.0,15.0,15.0,16.0,16.0,16.0,17.0,17.0,17.0,17.409999999999854,18.0,18.0,18.0,19.0,19.0,19.0,19.340000000000146,20.0,20.0,20.0,21.0,21.0,21.0,22.0,22.0,22.0,23.0,23.0,23.0,24.0,24.0,24.0,25.0,25.0,25.0,26.0,26.0,26.0,27.0,27.0,28.0,28.0,29.0,29.0,30.0,30.0,31.0,32.0,33.0,35.0,41.0,0.0,1000.6352941393852,1000.7529411911964,1000.9019607901573,3000.054901961237,3000.376470595598,3000.5411764979362,3000.627451002598,3000.7019608020782,3000.7921568751335,3001.0,147.60799407958984,155.33501892089845,160.23857727050782,164.07727661132813,167.4635009765625,170.7117431640625,174.224446105957,178.76433715820312,189.76760864257812,346.3186950683594,220.4393,1.0,test_data/Useful/Validation/1.5 inches at 1 ft/20241103_114925_040.jpg,296.0,196.0,32.63227858510008
94,0.0,0.0,0.0,0.0,0.0,0.0,0.0,0.0,0.0,0.0,0.0,0.0,1.0,1.0,2.0,3.0,3.0,3.0,4.0,4.0,5.0,5.0,6.0,7.0,7.0,8.0,8.0,9.0,9.0,9.0,10.0,10.0,10.0,10.0,11.0,11.0,11.0,12.0,12.0,12.0,12.0,13.0,13.0,13.0,13.0,14.0,14.0,14.0,14.0,15.0,15.0,15.0,16.0,16.0,16.0,16.0,16.0,17.0,17.0,17.0,18.0,18.0,18.0,18.0,19.0,19.0,19.0,19.0,20.0,20.0,20.0,21.0,21.0,21.0,21.25,22.0,22.0,22.0,23.0,23.0,23.0,24.0,24.0,25.0,25.0,25.0,26.0,26.0,27.0,27.0,28.0,28.0,29.0,29.0,30.0,31.0,31.029999999999745,33.0,35.0,40.0,0.0,1000.6274510025978,1000.7411764860153,1000.8705882430077,2000.905882358551,3000.3568627536297,3000.533333361149,3000.623529434204,3000.7019608020782,3000.78823530674,3001.0,147.67381439208984,155.31948852539062,160.22581481933594,164.1013641357422,167.4251480102539,170.65550537109374,174.18610534667968,178.72894287109375,189.84576416015625,346.32354736328125,220.7849,1.0,test_data/Useful/Validation/1.5 inches at 1 ft/20241103_114925_041.jpg,354.0,228.0,33.007680869772685
95,0.0,0.0,0.0,0.0,0.0,0.0,0.0,0.0,0.0,0.0,0.0,0.0,1.0,1.0,2.0,2.0,3.0,3.0,4.0,4.0,5.0,6.0,6.0,7.0,7.75,8.0,8.0,9.0,9.0,10.0,10.0,10.0,10.0,11.0,11.0,11.0,11.0,12.0,12.0,12.0,12.0,13.0,13.0,13.0,13.0,14.0,14.0,14.0,15.0,15.0,15.0,16.0,16.0,16.0,16.0,17.0,17.0,17.0,17.0,18.0,18.0,18.0,19.0,19.0,19.0,19.0,20.0,20.0,20.0,20.0,21.0,21.0,21.0,22.0,22.0,22.0,23.0,23.0,23.0,24.0,24.0,24.0,25.0,25.0,25.0,26.0,26.0,26.0,27.0,27.0,28.0,28.0,29.0,30.0,30.0,31.0,32.0,33.0,35.0,41.0,0.0,1000.6274510025978,1000.7411764860153,1000.8705882430077,2000.878431379795,3000.3450980484486,3000.5254902243614,3000.623529434204,3000.6980392336845,3000.78823530674,3001.0,147.99373321533204,155.65869140625,160.54297485351563,164.3560791015625,167.78138732910156,170.9818878173828,174.48739624023438,179.04153442382812,190.01092529296875,346.3299865722656,220.85587,1.0,test_data/Useful/Validation/1.5 inches at 1 ft/20241103_114925_042.jpg,332.0,214.0,26.868706385573216
96,0.0,0.0,0.0,0.0,0.0,0.0,0.0,0.0,0.0,0.0,0.0,0.0,0.0,0.0,0.0,1.0,1.0,2.0,3.0,3.0,3.0,4.0,4.0,5.0,5.0,6.0,7.0,7.0,8.0,8.0,9.0,9.0,9.0,10.0,10.0,10.0,10.0,11.0,11.0,11.0,11.0,12.0,12.0,12.0,13.0,13.0,13.0,13.0,14.0,14.0,14.0,15.0,15.0,15.0,15.0,16.0,16.0,16.0,16.0,16.399999999999864,17.0,17.0,17.0,18.0,18.0,18.0,19.0,19.0,19.0,20.0,20.0,20.0,21.0,21.0,21.0,22.0,22.0,22.0,23.0,23.0,23.0,23.0,24.0,24.0,25.0,25.0,25.0,26.0,26.0,27.0,27.0,28.0,28.0,29.0,30.0,30.0,31.0,32.0,34.0,40.0,0.0,1000.6156862974167,1000.7215686440468,1000.8274509906769,2000.6470588445663,3000.23137255013,3000.498039215803,3000.6196078658104,3000.7019608020782,3000.800000011921,3001.0,147.98475646972656,155.6439208984375,160.5148162841797,164.3232879638672,167.70720672607422,170.98682250976563,174.48390045166016,179.0249450683594,189.60372924804688,346.36541748046875,219.71367,1.0,test_data/Useful/Validation/1.5 inches at 1 ft/20241103_115010_033.jpg,281.0,187.0,33.80408334689304
97,0.0,0.0,0.0,0.0,0.0,0.0,0.0,0.0,0.0,0.0,0.0,0.0,0.0,0.0,0.0,0.0,1.0,1.8199999999999932,2.0,2.0,3.0,4.0,4.0,4.0,5.0,5.0,6.0,6.720000000000027,7.0,8.0,8.0,9.0,9.0,9.0,10.0,10.0,10.0,11.0,11.0,11.0,11.0,12.0,12.0,12.0,12.0,12.0,13.0,13.0,13.0,13.0,14.0,14.0,14.0,14.0,15.0,15.0,15.0,15.0,16.0,16.0,16.0,16.0,17.0,17.0,17.0,17.0,18.0,18.0,18.0,19.0,19.0,19.0,19.0,20.0,20.0,21.0,21.0,21.0,21.0,22.0,22.0,23.0,23.0,24.0,24.0,24.0,25.0,25.0,26.0,26.0,27.0,27.0,28.0,29.0,29.0,30.0,31.0,32.0,34.0,44.0,0.0,1000.6156862974167,1000.7176470756531,1000.8196078538895,2000.6470588445663,3000.243137255311,3000.5098039507866,3000.627451002598,3000.705882370472,3000.800000011921,3001.0,147.21326904296876,154.8663543701172,159.75494384765625,163.58700561523438,166.94522857666016,170.19799194335937,173.71184234619142,178.31158447265625,189.2886962890625,346.3766784667969,219.90419,1.0,test_data/Useful/Validation/1.5 inches at 1 ft/20241103_115010_034.jpg,304.0,193.0,29.15393324580384
98,0.0,0.0,0.0,0.0,0.0,0.0,0.0,0.0,0.0,0.0,0.0,0.0,0.0,0.0,0.0,0.0,1.0,1.0,2.0,2.0,3.0,3.0,4.0,5.0,5.0,6.0,6.0,7.0,7.0,7.0,8.0,8.0,9.0,9.0,10.0,10.0,10.0,10.0,11.0,11.0,11.0,11.0,12.0,12.0,12.0,12.0,13.0,13.0,13.0,14.0,14.0,14.0,14.0,15.0,15.0,15.0,16.0,16.0,16.0,16.0,17.0,17.0,17.0,17.0,18.0,18.0,18.0,19.0,19.0,19.0,20.0,20.0,20.0,20.0,21.0,21.0,21.0,22.0,22.0,23.0,23.0,23.0,24.0,24.0,24.0,25.0,25.0,26.0,26.0,27.0,27.0,28.0,28.0,29.0,29.0,30.0,31.0,32.0,34.0,39.0,0.0,1000.6156862974167,1000.7176470756531,1000.8156862854958,2000.6196078658104,3000.23137255013,3000.505882382393,3000.623529434204,3000.7019608020782,3000.796078443527,3001.0,146.7998504638672,154.45651245117188,159.3723342895508,163.24295043945312,166.63387298583984,169.93230895996092,173.44537506103515,178.10126953125,189.3712158203125,346.38311767578125,220.09155,1.0,test_data/Useful/Validation/1.5 inches at 1 ft/20241103_115010_035.jpg,297.0,195.0,30.99504117344183
99,0.0,0.0,0.0,0.0,0.0,0.0,0.0,0.0,0.0,0.0,0.0,0.0,0.0,1.0,1.0,2.0,2.0,3.0,3.0,4.0,4.0,5.0,5.0,6.0,6.0,7.0,7.0,8.0,8.0,8.0,9.0,9.0,10.0,10.0,10.0,11.0,11.0,11.0,11.0,12.0,12.0,12.0,12.0,13.0,13.0,13.0,13.0,14.0,14.0,14.0,15.0,15.0,15.0,15.460000000000036,16.0,16.0,16.0,16.0,17.0,17.0,17.0,18.0,18.0,18.0,18.0,19.0,19.0,19.0,19.0,20.0,20.0,20.0,21.0,21.0,21.0,21.0,22.0,22.0,22.0,23.0,23.0,23.0,24.0,24.0,25.0,25.0,25.0,26.0,26.0,27.0,27.0,28.0,28.0,29.0,30.0,30.0,31.0,33.0,34.0,41.0,0.0,1000.6156862974167,1000.7137255072594,1000.8078431487083,2000.5294117927551,3000.2000000029802,3000.498039215803,3000.623529434204,3000.7019608020782,3000.7921568751335,3001.0,146.97357177734375,154.76336669921875,159.5820770263672,163.37969970703125,166.73558807373047,169.9909210205078,173.5693588256836,178.1702606201172,189.3687744140625,346.3835144042969,220.19678,1.0,test_data/Useful/Validation/1.5 inches at 1 ft/20241103_115010_036.jpg,284.0,189.0,31.311184242204835
100,0.0,0.0,0.0,0.0,0.0,0.0,0.0,0.0,0.0,0.0,0.0,0.0,0.0,0.0,0.0,1.0,1.0,2.0,2.0,3.0,4.0,4.0,5.0,5.0,6.0,6.0,7.0,7.0,8.0,8.0,8.0,9.0,9.0,10.0,10.0,10.0,10.0,11.0,11.0,11.0,11.0,12.0,12.0,12.0,13.0,13.0,13.0,13.0,14.0,14.0,14.0,14.0,15.0,15.0,15.0,16.0,16.0,16.0,16.0,17.0,17.0,17.0,17.0,18.0,18.0,18.0,18.0,19.0,19.0,19.0,20.0,20.0,20.0,21.0,21.0,21.0,21.0,22.0,22.0,23.0,23.0,23.0,24.0,24.0,24.0,25.0,25.0,26.0,26.0,27.0,27.0,28.0,28.0,29.0,29.0,30.0,31.0,32.0,35.0,41.0,0.0,1000.611764729023,1000.7098039388657,1000.8039215803146,2000.5294117927551,3000.2078431397676,3000.498039215803,3000.6196078658104,3000.7019608020782,3000.796078443527,3001.0,147.4072525024414,155.12969360351562,159.9887222290039,163.8921661376953,167.30606079101562,170.53857421875,174.0409164428711,178.50521545410157,189.4492950439453,346.37713623046875,220.14984,1.0,test_data/Useful/Validation/1.5 inches at 1 ft/20241103_115010_037.jpg,304.0,202.0,31.365086727659566
101,0.0,0.0,0.0,0.0,0.0,0.0,0.0,0.0,0.0,0.0,0.0,0.0,0.0,1.0,1.0,2.0,2.0,3.0,3.0,4.0,4.0,5.0,5.0,6.0,6.0,7.0,7.0,8.0,8.0,9.0,9.0,9.680000000000064,10.0,10.0,10.0,11.0,11.0,11.0,12.0,12.0,12.0,12.0,13.0,13.0,13.0,13.0,13.0,14.0,14.0,14.0,15.0,15.0,15.0,15.0,16.0,16.0,16.0,16.0,17.0,17.0,17.0,17.0,18.0,18.0,18.0,19.0,19.0,19.0,20.0,20.0,20.0,21.0,21.0,21.0,21.0,22.0,22.0,22.0,23.0,23.0,23.0,24.0,24.0,24.0,25.0,25.0,25.0,26.0,26.0,27.0,27.0,28.0,28.0,29.0,30.0,30.0,31.0,32.0,35.0,39.0,0.0,1000.611764729023,1000.7098039388657,1000.8078431487083,2000.54509806633,3000.203921571374,3000.4941176474094,3000.6196078658104,3000.7019608020782,3000.796078443527,3001.0,147.8070510864258,155.40794372558594,160.33520050048827,164.16951904296874,167.55055236816406,170.83994750976564,174.35062255859376,178.876953125,189.79953002929688,346.36810302734375,219.94157,1.0,test_data/Useful/Validation/1.5 inches at 1 ft/20241103_115010_038.jpg,322.0,197.0,28.86015417914732
102,0.0,0.0,0.0,0.0,0.0,0.0,0.0,0.0,0.0,0.0,0.0,0.0,1.0,1.0,2.0,2.0,3.0,3.0,4.0,4.0,5.0,6.0,6.0,7.0,7.0,8.0,8.0,8.0,9.0,9.0,10.0,10.0,10.0,11.0,11.0,11.0,11.0,12.0,12.0,12.0,12.0,13.0,13.0,13.0,13.0,14.0,14.0,14.0,14.0,15.0,15.0,15.0,16.0,16.0,16.0,16.0,17.0,17.0,17.0,18.0,18.0,18.0,18.0,19.0,19.0,19.0,20.0,20.0,20.0,21.0,21.0,21.0,22.0,22.0,22.0,22.0,23.0,23.0,23.0,24.0,24.0,24.0,25.0,25.0,25.0,26.0,26.0,27.0,27.0,27.0,28.0,28.0,29.0,29.0,30.0,31.0,32.0,33.0,34.0,39.0,0.0,1000.6156862974167,1000.7098039388657,1000.7960784435272,2000.5294117927551,3000.2352941185236,3000.5098039507866,3000.623529434204,3000.705882370472,3000.796078443527,3001.0,147.3398696899414,155.1599914550781,160.04422760009766,163.87815551757814,167.24944305419922,170.5364776611328,174.10926818847656,178.69651794433594,190.00933837890625,346.37542724609375,220.55597,1.0,test_data/Useful/Validation/1.5 inches at 1 ft/20241103_115010_043.jpg,328.0,199.0,32.357782686101636
103,0.0,0.0,0.0,0.0,0.0,0.0,0.0,0.0,0.0,0.0,0.0,0.0,0.0,0.0,1.0,1.0,2.0,2.0,3.0,3.0,4.0,5.0,5.0,6.0,6.0,7.0,7.0,7.0,8.0,9.0,9.0,10.0,10.0,10.0,10.0,11.0,11.0,11.0,11.0,12.0,12.0,12.0,12.0,13.0,13.0,13.0,13.0,14.0,14.0,14.0,14.0,15.0,15.0,15.0,15.0,16.0,16.0,16.0,16.0,17.0,17.0,17.0,17.0,18.0,18.0,18.0,18.0,19.0,19.0,19.0,20.0,20.0,20.0,21.0,21.0,21.0,21.230000000000018,22.0,22.0,22.0,23.0,23.0,23.0,24.0,24.0,24.0,25.0,25.0,25.0,26.0,26.0,27.0,28.0,28.0,29.0,30.0,31.0,33.0,35.0,40.0,0.0,1000.6156862974167,1000.7098039388657,1000.7921568751335,2000.4941176474094,3000.2352941185236,3000.5137255191803,3000.627451002598,3000.7019608020782,3000.78823530674,3001.0,146.23019714355468,153.91836547851562,158.8382568359375,162.65365600585938,166.06396484375,169.3872833251953,172.99725341796875,177.69735717773438,189.73056030273438,346.381591796875,220.95634,1.0,test_data/Useful/Validation/1.5 inches at 1 ft/20241103_115010_044.jpg,354.0,218.0,29.224401483685206
104,0.0,0.0,0.0,0.0,0.0,0.0,0.0,0.0,0.0,0.0,0.0,0.0,1.0,1.0,2.0,3.0,3.0,4.0,4.0,5.0,5.0,6.0,6.0,7.0,8.0,8.0,9.0,9.0,10.0,10.0,10.0,10.0,11.0,11.0,11.0,11.0,12.0,12.0,12.0,12.0,13.0,13.0,13.0,13.0,14.0,14.0,14.0,14.0,15.0,15.0,15.0,15.0,16.0,16.0,16.0,17.0,17.0,17.0,17.0,18.0,18.0,18.0,18.0,18.0,19.0,19.0,19.0,20.0,20.0,20.0,21.0,21.0,21.0,21.0,22.0,22.0,22.0,22.0,23.0,23.0,23.0,24.0,24.0,25.0,25.0,25.0,26.0,26.0,26.110000000000127,27.0,28.0,28.0,29.0,29.0,30.0,30.039999999999964,31.0,33.0,34.0,42.0,0.0,1000.611764729023,1000.705882370472,1000.7882353067398,2000.4431372582912,3000.215686276555,3000.501960813999,3000.623529434204,3000.7019608020782,3000.7921568751335,3001.0,147.14769287109374,154.7772216796875,159.6498260498047,163.49900817871094,166.9076690673828,170.17325439453126,173.77023010253907,178.3424102783203,189.92172241210938,346.3772888183594,220.91235,1.0,test_data/Useful/Validation/1.5 inches at 1 ft/20241103_115010_045.jpg,322.0,213.0,32.79644389345715
0,0.0,0.0,0.0,0.0,1.0,1.0,2.0,3.0,4.0,5.0,5.0,6.0,7.0,8.0,8.0,9.0,10.0,10.0,10.0,11.0,11.0,12.0,12.0,12.0,13.0,13.0,13.0,13.0,14.0,14.0,14.0,15.0,15.0,16.0,16.0,16.0,16.0,17.0,17.0,17.0,18.0,18.0,18.0,19.0,19.0,19.0,19.0,20.0,20.0,20.0,20.0,21.0,21.0,21.0,21.0,22.0,22.0,22.0,22.0,22.0,23.0,23.0,23.0,24.0,24.0,24.0,24.0,25.0,25.0,25.0,25.0,25.0,26.0,26.0,26.0,27.0,27.0,27.0,27.0,28.0,28.0,28.0,29.0,29.0,29.0,29.0,30.0,30.0,30.0,31.0,31.0,32.0,32.0,32.0,33.0,34.0,34.0,35.0,37.0,40.0,0.0,1000.584313750267,1000.6980392336845,1000.8039215803146,2000.3764705955982,2000.878431379795,3000.3843137323856,3000.5764706134796,3000.6823529601097,3000.7921568751335,3001.0,150.83711700439454,158.52044372558595,163.33916168212892,167.16294555664064,170.5438003540039,173.79638671875,177.23452758789062,181.683349609375,192.4268341064453,346.38140869140625,221.78786,1.0,test_data/Useful/Validation/1.5 inches at 2ft/20241103_115751_001.jpg,348.0,179.0,56.20784200567079
1,0.0,0.0,0.0,0.0,1.0,2.0,3.0,4.0,5.0,5.900000000000006,7.0,7.0,8.0,9.0,9.0,10.0,10.0,10.0,11.0,11.0,12.0,12.0,13.0,13.0,13.0,14.0,14.0,14.0,15.0,15.0,15.0,16.0,16.0,16.0,16.0,17.0,17.0,17.0,18.0,18.0,18.0,18.0,19.0,19.0,19.0,19.0,20.0,20.0,20.0,20.0,21.0,21.0,21.0,21.0,22.0,22.0,22.0,22.0,23.0,23.0,23.0,23.0,24.0,24.0,24.0,24.0,25.0,25.0,25.0,25.0,26.0,26.0,26.0,26.0,27.0,27.0,27.0,27.0,28.0,28.0,28.0,29.0,29.0,29.0,30.0,30.0,30.0,30.0,31.0,31.0,32.0,32.0,32.0,33.0,33.0,34.0,35.0,36.0,37.0,45.0,0.0,1000.584313750267,1000.6980392336845,1000.8039215803146,2000.380392163992,2000.8823529481888,3000.3843137323856,3000.5764706134796,3000.6823529601097,3000.7921568751335,3001.0,150.90758209228517,158.5625030517578,163.42352600097655,167.21402893066406,170.57869720458984,173.815869140625,177.31016540527344,181.71558227539063,192.44239807128906,346.37750244140625,221.6489,1.0,test_data/Useful/Validation/1.5 inches at 2ft/20241103_115751_002.jpg,351.0,185.0,64.58371605491531
2,0.0,0.0,0.0,0.0,1.0,1.0,2.0,3.0,4.0,5.0,5.0,6.0,7.0,7.0,8.0,9.0,9.0,10.0,10.0,11.0,11.0,11.0,12.0,12.0,12.0,13.0,13.0,13.0,14.0,14.0,14.0,15.0,15.0,15.0,16.0,16.0,16.0,17.0,17.0,17.0,17.0,18.0,18.0,18.0,19.0,19.0,19.0,19.0,20.0,20.0,20.0,21.0,21.0,21.0,21.0,21.0,22.0,22.0,22.0,22.0,23.0,23.0,23.0,23.0,24.0,24.0,24.0,24.0,25.0,25.0,25.0,25.0,25.0,26.0,26.0,26.0,27.0,27.0,27.0,27.0,28.0,28.0,28.0,29.0,29.0,29.0,30.0,30.0,31.0,31.0,31.0,32.0,32.0,33.0,33.0,34.0,35.0,35.0,37.0,42.0,0.0,1000.584313750267,1000.6980392336845,1000.8078431487083,2000.4000000059605,2000.8823529481888,3000.3882353007793,3000.5764706134796,3000.6823529601097,3000.7921568751335,3001.0,150.7157775878906,158.41220092773438,163.28695678710938,167.16461181640625,170.55296325683594,173.79624938964844,177.25735473632812,181.74298095703125,192.56944274902344,346.3780517578125,221.6632,1.0,test_data/Useful/Validation/1.5 inches at 2ft/20241103_115751_003.jpg,361.0,208.0,57.08786718597342
3,0.0,0.0,0.0,0.0,0.0,0.9399999999999977,2.0,3.0,3.0,4.0,5.0,6.0,7.0,8.0,8.0,9.0,10.0,10.0,10.0,11.0,11.0,12.0,12.0,12.0,13.0,13.0,13.0,14.0,14.0,14.0,15.0,15.0,15.0,16.0,16.0,16.0,16.0,17.0,17.0,17.0,17.0,18.0,18.0,18.0,18.0,19.0,19.0,19.0,19.0,20.0,20.0,20.0,21.0,21.0,21.0,21.0,22.0,22.0,22.0,22.0,23.0,23.0,23.0,24.0,24.0,24.0,24.0,25.0,25.0,25.0,25.0,26.0,26.0,26.0,26.0,27.0,27.0,27.0,28.0,28.0,28.0,28.0,28.0,29.0,29.0,29.0,30.0,30.0,30.0,31.0,31.0,32.0,32.0,33.0,34.0,34.0,35.0,36.0,37.0,43.0,0.0,1000.584313750267,1000.6980392336845,1000.8039215803146,2000.392156869173,2000.8823529481888,3000.3882353007793,3000.5764706134796,3000.6823529601097,3000.7921568751335,3001.0,150.70147247314452,158.3886474609375,163.3009780883789,167.14846801757812,170.52854919433594,173.74977111816406,177.22128295898438,181.68408203125,192.39036560058594,346.3840026855469,221.91937,1.0,test_data/Useful/Validation/1.5 inches at 2ft/20241103_115751_004.jpg,331.0,162.0,61.411678847659275
4,0.0,0.0,0.0,0.0,0.9500000000000028,2.0,3.0,4.0,4.0,5.0,6.0,7.0,7.0,8.0,8.0,9.0,10.0,10.0,11.0,11.0,11.0,12.0,12.0,12.0,13.0,13.0,13.0,14.0,14.0,14.0,15.0,15.0,15.0,16.0,16.0,16.0,16.0,17.0,17.0,17.0,17.0,18.0,18.0,18.0,18.0,19.0,19.0,19.0,20.0,20.0,20.0,20.0,21.0,21.0,21.0,21.0,22.0,22.0,22.0,22.0,23.0,23.0,23.0,24.0,24.0,24.0,24.0,25.0,25.0,25.0,25.0,26.0,26.0,26.0,26.0,27.0,27.0,27.0,27.0,28.0,28.0,28.0,28.0,29.0,29.0,29.0,30.0,30.0,31.0,31.0,31.0,32.0,32.0,33.0,33.0,34.0,35.0,36.0,37.0,42.0,0.0,1000.584313750267,1000.7019608020782,1000.8078431487083,2000.4117647111416,2000.8823529481888,3000.3882353007793,3000.5764706134796,3000.6823529601097,3000.7921568751335,3001.0,150.82785034179688,158.48235168457032,163.41793212890624,167.2162841796875,170.62995147705078,173.86428833007812,177.3196594238281,181.77434997558595,192.51934814453125,346.37689208984375,221.62479,1.0,test_data/Useful/Validation/1.5 inches at 2ft/20241103_115751_005.jpg,334.0,181.0,59.69790985058543
5,0.0,0.0,0.0,0.0,0.0,1.0,2.0,3.0,4.0,4.0,5.0,6.0,7.0,8.0,8.0,9.0,10.0,10.0,10.0,11.0,11.0,12.0,12.0,12.0,13.0,13.0,13.0,14.0,14.0,14.0,15.0,15.0,15.0,16.0,16.0,16.0,17.0,17.0,17.0,18.0,18.0,18.0,18.0,19.0,19.0,19.0,19.0,20.0,20.0,20.0,20.0,21.0,21.0,21.0,21.0,22.0,22.0,22.0,22.0,23.0,23.0,23.0,24.0,24.0,24.0,24.0,24.0,25.0,25.0,25.0,25.0,26.0,26.0,26.0,26.0,27.0,27.0,27.0,27.0,28.0,28.0,28.0,28.0,29.0,29.0,29.0,30.0,30.0,30.0,31.0,31.0,32.0,32.0,33.0,33.0,34.0,35.0,35.0,36.0,42.0,0.0,1000.584313750267,1000.7019608020782,1000.8078431487083,2000.419607847929,2000.878431379795,3000.3882353007793,3000.5764706134796,3000.6823529601097,3000.7921568751335,3001.0,150.79428100585938,158.52056884765625,163.40538024902344,167.30401611328125,170.6885528564453,173.91270141601564,177.3402557373047,181.7533386230469,192.43594360351562,346.3720397949219,221.8461,1.0,test_data/Useful/Validation/1.5 inches at 2ft/20241103_115751_011.jpg,363.0,214.0,60.911379554178374
6,0.0,0.0,0.0,0.0,1.0,2.0,3.0,4.0,5.0,6.0,7.0,8.0,8.0,9.0,9.0,10.0,10.0,11.0,11.0,11.0,12.0,12.0,12.769999999999982,13.0,13.0,14.0,14.0,14.0,15.0,15.0,15.0,16.0,16.0,16.0,16.0,17.0,17.0,17.0,18.0,18.0,18.0,18.0,19.0,19.0,19.0,19.0,20.0,20.0,20.0,20.0,21.0,21.0,21.0,21.0,22.0,22.0,22.0,22.0,22.0,23.0,23.0,23.0,23.0,24.0,24.0,24.0,24.0,24.0,25.0,25.0,25.0,26.0,26.0,26.0,26.0,27.0,27.0,27.0,27.0,28.0,28.0,28.0,29.0,29.0,29.0,30.0,30.0,30.0,30.0,31.0,31.0,32.0,32.0,33.0,33.0,34.0,35.0,36.0,37.0,41.0,24.0,1000.5882353186607,1000.7019608020782,1000.8078431487083,2000.4274509847164,2000.878431379795,3000.392156869173,3000.5764706134796,3000.6823529601097,3000.7921568751335,3001.0,150.8196563720703,158.484130859375,163.3607406616211,167.14758911132813,170.5303955078125,173.71621704101562,177.13629150390625,181.6171417236328,192.4912109375,346.37994384765625,222.0582,1.0,test_data/Useful/Validation/1.5 inches at 2ft/20241103_115751_012.jpg,343.0,189.0,54.8221127148139
7,0.0,0.0,0.0,0.0,0.0,1.0,2.0,2.0,3.0,5.0,5.0,6.0,7.0,7.0,8.0,9.0,9.0,10.0,10.0,10.0,11.0,11.0,11.769999999999982,12.0,12.0,13.0,13.0,13.0,14.0,14.0,14.0,15.0,15.0,15.0,16.0,16.0,16.0,17.0,17.0,17.0,17.0,18.0,18.0,18.0,18.0,19.0,19.0,19.0,19.0,20.0,20.0,20.0,20.0,21.0,21.0,21.0,21.0,22.0,22.0,22.0,22.0,23.0,23.0,23.0,23.0,24.0,24.0,24.0,25.0,25.0,25.0,25.0,26.0,26.0,26.0,26.0,27.0,27.0,27.0,27.0,28.0,28.0,28.0,28.0,29.0,29.0,29.0,30.0,30.0,31.0,31.0,32.0,32.0,32.0,33.0,34.0,34.0,36.0,38.0,42.0,0.0,1000.584313750267,1000.7019608020782,1000.8078431487083,2000.4000000059605,2000.8745098114014,3000.392156869173,3000.5803921818733,3000.6823529601097,3000.7921568751335,3001.0,150.56842956542968,158.34001770019532,163.1785095214844,167.04571533203125,170.44186401367188,173.6795196533203,177.15740966796875,181.65269470214844,192.4772201538086,346.37969970703125,221.96204,1.0,test_data/Useful/Validation/1.5 inches at 2ft/20241103_115751_013.jpg,346.0,172.0,64.75528610704662
8,0.0,0.0,0.0,0.0,1.0,2.0,3.0,4.0,5.0,5.0,6.0,7.0,8.0,8.0,9.0,9.0,10.0,10.0,10.0,11.0,11.0,12.0,12.0,12.0,13.0,13.0,13.0,14.0,14.0,14.0,15.0,15.0,15.0,15.0,16.0,16.0,16.0,17.0,17.0,17.0,18.0,18.0,18.0,18.0,19.0,19.0,19.0,19.0,20.0,20.0,20.0,20.0,21.0,21.0,21.0,21.0,21.0,22.0,22.0,22.0,22.0,23.0,23.0,23.0,23.0,24.0,24.0,24.0,24.0,24.0,25.0,25.0,25.0,26.0,26.0,26.0,26.0,27.0,27.0,27.0,28.0,28.0,28.0,28.0,29.0,29.0,29.0,30.0,30.0,31.0,31.0,31.0,32.0,32.0,33.0,34.0,34.0,35.0,37.0,43.0,0.0,1000.584313750267,1000.6980392336845,1000.8039215803146,2000.3568627536297,2000.8705882430077,3000.392156869173,3000.5803921818733,3000.6823529601097,3000.78823530674,3001.0,150.4366653442383,158.07142944335936,162.9331817626953,166.81200561523437,170.2192611694336,173.4431915283203,176.89891510009764,181.38233947753906,192.37469482421875,346.38250732421875,222.01082,1.0,test_data/Useful/Validation/1.5 inches at 2ft/20241103_115751_014.jpg,344.0,199.0,60.40288977938283
9,0.0,0.0,0.0,0.0,0.0,1.0,2.0,3.0,4.0,5.0,6.0,6.0,7.0,7.0,8.0,9.0,9.0,10.0,10.0,11.0,11.0,11.0,12.0,12.0,12.0,13.0,13.0,13.0,13.0,14.0,14.0,14.0,15.0,15.0,15.0,16.0,16.0,16.0,16.0,17.0,17.0,17.0,18.0,18.0,18.0,18.0,19.0,19.0,19.0,20.0,20.0,20.0,20.0,20.0,21.0,21.0,21.0,21.0,22.0,22.0,22.0,22.0,23.0,23.0,23.0,23.340000000000146,24.0,24.0,24.0,24.0,25.0,25.0,25.0,26.0,26.0,26.0,26.0,27.0,27.0,27.0,27.0,28.0,28.0,28.0,29.0,29.0,29.0,30.0,30.0,31.0,31.0,31.0,32.0,32.0,33.0,34.0,34.0,35.0,37.0,43.0,0.0,1000.5882353186607,1000.6980392336845,1000.7960784435272,2000.286274522543,2000.8627451062202,3000.3960784375668,3000.584313750267,3000.6823529601097,3000.78823530674,3001.0,149.90924835205078,157.55384826660156,162.43331909179688,166.25238952636718,169.6468734741211,172.91856994628907,176.446875,180.91551208496094,192.1475830078125,346.38873291015625,222.0511,1.0,test_data/Useful/Validation/1.5 inches at 2ft/20241103_115751_015.jpg,360.0,193.0,56.679433600074375
10,0.0,0.0,0.0,0.0,0.0,2.0,2.0,3.0,4.0,4.900000000000006,6.0,6.0,7.0,7.0,8.0,9.0,9.0,10.0,10.0,10.0,11.0,11.0,11.0,12.0,12.0,13.0,13.0,13.0,14.0,14.0,14.0,15.0,15.0,15.0,15.0,16.0,16.0,16.0,17.0,17.0,17.0,17.0,18.0,18.0,18.0,19.0,19.0,19.0,19.0,19.0,20.0,20.0,20.0,21.0,21.0,21.0,21.0,22.0,22.0,22.0,22.0,23.0,23.0,23.0,23.0,24.0,24.0,24.0,25.0,25.0,25.0,25.0,25.0,26.0,26.0,26.0,26.0,27.0,27.0,27.0,28.0,28.0,28.0,28.0,29.0,29.0,29.0,30.0,30.0,30.0,31.0,31.0,32.0,32.0,33.0,33.0,34.0,35.0,36.0,42.0,0.0,1000.584313750267,1000.6941176652908,1000.7882353067398,2000.0196078438312,2000.8313725590706,3000.3568627536297,3000.568627476692,3000.678431391716,3000.784313738346,3001.0,149.70399475097656,157.48838806152344,162.423828125,166.29135131835938,169.6881103515625,172.97222900390625,176.50184631347656,180.98556518554688,192.0915069580078,346.3842468261719,221.83795,1.0,test_data/Useful/Validation/1.5 inches at 2ft/20241103_115751_021.jpg,360.0,192.0,64.7346766474738
11,0.0,0.0,0.0,0.0,0.0,1.0,2.0,3.0,4.0,5.0,5.0,6.0,7.0,7.0,8.0,8.0,9.0,9.0,10.0,10.0,10.789999999999964,11.0,11.0,12.0,12.0,12.0,13.0,13.0,13.0,13.0,14.0,14.0,14.0,15.0,15.0,15.0,15.0,16.0,16.0,16.0,16.0,17.0,17.0,17.0,18.0,18.0,18.0,19.0,19.0,19.0,19.0,20.0,20.0,20.0,20.0,21.0,21.0,21.0,21.0,22.0,22.0,22.0,22.0,23.0,23.0,23.0,23.0,24.0,24.0,24.0,25.0,25.0,25.0,25.0,26.0,26.0,26.0,27.0,27.0,27.0,27.0,28.0,28.0,28.0,28.0,29.0,29.0,29.0,30.0,30.0,31.0,31.0,31.0,32.0,33.0,33.0,34.0,35.0,37.0,43.0,0.0,1000.5803921818733,1000.6901960968971,1000.7882353067398,2000.0470588244498,2000.8274509906769,3000.3450980484486,3000.5647059082985,3000.6745098233223,3000.7803921699524,3001.0,150.00814819335938,157.61671447753906,162.55691528320312,166.44525146484375,169.84335327148438,173.12286376953125,176.59619140625,181.145751953125,192.29779052734375,346.3815612792969,221.72278,1.0,test_data/Useful/Validation/1.5 inches at 2ft/20241103_115751_022.jpg,348.0,176.0,60.322493828379095
12,0.0,0.0,0.0,0.0,0.0,0.0,1.0,2.0,3.0,4.0,4.0,5.0,6.0,6.0,7.0,8.0,8.0,9.0,9.0,10.0,10.0,10.0,11.0,11.0,12.0,12.0,12.0,13.0,13.0,13.0,14.0,14.0,14.0,15.0,15.0,15.0,16.0,16.0,16.0,16.0,17.0,17.0,17.0,18.0,18.0,18.0,18.0,19.0,19.0,19.0,19.0,20.0,20.0,20.0,20.0,21.0,21.0,21.0,21.0,22.0,22.0,22.0,23.0,23.0,23.0,23.0,23.0,24.0,24.0,24.0,24.0,24.0,25.0,25.0,25.0,26.0,26.0,26.0,27.0,27.0,27.0,27.0,28.0,28.0,28.0,29.0,29.0,29.0,30.0,30.0,30.0,31.0,32.0,32.0,33.0,34.0,35.0,35.0,38.0,44.0,0.0,1000.584313750267,1000.6941176652908,1000.7882353067398,2000.2000000029802,2000.8235294222832,3000.3333333432674,3000.560784339905,3000.6705882549286,3000.7803921699524,3001.0,150.25152740478515,157.90714416503906,162.84299011230468,166.64602355957032,169.9778060913086,173.2650909423828,176.7168426513672,181.19232177734375,192.03555297851562,346.3827819824219,221.62015,1.0,test_data/Useful/Validation/1.5 inches at 2ft/20241103_115751_023.jpg,388.0,207.0,57.70785651996216
13,0.0,0.0,0.0,0.0,0.0,1.0,2.0,3.0,3.0,4.0,5.0,6.0,7.0,7.0,8.0,8.0,9.0,9.0,10.0,10.0,11.0,11.0,11.0,12.0,12.0,12.0,12.0,13.0,13.0,13.0,14.0,14.0,14.0,15.0,15.0,15.0,15.0,16.0,16.0,16.0,17.0,17.0,17.0,17.0,18.0,18.0,18.0,19.0,19.0,19.0,19.0,19.480000000000018,20.0,20.0,20.0,20.0,21.0,21.0,21.0,22.0,22.0,22.0,22.0,23.0,23.0,23.0,23.0,24.0,24.0,24.0,25.0,25.0,25.0,26.0,26.0,26.0,26.0,26.0,27.0,27.0,27.0,27.0,28.0,28.0,29.0,29.0,29.0,30.0,30.0,30.0,31.0,31.0,32.0,32.0,33.0,33.0,34.0,35.0,36.0,40.0,0.0,1000.584313750267,1000.6941176652908,1000.7882353067398,2000.0666666701436,2000.8352941274643,3000.3568627536297,3000.568627476692,3000.6745098233223,3000.784313738346,3001.0,150.21296081542968,157.80999450683595,162.66316986083984,166.5097900390625,169.88174438476562,173.13259887695312,176.58021545410156,181.0829315185547,192.15744018554688,346.37506103515625,221.78552,1.0,test_data/Useful/Validation/1.5 inches at 2ft/20241103_115751_024.jpg,374.0,199.0,57.674434471901534
14,0.0,0.0,0.0,0.0,0.0,0.0,1.0,2.0,3.0,3.0,4.0,5.0,5.0,6.0,7.0,8.0,8.0,9.0,9.0,10.0,10.0,11.0,11.0,11.0,12.0,12.0,12.0,13.0,13.0,13.0,14.0,14.0,14.0,15.0,15.0,15.0,16.0,16.0,16.0,16.0,17.0,17.0,17.0,17.0,18.0,18.0,18.0,19.0,19.0,19.0,19.0,20.0,20.0,20.0,20.0,21.0,21.0,21.0,21.0,22.0,22.0,22.0,22.0,23.0,23.0,23.0,23.0,24.0,24.0,24.0,25.0,25.0,25.0,25.0,25.0,26.0,26.0,26.0,27.0,27.0,27.0,28.0,28.0,28.0,29.0,29.0,29.0,30.0,30.0,30.0,31.0,31.0,31.070000000000164,32.0,33.0,33.0,34.0,35.0,37.0,41.0,0.0,1000.5882353186607,1000.6901960968971,1000.7803921699524,1000.9098039269447,2000.8196078538895,3000.3490196168423,3000.5647059082985,3000.6745098233223,3000.7803921699524,3001.0,149.91380615234374,157.6927032470703,162.50308227539062,166.3034881591797,169.63468170166016,172.91437683105468,176.39688568115233,180.95709533691408,192.13634338378907,346.3876647949219,222.29326,1.0,test_data/Useful/Validation/1.5 inches at 2ft/20241103_115751_025.jpg,357.0,185.0,64.15154149637775
15,0.0,0.0,0.0,0.0,0.0,1.0,2.0,2.0,3.9099999999999966,4.0,5.0,6.0,6.0,7.0,7.0,8.0,9.0,9.0,10.0,10.0,11.0,11.0,11.0,12.0,12.0,12.0,13.0,13.0,13.0,14.0,14.0,14.0,14.0,15.0,15.0,15.639999999999986,16.0,16.0,16.0,17.0,17.0,17.0,17.0,18.0,18.0,18.0,18.0,19.0,19.0,19.0,19.0,20.0,20.0,20.0,21.0,21.0,21.0,21.0,22.0,22.0,22.0,22.0,23.0,23.0,23.0,23.0,23.0,24.0,24.0,24.0,24.0,25.0,25.0,25.0,25.0,26.0,26.0,26.0,27.0,27.0,27.0,27.0,28.0,28.0,28.0,29.0,29.0,29.0,30.0,30.0,31.0,31.0,31.0,32.0,32.0,33.0,34.0,35.0,37.0,43.0,0.0,1000.5803921818733,1000.6862745285034,1000.772549033165,1000.8862745165825,2000.7921568751335,3000.3294117748737,3000.568627476692,3000.6745098233223,3000.7803921699524,3001.0,149.69363403320312,157.29672241210938,162.16505432128906,166.02252197265625,169.3572540283203,172.66358337402343,176.14151916503906,180.71957092285157,191.99122619628906,346.3841247558594,222.05966,1.0,test_data/Useful/Validation/1.5 inches at 2ft/20241103_115751_031.jpg,349.0,198.0,62.28115525486886
16,0.0,0.0,0.0,0.0,0.0,1.0,2.0,3.0,3.0,4.0,5.0,6.0,7.0,7.0,8.0,8.0,9.0,10.0,10.0,10.0,11.0,11.0,11.0,12.0,12.0,13.0,13.0,13.0,14.0,14.0,14.0,15.0,15.0,15.0,16.0,16.0,16.0,16.0,17.0,17.0,17.0,17.0,18.0,18.0,18.0,18.0,19.0,19.0,19.0,19.0,20.0,20.0,20.0,20.0,21.0,21.0,21.0,22.0,22.0,22.0,22.0,22.0,23.0,23.0,23.0,23.0,24.0,24.0,24.0,24.0,25.0,25.0,25.0,25.0,25.0,26.0,26.0,26.0,27.0,27.0,27.0,27.0,28.0,28.0,29.0,29.0,29.0,29.0,30.0,30.0,31.0,31.0,31.0,32.0,33.0,33.0,34.0,35.0,36.0,41.0,0.0,1000.5764706134796,1000.6862745285034,1000.7764706015587,1000.9019607901573,2000.800000011921,3000.3294117748737,3000.5647059082985,3000.6745098233223,3000.784313738346,3001.0,149.8432586669922,157.45645751953126,162.3415969848633,166.19745483398438,169.5587921142578,172.81867065429688,176.32909698486327,180.865771484375,192.11742401123047,346.3909606933594,222.15302,1.0,test_data/Useful/Validation/1.5 inches at 2ft/20241103_115751_032.jpg,332.0,183.0,59.14306345838614
17,0.0,0.0,0.0,0.0,1.0,1.0,2.0,3.0,4.0,5.0,6.0,6.0,7.0,8.0,8.0,9.0,9.0,10.0,10.0,11.0,11.0,11.0,12.0,12.0,13.0,13.0,13.0,13.0,14.0,14.0,14.0,15.0,15.0,15.0,15.0,16.0,16.0,16.0,16.0,17.0,17.0,17.0,17.0,18.0,18.0,18.0,19.0,19.0,19.0,20.0,20.0,20.0,20.0,20.0,21.0,21.0,21.0,21.0,22.0,22.0,22.0,22.0,23.0,23.0,23.0,23.0,24.0,24.0,24.0,24.0,25.0,25.0,25.0,25.0,26.0,26.0,26.0,27.0,27.0,27.0,27.0,28.0,28.0,28.0,29.0,29.0,29.0,30.0,30.0,31.0,31.0,31.0,32.0,32.0,33.0,34.0,34.0,35.0,37.0,45.0,0.0,1000.5764706134796,1000.6862745285034,1000.7764706015587,1000.905882358551,2000.7921568751335,3000.3176470696926,3000.560784339905,3000.6745098233223,3000.784313738346,3001.0,149.87503051757812,157.53012084960938,162.37539672851562,166.23288269042968,169.60428619384766,172.91757202148438,176.3741912841797,180.81268310546875,192.10958862304688,346.3829040527344,222.16322,1.0,test_data/Useful/Validation/1.5 inches at 2ft/20241103_115751_033.jpg,362.0,208.0,61.615102429691866
18,0.0,0.0,0.0,0.0,0.0,0.0,1.0,2.0,3.0,3.0,4.0,5.0,6.0,6.0,7.0,8.0,8.0,9.0,9.0,10.0,10.0,10.0,11.0,11.0,12.0,12.0,12.0,13.0,13.0,13.0,13.0,14.0,14.0,14.0,15.0,15.0,15.0,16.0,16.0,16.0,16.0,17.0,17.0,17.0,18.0,18.0,18.0,18.0,19.0,19.0,19.0,20.0,20.0,20.0,20.0,21.0,21.0,21.0,21.0,22.0,22.0,22.0,22.0,23.0,23.0,23.0,23.0,24.0,24.0,24.0,24.0,24.279999999999973,25.0,25.0,25.0,26.0,26.0,26.0,26.0,27.0,27.0,27.0,28.0,28.0,28.0,29.0,29.0,29.0,30.0,30.0,31.0,31.0,32.0,32.0,33.0,33.0,34.0,35.0,37.0,41.0,0.0,1000.5803921818733,1000.6862745285034,1000.7764706015587,1000.8901960849762,2000.7882353067398,3000.3215686380863,3000.5647059082985,3000.6745098233223,3000.7803921699524,3001.0,149.4906768798828,157.11532592773438,162.0214080810547,165.8599853515625,169.24783325195312,172.52365112304688,176.0310806274414,180.5833740234375,191.99281311035156,346.38299560546875,222.0777,1.0,test_data/Useful/Validation/1.5 inches at 2ft/20241103_115751_034.jpg,378.0,191.0,53.74831010368331
19,0.0,0.0,0.0,0.0,0.0,2.0,2.0,3.0,4.0,5.0,5.0,6.0,7.0,8.0,8.0,9.0,10.0,10.0,11.0,11.0,11.0,12.0,12.0,12.0,13.0,13.0,13.0,14.0,14.0,14.0,15.0,15.0,15.0,15.0,16.0,16.0,16.0,17.0,17.0,17.0,17.0,18.0,18.0,18.0,19.0,19.0,19.0,19.0,20.0,20.0,20.0,20.0,21.0,21.0,21.0,21.0,22.0,22.0,22.0,22.0,22.0,23.0,23.0,23.0,23.0,24.0,24.0,24.0,24.0,25.0,25.0,25.0,25.0,26.0,26.0,26.0,27.0,27.0,27.0,27.0,28.0,28.0,28.0,29.0,29.0,29.0,30.0,30.0,30.0,31.0,31.0,31.0,32.0,32.0,33.0,33.0,35.0,36.0,38.0,43.0,0.0,1000.5803921818733,1000.6862745285034,1000.772549033165,1000.8862745165825,2000.7960784435272,3000.337254911661,3000.572549045086,3000.678431391716,3000.7803921699524,3001.0,149.5918731689453,157.11578369140625,162.08535766601562,166.00599670410156,169.38812255859375,172.63363647460938,176.19737243652344,180.78900146484375,192.23060607910156,346.3877868652344,222.29453,1.0,test_data/Useful/Validation/1.5 inches at 2ft/20241103_115751_035.jpg,336.0,198.0,62.81334513028744
20,0.0,0.0,0.0,1.0,2.0,3.0,4.0,5.0,6.0,7.0,7.0,8.0,9.0,9.0,10.0,10.0,11.0,11.0,12.0,12.0,12.0,13.0,13.0,13.0,14.0,14.0,15.0,15.0,15.0,15.0,16.0,16.0,16.0,17.0,17.0,17.0,18.0,18.0,18.0,18.0,18.0,19.0,19.0,19.0,20.0,20.0,20.0,20.0,20.0,21.0,21.0,21.0,21.0,22.0,22.0,22.0,22.0,23.0,23.0,23.0,23.0,24.0,24.0,24.0,24.0,25.0,25.0,25.0,25.0,25.0,26.0,26.0,26.0,27.0,27.0,27.0,27.0,27.0,28.0,28.0,28.0,29.0,29.0,29.0,29.0,30.0,30.0,30.0,31.0,31.0,31.0,32.0,32.0,33.0,34.0,34.0,35.0,36.0,37.0,42.0,23.0,1000.5960784554482,1000.705882370472,1000.8000000119209,2000.4156862795353,2000.8705882430077,3000.4117647111416,3000.5921568870544,3000.6862745285034,3000.784313738346,3001.0,149.9624465942383,157.56285095214844,162.4722900390625,166.3416748046875,169.71253967285156,172.9873809814453,176.46004943847655,181.03775024414062,192.75286865234375,346.39715576171875,222.46,1.0,test_data/Useful/Validation/1.5 inches at 2ft/20241103_115751_056.jpg,349.0,185.0,59.982666011436024
21,0.0,0.0,0.0,0.0,1.0,2.0,3.0,4.0,5.0,6.0,6.0,7.0,8.0,8.0,9.0,10.0,10.0,11.0,11.0,11.0,12.0,12.0,12.0,13.0,13.0,13.0,14.0,14.0,14.0,15.0,15.0,15.0,16.0,16.0,16.0,17.0,17.0,17.0,18.0,18.0,18.0,18.0,19.0,19.0,19.0,19.0,20.0,20.0,20.0,20.0,21.0,21.0,21.0,21.0,22.0,22.0,22.0,22.0,23.0,23.0,23.0,23.0,24.0,24.0,24.0,24.0,24.0,25.0,25.0,25.0,25.0,26.0,26.0,26.0,27.0,27.0,27.0,27.0,28.0,28.0,28.0,29.0,29.0,29.0,30.0,30.0,30.0,31.0,31.0,31.0,32.0,32.0,33.0,33.0,34.0,34.0,35.0,36.0,38.0,41.0,24.0,1000.5960784554482,1000.705882370472,1000.8039215803146,2000.4392156898975,2000.8705882430077,3000.407843142748,3000.5882353186607,3000.6862745285034,3000.784313738346,3001.0,149.84698486328125,157.64297485351562,162.5069580078125,166.36032104492188,169.7805633544922,173.06068420410156,176.55752563476562,181.1146697998047,192.70822143554688,346.38787841796875,222.38962,1.0,test_data/Useful/Validation/1.5 inches at 2ft/20241103_115751_057.jpg,351.0,173.0,58.597563098654504
22,0.0,0.0,0.0,0.0,1.0,2.0,3.0,4.0,5.0,5.0,6.0,7.0,8.0,8.0,9.0,10.0,10.0,10.0,11.0,11.0,11.0,12.0,12.0,13.0,13.0,13.0,14.0,14.0,15.0,15.0,15.0,16.0,16.0,16.0,17.0,17.0,17.0,17.0,18.0,18.0,18.0,18.0,19.0,19.0,19.0,19.0,20.0,20.0,20.0,20.0,21.0,21.0,21.0,21.0,22.0,22.0,22.0,22.0,23.0,23.0,23.0,23.0,24.0,24.0,24.0,24.0,25.0,25.0,25.0,25.0,25.0,26.0,26.0,26.0,26.0,27.0,27.0,27.0,28.0,28.0,28.0,28.0,29.0,29.0,29.0,30.0,30.0,31.0,31.0,31.0,32.0,32.0,33.0,33.0,33.0,34.0,35.0,36.0,37.0,42.0,25.0,1000.5960784554482,1000.705882370472,1000.8039215803146,2000.4509803950787,2000.8745098114014,3000.407843142748,3000.5882353186607,3000.6823529601097,3000.784313738346,3001.0,150.12974853515624,157.87954711914062,162.74758911132812,166.59902954101562,169.99215698242188,173.24676513671875,176.74253845214844,181.305908203125,192.88214111328125,346.3868713378906,222.43533,1.0,test_data/Useful/Validation/1.5 inches at 2ft/20241103_115751_058.jpg,365.0,193.0,58.73095410287609
23,0.0,0.0,0.0,0.0,1.0,2.0,3.0,4.0,5.0,6.0,7.0,7.8799999999999955,9.0,9.0,10.0,10.0,11.0,11.0,12.0,12.0,12.0,13.0,13.0,13.0,14.0,14.0,14.0,14.0,15.0,15.0,15.0,16.0,16.0,16.0,16.649999999999977,17.0,17.0,17.0,18.0,18.0,18.0,18.0,19.0,19.0,19.0,19.0,20.0,20.0,20.0,20.0,21.0,21.0,21.0,22.0,22.0,22.0,22.0,22.0,23.0,23.0,23.0,23.0,24.0,24.0,24.0,24.0,25.0,25.0,25.0,25.0,25.0,26.0,26.0,26.0,27.0,27.0,27.0,27.0,28.0,28.0,28.0,29.0,29.0,29.0,29.0,30.0,30.0,30.0,31.0,31.0,31.0,32.0,32.0,33.0,34.0,34.0,35.0,36.0,37.0,43.0,22.0,1000.6000000238419,1000.7098039388657,1000.8078431487083,2000.4901960790157,2000.89411765337,3000.4235294163227,3000.5921568870544,3000.6862745285034,3000.784313738346,3001.0,149.82647705078125,157.52286376953126,162.3837417602539,166.1963684082031,169.60755920410156,172.86048889160156,176.3627471923828,180.95333862304688,192.6311492919922,346.38983154296875,222.44525,1.0,test_data/Useful/Validation/1.5 inches at 2ft/20241103_115751_059.jpg,314.0,165.0,63.19344627948604
24,0.0,0.0,0.0,0.0,0.0,2.0,3.0,4.0,4.0,5.0,6.0,7.0,8.0,8.0,9.0,10.0,10.0,11.0,11.0,11.0,12.0,12.0,12.0,13.0,13.0,13.0,14.0,14.0,14.0,14.0,15.0,15.0,15.0,16.0,16.0,16.0,17.0,17.0,17.0,17.0,18.0,18.0,18.0,19.0,19.0,19.0,19.0,20.0,20.0,20.0,20.49000000000001,21.0,21.0,21.0,21.0,22.0,22.0,22.0,22.0,23.0,23.0,23.0,23.0,23.360000000000127,24.0,24.0,24.0,24.0,25.0,25.0,25.0,25.0,26.0,26.0,26.0,26.0,27.0,27.0,27.0,27.0,28.0,28.0,28.0,29.0,29.0,29.0,30.0,30.0,31.0,31.0,31.0,32.0,32.0,33.0,33.04999999999973,34.0,35.0,36.0,37.00999999999976,43.0,0.0,1000.6000000238419,1000.7137255072594,1000.8156862854958,2000.556862771511,2000.945098042488,3000.4274509847164,3000.5921568870544,3000.6862745285034,3000.784313738346,3001.0,150.27554321289062,157.90147399902344,162.78944396972656,166.62844848632812,169.9720458984375,173.17306518554688,176.6615447998047,181.2031707763672,192.63031005859375,346.38299560546875,222.06042,1.0,test_data/Useful/Validation/1.5 inches at 2ft/20241103_115751_060.jpg,349.0,179.0,51.28989721016834
25,0.0,0.0,0.0,0.0,0.0,0.0,1.0,2.0,3.0,4.0,5.0,6.0,6.0,7.0,8.0,8.0,9.0,9.0,10.0,10.0,11.0,11.0,11.0,12.0,12.0,12.740000000000009,13.0,13.0,14.0,14.0,14.0,14.0,15.0,15.0,15.0,15.0,16.0,16.0,16.0,16.0,17.0,17.0,17.0,17.0,18.0,18.0,18.0,18.0,19.0,19.0,19.0,19.0,20.0,20.0,20.0,20.0,21.0,21.0,21.0,22.0,22.0,22.0,22.0,23.0,23.0,23.0,23.0,24.0,24.0,24.0,24.0,25.0,25.0,25.0,25.0,26.0,26.0,26.0,26.0,27.0,27.0,27.0,28.0,28.0,28.0,29.0,29.0,29.0,30.0,30.0,31.0,31.0,32.0,32.0,33.0,34.0,35.0,36.0,37.0,42.0,0.0,1000.5921568870544,1000.705882370472,1000.8078431487083,2000.5215686559677,2000.8862745165825,3000.4117647111416,3000.584313750267,3000.678431391716,3000.7764706015587,3001.0,149.59619140625,157.24513549804686,162.08651275634764,165.98533325195314,169.41345977783203,172.67484741210936,176.11719360351563,180.7079315185547,192.13134765625,346.371826171875,222.07727,1.0,test_data/Useful/Validation/1.5 inches at 2ft/20241103_115751_066.jpg,373.0,196.0,64.85067112486227
26,0.0,0.0,0.0,0.0,0.0,0.0,1.0,1.0,2.0,3.0,4.0,5.0,6.0,6.0,7.0,8.0,8.0,9.0,9.0,9.800000000000011,10.0,10.0,11.0,11.0,11.0,12.0,12.0,12.0,13.0,13.0,13.0,14.0,14.0,14.0,14.0,15.0,15.0,15.0,16.0,16.0,16.0,17.0,17.0,17.0,17.0,18.0,18.0,18.0,18.0,18.5,19.0,19.0,19.0,20.0,20.0,20.0,20.0,21.0,21.0,21.0,21.0,21.0,22.0,22.0,22.0,23.0,23.0,23.0,23.0,24.0,24.0,24.0,24.0,25.0,25.0,26.0,26.0,26.0,27.0,27.0,27.0,27.179999999999836,28.0,28.0,28.0,29.0,29.0,30.0,30.0,30.0,31.0,32.0,32.0,32.0,33.0,34.0,34.0,35.0,37.0,43.0,0.0,1000.5960784554482,1000.705882370472,1000.8039215803146,2000.5137255191803,2000.878431379795,3000.403921574354,3000.584313750267,3000.6745098233223,3000.772549033165,3001.0,149.27781677246094,156.9420166015625,161.87115478515625,165.72325744628907,169.09268951416016,172.36096801757813,175.88350677490234,180.46568603515627,192.11111450195312,346.3620300292969,222.19177,1.0,test_data/Useful/Validation/1.5 inches at 2ft/20241103_115751_067.jpg,328.0,172.0,64.27652965742985
27,0.0,0.0,0.0,0.0,0.0,0.0,1.0,2.0,2.0,3.0,4.0,5.0,5.0,6.0,7.0,7.0,8.0,9.0,9.0,10.0,10.0,10.0,11.0,11.0,12.0,12.0,12.0,13.0,13.0,13.0,14.0,14.0,14.0,15.0,15.0,15.0,15.0,16.0,16.0,16.0,16.0,17.0,17.0,17.0,18.0,18.0,18.0,18.0,19.0,19.0,19.0,20.0,20.0,20.0,20.0,21.0,21.0,21.0,21.0,21.0,22.0,22.0,22.0,23.0,23.0,23.0,23.0,23.0,24.0,24.0,24.0,25.0,25.0,25.0,25.0,26.0,26.0,26.0,26.0,27.0,27.0,27.0,28.0,28.0,29.0,29.0,29.0,30.0,30.0,31.0,31.0,31.0,32.0,32.0,33.0,33.0,34.0,35.0,36.0,42.0,0.0,1000.5960784554482,1000.705882370472,1000.8039215803146,2000.5333333611488,2000.8901960849762,3000.4156862795353,3000.584313750267,3000.678431391716,3000.772549033165,3001.0,149.32103881835937,156.97142333984374,161.8263702392578,165.71529235839844,169.03768157958984,172.31143798828126,175.79638671875,180.42015075683594,192.1204833984375,346.3693542480469,221.9794,1.0,test_data/Useful/Validation/1.5 inches at 2ft/20241103_115751_068.jpg,352.0,193.0,58.00573464368115
28,0.0,0.0,0.0,0.0,0.0,0.0,0.0,0.0,1.0,2.0,3.0,4.0,4.0,5.0,6.0,6.0,7.0,8.0,9.0,9.0,10.0,10.0,10.0,11.0,11.0,11.0,12.0,12.0,12.0,13.0,13.0,13.0,14.0,14.0,14.0,15.0,15.0,15.0,15.0,16.0,16.0,16.0,17.0,17.0,17.0,18.0,18.0,18.0,18.0,19.0,19.0,19.0,19.0,20.0,20.0,20.0,21.0,21.0,21.0,21.0,22.0,22.0,22.0,22.0,22.350000000000136,23.0,23.0,23.0,24.0,24.0,24.0,24.0,25.0,25.0,25.0,25.0,26.0,26.0,26.0,26.0,27.0,27.0,27.0,28.0,28.0,28.139999999999873,29.0,29.0,30.0,30.0,30.0,31.0,31.0,32.0,32.0,33.0,34.0,35.0,36.00999999999976,44.0,0.0,1000.5960784554482,1000.705882370472,1000.8039215803146,2000.5490196347237,2000.9411764740944,3000.43137255311,3000.5882353186607,3000.678431391716,3000.772549033165,3001.0,149.21141357421874,156.84786987304688,161.80726470947266,165.64247131347656,168.98928833007812,172.26287841796875,175.74008178710938,180.29608154296875,191.92140197753906,346.3630676269531,222.00455,1.0,test_data/Useful/Validation/1.5 inches at 2ft/20241103_115751_069.jpg,362.0,184.0,62.95505357889894
29,0.0,0.0,0.0,0.0,0.0,0.0,0.0,1.0,3.0,3.0,4.0,5.0,5.0,6.0,7.0,7.0,8.0,8.0,9.0,9.0,10.0,10.0,10.0,11.0,11.0,11.0,12.0,12.0,12.0,13.0,13.0,13.0,14.0,14.0,14.0,15.0,15.0,15.0,16.0,16.0,16.0,16.0,17.0,17.0,17.0,18.0,18.0,18.0,18.0,19.0,19.0,19.0,19.0,19.0,20.0,20.0,20.0,21.0,21.0,21.0,21.0,22.0,22.0,22.0,22.0,22.0,23.0,23.0,23.0,24.0,24.0,24.0,24.0,25.0,25.0,25.0,26.0,26.0,26.0,27.0,27.0,27.0,28.0,28.0,28.0,29.0,29.0,30.0,30.0,30.0,30.0,31.0,31.0,32.0,32.0,33.0,34.0,35.0,36.0,44.0,0.0,1000.6000000238419,1000.7098039388657,1000.8078431487083,2000.584313750267,3000.054901961237,3000.4431372582912,3000.5921568870544,3000.6823529601097,3000.7764706015587,3001.0,149.3092041015625,156.87371826171875,161.7045440673828,165.5795135498047,168.9630889892578,172.21299743652344,175.73345947265625,180.38611450195313,191.96023559570312,346.3672180175781,222.21162,1.0,test_data/Useful/Validation/1.5 inches at 2ft/20241103_115751_070.jpg,362.0,193.0,54.898604204752694
30,0.0,0.0,0.0,0.0,0.0,0.0,0.0,0.0,1.0,2.0,3.0,3.0,4.0,4.0,5.0,6.0,7.0,7.0,8.0,8.0,9.0,10.0,10.0,10.0,11.0,11.0,11.0,12.0,12.0,13.0,13.0,13.0,13.0,14.0,14.0,14.0,15.0,15.0,15.0,15.0,16.0,16.0,16.0,17.0,17.0,17.0,17.0,18.0,18.0,18.0,18.0,19.0,19.0,19.0,19.0,20.0,20.0,20.0,20.0,21.0,21.0,21.0,22.0,22.0,22.0,22.0,22.0,23.0,23.0,23.0,24.0,24.0,24.0,24.0,25.0,25.0,25.0,26.0,26.0,26.0,27.0,27.0,27.0,28.0,28.0,28.0,29.0,29.0,29.0,30.0,30.0,31.0,31.0,32.0,32.0,33.0,34.0,35.0,37.0,43.0,0.0,1000.6078431606293,1000.7176470756531,1000.8235294222832,2000.6745098233223,3000.1568627506495,3000.470588237047,3000.596078455448,3000.6823529601097,3000.7764706015587,3001.0,149.60526580810546,157.14970703125,161.95697479248048,165.82024841308595,169.17144775390625,172.40986328125,175.92874755859376,180.47618713378907,191.75344543457032,346.3504638671875,221.97757,1.0,test_data/Useful/Validation/1.5 inches at 2ft/20241103_115751_076.jpg,367.0,190.0,56.699568578730876
31,0.0,0.0,0.0,0.0,0.0,0.0,0.0,1.0,2.0,3.0,4.0,4.0,5.0,6.0,6.0,7.0,7.0,8.0,9.0,9.0,10.0,10.0,10.0,11.0,11.0,11.0,12.0,12.0,12.0,13.0,13.0,13.0,14.0,14.0,14.0,15.0,15.0,15.0,16.0,16.0,16.0,16.0,17.0,17.0,17.0,17.0,18.0,18.0,18.0,18.0,19.0,19.0,19.0,20.0,20.0,20.0,20.0,21.0,21.0,21.0,21.0,22.0,22.0,22.0,23.0,23.0,23.0,23.0,23.0,24.0,24.0,24.0,24.269999999999982,25.0,25.0,25.0,26.0,26.0,26.0,27.0,27.0,27.0,27.0,28.0,28.0,28.0,29.0,29.0,30.0,30.0,30.0,31.0,31.0,32.0,32.0,33.0,34.0,35.0,37.0,44.0,0.0,1000.6078431606293,1000.7176470756531,1000.8274509906769,2000.6941176652908,3000.1803921610117,3000.474509805441,3000.600000023842,3000.6823529601097,3000.7803921699524,3001.0,149.83885192871094,157.47284240722655,162.40994720458986,166.31536254882812,169.65000915527344,172.91845703125,176.4016571044922,180.8734130859375,191.99420166015625,346.3400573730469,221.86063,1.0,test_data/Useful/Validation/1.5 inches at 2ft/20241103_115751_077.jpg,354.0,199.0,56.05306772755664
32,0.0,0.0,0.0,0.0,0.0,1.0,1.0,2.0,3.0,3.0,4.0,5.0,6.0,6.0,7.0,8.0,8.0,9.0,9.0,10.0,10.0,10.0,11.0,11.0,11.75,12.0,12.0,12.0,13.0,13.0,13.0,14.0,14.0,14.0,15.0,15.0,15.0,16.0,16.0,16.0,16.0,17.0,17.0,17.0,18.0,18.0,18.0,18.0,19.0,19.0,19.0,19.0,20.0,20.0,20.0,20.0,20.0,21.0,21.0,21.0,22.0,22.0,22.0,22.0,23.0,23.0,23.0,23.0,24.0,24.0,24.0,25.0,25.0,25.0,26.0,26.0,26.0,26.0,27.0,27.0,27.0,27.0,28.0,28.0,28.0,29.0,29.0,29.0,30.0,30.0,31.0,31.0,32.0,32.0,33.0,34.0,34.0,35.0,37.0,42.0,0.0,1000.6078431606293,1000.7215686440468,1000.839215695858,2000.705882370472,3000.1725490242243,3000.474509805441,3000.596078455448,3000.6862745285034,3000.7803921699524,3001.0,149.7587890625,157.3994354248047,162.37033081054688,166.18429565429688,169.54556274414062,172.85537719726562,176.33236694335938,180.8804168701172,191.62635803222656,346.3554382324219,221.80057,1.0,test_data/Useful/Validation/1.5 inches at 2ft/20241103_115751_078.jpg,364.0,199.0,62.43150273063588
33,0.0,0.0,0.0,0.0,0.0,0.0,0.0,1.0,1.0,2.9000000000000057,3.0,4.0,5.0,5.0,6.0,7.0,7.0,8.0,8.0,9.0,9.0,10.0,10.0,10.0,11.0,11.0,12.0,12.0,12.0,13.0,13.0,13.0,14.0,14.0,14.0,15.0,15.0,15.0,15.0,16.0,16.0,16.0,16.569999999999936,17.0,17.0,17.0,17.0,18.0,18.0,18.0,19.0,19.0,19.0,19.0,20.0,20.0,20.0,20.0,21.0,21.0,21.0,21.0,22.0,22.0,22.0,22.0,23.0,23.0,23.0,23.0,24.0,24.0,24.0,25.0,25.0,25.0,25.0,26.0,26.0,26.0,26.0,27.0,27.0,27.0,28.0,28.0,28.0,29.0,29.0,30.0,30.0,31.0,31.0,32.0,32.0,33.0,34.0,35.0,36.0,45.0,0.0,1000.6078431606293,1000.7176470756531,1000.8274509906769,2000.7019608020782,3000.188235297799,3000.4823529422283,3000.600000023842,3000.6862745285034,3000.7803921699524,3001.0,149.42010498046875,157.0765838623047,162.0141586303711,165.86139526367188,169.21395874023438,172.50686645507812,176.01681518554688,180.47422790527344,191.6814422607422,346.34930419921875,221.93127,1.0,test_data/Useful/Validation/1.5 inches at 2ft/20241103_115751_079.jpg,387.0,209.0,56.865664878003834
34,0.0,0.0,0.0,0.0,0.0,0.0,1.0,1.0,2.0,3.0,4.0,5.0,5.0,6.0,7.0,7.0,8.0,8.0,9.0,9.0,10.0,10.0,11.0,11.0,11.0,12.0,12.0,12.0,12.0,13.0,13.0,13.0,14.0,14.0,14.0,14.0,15.0,15.0,15.0,16.0,16.0,16.0,16.0,16.559999999999945,17.0,17.0,17.0,18.0,18.0,18.0,18.0,19.0,19.0,19.0,20.0,20.0,20.0,20.0,21.0,21.0,21.0,22.0,22.0,22.0,22.0,22.0,23.0,23.0,23.0,24.0,24.0,24.0,24.0,25.0,25.0,25.0,26.0,26.0,26.0,27.0,27.0,27.0,27.0,28.0,28.0,28.0,29.0,29.0,29.0,30.0,30.0,31.0,31.0,32.0,32.0,33.0,34.0,35.0,36.0,42.0,0.0,1000.6039215922356,1000.7176470756531,1000.8274509906769,2000.6941176652908,3000.164705887437,3000.474509805441,3000.600000023842,3000.6823529601097,3000.7764706015587,3001.0,149.55845642089844,157.19110107421875,162.10054473876954,165.9451416015625,169.31964874267578,172.55890808105468,176.05076751708984,180.5613555908203,191.7525634765625,346.3390808105469,221.49641,1.0,test_data/Useful/Validation/1.5 inches at 2ft/20241103_115751_080.jpg,366.0,201.0,57.93231188005945
35,0.0,0.0,0.0,0.0,0.0,0.0,1.0,1.0,2.0,3.0,3.0,4.0,5.0,5.0,6.0,6.0,7.0,8.0,8.0,8.0,9.0,10.0,10.0,10.0,10.0,11.0,11.0,11.0,12.0,12.0,12.0,13.0,13.0,13.0,14.0,14.0,14.0,14.0,15.0,15.0,15.0,15.0,16.0,16.0,16.0,17.0,17.0,17.0,17.0,18.0,18.0,18.0,18.0,19.0,19.0,19.0,19.0,20.0,20.0,21.0,21.0,21.0,21.0,22.0,22.0,22.0,22.0,23.0,23.0,23.0,23.0,24.0,24.0,24.0,24.25,25.0,25.0,25.0,26.0,26.0,26.0,27.0,27.0,27.0,27.0,28.0,28.0,29.0,29.0,29.0,30.0,30.0,31.0,31.0,32.0,33.0,34.0,35.0,36.0,40.0,0.0,1000.6000000238419,1000.7137255072594,1000.8235294222832,2000.6705882549286,3000.133333340287,3000.4509803950787,3000.5921568870544,3000.678431391716,3000.7764706015587,3001.0,149.22678985595704,157.12628173828125,162.050537109375,165.83768310546876,169.1888656616211,172.46923217773437,175.93753662109376,180.41712036132813,191.37457275390625,346.32965087890625,221.69711,1.0,test_data/Useful/Validation/1.5 inches at 2ft/20241103_115751_086.jpg,364.0,202.0,57.441729406250076
36,0.0,0.0,0.0,0.0,0.0,0.0,0.0,1.0,2.0,3.0,3.8899999999999864,4.0,5.0,6.0,6.0,7.0,7.830000000000041,8.0,8.0,9.0,9.0,10.0,10.0,10.0,11.0,11.0,11.0,11.0,12.0,12.0,12.0,12.0,13.0,13.0,13.0,14.0,14.0,14.0,14.0,14.600000000000023,15.0,15.0,15.0,15.559999999999945,16.0,16.0,16.0,17.0,17.0,17.0,18.0,18.0,18.0,18.0,19.0,19.0,19.0,19.0,20.0,20.0,20.0,20.37999999999988,21.0,21.0,21.0,22.0,22.0,22.0,23.0,23.0,23.0,23.0,24.0,24.0,24.0,24.0,25.0,25.0,25.0,26.0,26.0,26.0,26.0,27.0,27.0,28.0,28.0,28.0,29.0,29.0,29.0,30.0,30.0,31.0,32.0,33.0,34.0,35.0,36.0,43.0,0.0,1000.6000000238419,1000.7098039388657,1000.8156862854958,2000.6431372761726,3000.113725490868,3000.4509803950787,3000.5921568870544,3000.678431391716,3000.772549033165,3001.0,148.6976776123047,156.4834747314453,161.39816284179688,165.22874145507814,168.64466094970703,171.93116455078126,175.43761291503904,180.05523986816408,191.40621948242188,346.3367004394531,221.80168,1.0,test_data/Useful/Validation/1.5 inches at 2ft/20241103_115751_087.jpg,369.0,202.0,63.34041632271493
37,0.0,0.0,0.0,0.0,0.0,0.0,1.0,1.0,3.0,3.0,4.0,5.0,5.0,6.0,7.0,7.0,8.0,8.0,9.0,9.0,9.0,10.0,10.0,10.0,11.0,11.0,11.0,12.0,12.0,12.0,13.0,13.0,13.0,13.0,14.0,14.0,14.0,15.0,15.0,15.0,15.0,16.0,16.0,17.0,17.0,17.0,17.0,17.0,18.0,18.0,18.0,19.0,19.0,19.0,19.0,20.0,20.0,20.0,21.0,21.0,21.0,21.0,21.0,22.0,22.0,22.0,23.0,23.0,23.0,24.0,24.0,24.0,24.0,25.0,25.0,25.0,26.0,26.0,26.0,26.0,27.0,27.0,27.0,28.0,28.0,28.0,29.0,29.0,29.0,30.0,30.0,31.0,31.0,32.0,32.0,33.0,34.0,34.0,36.0,43.0,0.0,1000.6000000238419,1000.7137255072594,1000.8235294222832,2000.6705882549286,3000.1450980454683,3000.458823531866,3000.5921568870544,3000.678431391716,3000.7764706015587,3001.0,149.71017456054688,157.22894287109375,162.02896118164062,165.880859375,169.2552947998047,172.52418518066406,176.02099609375,180.41925048828125,191.46072845458986,346.33648681640625,221.81206,1.0,test_data/Useful/Validation/1.5 inches at 2ft/20241103_115751_088.jpg,356.0,201.0,54.23649084672048
38,0.0,0.0,0.0,0.0,0.0,0.0,0.0,1.0,1.0,2.0,3.0,4.0,4.0,5.0,6.0,6.0,7.0,8.0,8.0,8.800000000000011,9.0,10.0,10.0,10.0,11.0,11.0,11.0,11.0,12.0,12.0,12.0,13.0,13.0,13.0,14.0,14.0,14.0,14.0,15.0,15.0,15.0,16.0,16.0,16.0,17.0,17.0,17.0,17.0,18.0,18.0,18.0,19.0,19.0,19.0,19.0,20.0,20.0,20.0,20.0,21.0,21.0,21.0,22.0,22.0,22.0,22.0,22.0,23.0,23.0,23.0,24.0,24.0,24.0,24.0,25.0,25.0,25.0,25.0,26.0,26.0,26.0,27.0,27.0,27.0,28.0,28.0,29.0,29.0,29.0,30.0,30.0,30.079999999999927,31.0,32.0,32.0,33.0,34.0,35.0,36.0,41.0,0.0,1000.6000000238419,1000.7098039388657,1000.8235294222832,2000.678431391716,3000.149019613862,3000.458823531866,3000.5921568870544,3000.678431391716,3000.7764706015587,3001.0,149.59442138671875,157.35457763671874,162.22068786621094,166.0011993408203,169.32654571533203,172.57552490234374,176.09469604492188,180.51699829101562,191.46751403808594,346.33245849609375,222.11078,1.0,test_data/Useful/Validation/1.5 inches at 2ft/20241103_115751_089.jpg,355.0,203.0,57.895792745251946
39,0.0,0.0,0.0,0.0,0.0,0.0,0.0,1.0,1.0,2.9000000000000057,3.0,4.0,5.0,6.0,7.0,7.0,8.0,8.0,9.0,9.0,10.0,10.0,10.0,10.0,11.0,11.0,11.0,12.0,12.0,12.0,13.0,13.0,13.0,14.0,14.0,14.0,14.0,15.0,15.0,15.0,15.0,16.0,16.0,16.0,17.0,17.0,17.0,17.0,18.0,18.0,18.0,18.480000000000018,19.0,19.0,19.0,20.0,20.0,20.0,20.0,21.0,21.0,21.0,21.0,22.0,22.0,22.0,23.0,23.0,23.0,23.0,24.0,24.0,24.0,25.0,25.0,25.0,26.0,26.0,26.0,26.0,27.0,27.0,27.0,27.159999999999854,28.0,28.0,29.0,29.0,30.0,30.0,30.0,31.0,31.0,32.0,33.0,33.0,34.0,35.0,36.00999999999976,42.0,0.0,1000.5960784554482,1000.7098039388657,1000.8235294222832,2000.6627451181412,3000.1411764770746,3000.4549019634724,3000.5921568870544,3000.678431391716,3000.7764706015587,3001.0,149.82806854248048,157.43292846679688,162.28759765625,166.1761474609375,169.51270294189453,172.74058532714844,176.210693359375,180.7189453125,191.64580535888672,346.3262634277344,221.64603,1.0,test_data/Useful/Validation/1.5 inches at 2ft/20241103_115751_090.jpg,358.0,202.0,62.54726354886282
40,0.0,0.0,0.0,0.0,2.0,3.0,4.0,5.0,6.0,6.0,7.0,8.0,8.0,9.0,10.0,10.0,11.0,11.0,11.0,12.0,12.0,13.0,13.0,13.0,14.0,14.0,15.0,15.0,15.0,16.0,16.0,17.0,17.0,17.0,17.0,18.0,18.0,18.0,19.0,19.0,19.0,19.0,20.0,20.0,20.0,21.0,21.0,21.0,22.0,22.0,22.0,22.0,22.0,23.0,23.0,23.0,23.0,24.0,24.0,24.0,24.0,25.0,25.0,25.0,25.0,26.0,26.0,26.0,26.0,27.0,27.0,27.0,27.0,28.0,28.0,28.0,28.0,29.0,29.0,29.0,30.0,30.0,30.0,31.0,31.0,31.0,32.0,32.0,32.0,33.0,33.0,34.0,34.0,34.0,35.0,35.0,36.0,37.0,38.0,42.0,24.0,1000.6352941393852,1000.7803921699524,2000.2509804069996,2000.9137254953384,3000.376470595598,3000.54509806633,3000.6431372761726,3000.7254902124405,3000.827450990677,3001.0,151.28492584228516,158.95205688476562,163.8691864013672,167.6712188720703,171.01763153076172,174.28648071289064,177.78892517089844,182.25048828125,192.9041290283203,346.3968505859375,222.43268,1.0,test_data/Useful/Validation/1.5 inches at 2ft/20241103_115832_011.jpg,326.0,176.0,63.1520993646971
41,0.0,0.0,0.0,0.0,0.0,1.0,2.0,3.0,4.0,5.900000000000006,6.0,7.0,7.0,8.0,9.0,9.840000000000032,10.0,11.0,11.0,12.0,12.0,13.0,13.0,13.0,13.0,14.0,14.0,14.0,15.0,15.0,15.0,16.0,16.0,16.0,17.0,17.0,17.0,18.0,18.0,18.0,19.0,19.0,19.0,19.0,20.0,20.0,20.0,21.0,21.0,21.0,22.0,22.0,22.0,22.0,22.0,23.0,23.0,23.0,23.0,24.0,24.0,24.0,25.0,25.0,25.0,25.0,25.0,26.0,26.0,26.0,26.0,27.0,27.0,27.0,27.0,28.0,28.0,28.0,28.0,29.0,29.0,29.0,29.0,30.0,30.0,30.0,31.0,31.0,31.0,32.0,32.0,33.0,33.0,34.0,34.0,35.0,36.0,36.0,37.0,43.0,0.0,1000.6352941393852,1000.7803921699524,2000.3294117748737,2000.9019607901573,3000.3725490272045,3000.54509806633,3000.639215707779,3000.7254902124405,3000.823529422283,3001.0,151.1560852050781,158.80006408691406,163.7435760498047,167.58245849609375,170.9559326171875,174.26068115234375,177.73532104492188,182.14197998046876,192.76754760742188,346.39764404296875,222.54059,1.0,test_data/Useful/Validation/1.5 inches at 2ft/20241103_115832_012.jpg,365.0,188.0,58.389376633092
42,0.0,0.0,0.0,0.0,1.0,2.0,3.0,4.0,5.0,6.0,6.0,7.0,8.0,9.0,9.0,9.0,10.0,11.0,11.0,11.0,12.0,12.0,13.0,13.0,13.0,14.0,14.0,14.720000000000027,15.0,15.0,16.0,16.0,16.0,16.0,17.0,17.0,17.0,18.0,18.0,18.0,18.0,19.0,19.0,19.0,19.0,20.0,20.0,20.0,21.0,21.0,21.0,21.0,22.0,22.0,22.0,22.0,23.0,23.0,23.0,23.0,23.0,24.0,24.0,24.0,25.0,25.0,25.0,25.0,25.0,26.0,26.0,26.0,26.0,27.0,27.0,27.0,27.0,28.0,28.0,28.0,28.0,29.0,29.0,29.0,30.0,30.0,30.0,31.0,31.0,31.0,32.0,32.0,32.0,33.0,34.0,34.0,35.0,36.0,37.0,44.0,23.0,1000.6431372761726,1000.7921568751335,2000.474509805441,2000.9686274528503,3000.392156869173,3000.5529412031174,3000.6431372761726,3000.7254902124405,3000.827450990677,3001.0,151.02514953613283,158.69583129882812,163.56085205078125,167.434521484375,170.8461151123047,174.09579467773438,177.58485412597656,182.0206298828125,192.85903930664062,346.39849853515625,222.19225,1.0,test_data/Useful/Validation/1.5 inches at 2ft/20241103_115832_013.jpg,335.0,173.0,59.91242184662746
43,0.0,0.0,0.0,0.0,1.0,2.0,4.0,5.0,6.0,6.0,7.0,8.0,8.0,9.0,10.0,10.0,11.0,11.0,12.0,12.0,12.0,13.0,13.0,14.0,14.0,14.740000000000009,15.0,15.0,15.0,16.0,16.0,16.0,17.0,17.0,17.0,17.0,18.0,18.0,18.0,19.0,19.0,19.0,20.0,20.0,20.0,20.0,21.0,21.0,21.0,21.0,22.0,22.0,22.0,22.0,23.0,23.0,23.0,23.0,24.0,24.0,24.0,24.0,24.0,25.0,25.0,25.0,25.0,25.0,26.0,26.0,26.0,26.0,27.0,27.0,27.0,27.0,28.0,28.0,28.0,28.0,29.0,29.0,29.0,30.0,30.0,30.0,30.0,31.0,31.0,31.0,32.0,32.0,33.0,33.0,34.0,35.0,35.0,36.0,37.00999999999976,43.0,26.0,1000.6470588445663,1000.7960784435272,2000.5411764979362,3000.043137256056,3000.407843142748,3000.556862771511,3000.6470588445663,3000.7254902124405,3000.827450990677,3001.0,151.0517547607422,158.71458435058594,163.5795440673828,167.45883483886718,170.84033203125,174.07150268554688,177.49530029296875,181.9878387451172,192.7108612060547,346.3963623046875,222.29858,1.0,test_data/Useful/Validation/1.5 inches at 2ft/20241103_115832_014.jpg,352.0,208.0,64.18216795477619
44,0.0,0.0,0.0,0.0,1.0,2.0,3.0,4.0,5.0,5.0,6.0,7.0,8.0,9.0,9.0,10.0,10.0,11.0,11.0,12.0,12.0,12.0,13.0,13.0,13.0,14.0,14.0,14.0,15.0,15.0,15.0,16.0,16.0,16.0,17.0,17.0,17.0,18.0,18.0,18.0,18.0,19.0,19.0,19.0,20.0,20.0,20.0,20.0,20.0,21.0,21.0,21.0,22.0,22.0,22.0,22.0,23.0,23.0,23.0,23.0,24.0,24.0,24.0,24.0,25.0,25.0,25.0,25.0,26.0,26.0,26.0,26.0,27.0,27.0,27.0,27.0,27.230000000000018,28.0,28.0,28.0,29.0,29.0,29.0,30.0,30.0,30.0,30.0,31.0,31.0,32.0,32.0,32.0,33.0,33.0,34.0,34.0,35.0,35.0,37.0,42.0,27.0,1000.65098041296,1000.8000000119209,2000.584313750267,3000.1294117718935,3000.43137255311,3000.568627476692,3000.6549019813538,3000.733333349228,3000.827450990677,3001.0,150.60318298339843,158.36336975097657,163.18261108398437,167.00787353515625,170.43043518066406,173.68695068359375,177.20693969726562,181.70265197753906,192.7210693359375,346.3855285644531,222.55292,1.0,test_data/Useful/Validation/1.5 inches at 2ft/20241103_115832_015.jpg,363.0,186.0,58.806397674676774
45,0.0,0.0,0.0,0.0,1.0,1.0,2.0,3.0,4.0,5.0,6.0,6.8799999999999955,7.0,8.0,9.0,9.0,10.0,10.0,11.0,11.0,11.0,12.0,12.0,12.0,13.0,13.0,13.0,14.0,14.0,14.0,15.0,15.0,15.0,16.0,16.0,16.0,16.0,17.0,17.0,17.0,17.0,18.0,18.0,18.0,18.0,19.0,19.0,19.0,20.0,20.0,20.0,20.0,21.0,21.0,21.0,21.0,22.0,22.0,22.0,22.0,23.0,23.0,23.0,23.0,23.350000000000136,24.0,24.0,24.0,25.0,25.0,25.0,25.0,26.0,26.0,26.0,26.0,27.0,27.0,27.0,27.0,28.0,28.0,28.0,28.0,29.0,29.0,29.0,30.0,30.0,31.0,31.0,31.0,32.0,32.0,33.0,34.0,34.0,35.0,37.0,43.0,0.0,1000.678431391716,1000.8470588326454,2000.7921568751335,3000.286274522543,3000.4901960790157,3000.596078455448,3000.6705882549286,3000.7411764860153,3000.827450990677,3001.0,150.30746459960938,157.9283203125,162.72558135986327,166.52156677246094,169.87306213378906,173.14071044921874,176.697265625,181.1964111328125,192.4578857421875,346.3931579589844,222.48105,1.0,test_data/Useful/Validation/1.5 inches at 2ft/20241103_115832_021.jpg,373.0,211.0,63.057382154564316
46,0.0,0.0,0.0,0.0,0.0,0.0,1.0,2.0,3.0,4.0,5.0,5.0,6.0,7.0,7.0,8.0,9.0,9.0,10.0,10.0,11.0,11.0,11.769999999999982,12.0,12.0,13.0,13.0,13.0,14.0,14.0,14.0,15.0,15.0,15.0,16.0,16.0,16.0,17.0,17.0,17.0,17.0,18.0,18.0,18.0,18.0,19.0,19.0,19.0,19.0,20.0,20.0,20.0,21.0,21.0,21.0,21.0,22.0,22.0,22.0,22.0,23.0,23.0,23.0,23.0,23.0,24.0,24.0,24.0,24.0,25.0,25.0,25.0,26.0,26.0,26.0,26.0,27.0,27.0,27.0,27.200000000000045,28.0,28.0,28.0,29.0,29.0,29.0,30.0,30.0,30.0,31.0,31.0,32.0,32.0,32.0,33.0,33.0,34.0,35.0,37.0,42.0,0.0,1000.6823529601097,1000.8588235378265,2000.8156862854958,3000.298039227724,3000.4941176474094,3000.596078455448,3000.6705882549286,3000.7411764860153,3000.8313725590706,3001.0,150.31224060058594,157.95716857910156,162.871826171875,166.7263641357422,170.06961059570312,173.3186492919922,176.8404098510742,181.41607360839845,192.36907958984375,346.3874816894531,222.27058,1.0,test_data/Useful/Validation/1.5 inches at 2ft/20241103_115832_022.jpg,374.0,206.0,65.69664390013699
47,0.0,0.0,0.0,0.0,0.0,0.0,1.0,2.0,3.0,4.0,5.0,5.0,6.0,7.0,7.0,8.0,9.0,9.0,10.0,10.0,10.0,11.0,11.0,12.0,12.0,12.0,13.0,13.0,13.0,14.0,14.0,14.0,15.0,15.0,15.0,16.0,16.0,16.0,17.0,17.0,17.0,17.0,18.0,18.0,18.0,19.0,19.0,19.0,19.0,20.0,20.0,20.0,20.470000000000027,21.0,21.0,21.0,21.0,22.0,22.0,22.0,22.389999999999873,23.0,23.0,23.0,23.0,24.0,24.0,24.0,25.0,25.0,25.0,25.0,26.0,26.0,26.0,26.0,27.0,27.0,27.0,28.0,28.0,28.0,28.0,29.0,29.0,29.0,30.0,30.0,30.110000000000127,31.0,31.0,32.0,32.0,32.059999999999945,33.0,34.0,35.0,35.01999999999998,37.0,44.0,0.0,1000.6823529601097,1000.8509804010391,2000.8078431487083,3000.2901960909367,3000.4901960790157,3000.596078455448,3000.666666686535,3000.7411764860153,3000.827450990677,3001.0,150.32594146728516,157.95237426757814,162.8096923828125,166.6066131591797,170.0322723388672,173.24461364746094,176.74554748535155,181.28012084960938,192.37045288085938,346.39300537109375,222.05264,1.0,test_data/Useful/Validation/1.5 inches at 2ft/20241103_115832_023.jpg,357.0,206.0,58.935451068926014
48,0.0,0.0,0.0,0.0,0.0,1.0,2.0,2.0,3.0,4.0,5.0,6.0,6.0,7.0,8.0,8.0,9.0,9.819999999999993,10.0,10.0,11.0,11.0,11.769999999999982,12.0,12.0,12.0,13.0,13.0,14.0,14.0,14.0,15.0,15.0,15.0,15.0,16.0,16.0,16.0,16.0,17.0,17.0,17.0,18.0,18.0,18.0,18.0,19.0,19.0,19.0,19.0,20.0,20.0,20.0,20.0,21.0,21.0,21.0,21.419999999999845,22.0,22.0,22.0,22.0,23.0,23.0,23.0,23.0,24.0,24.0,24.0,24.0,25.0,25.0,25.0,25.0,26.0,26.0,26.0,26.0,27.0,27.0,27.0,28.0,28.0,28.0,28.0,29.0,29.0,30.0,30.0,31.0,31.0,31.0,32.0,32.0,33.0,33.0,34.0,35.0,37.0,42.0,0.0,1000.678431391716,1000.8549019694328,2000.8039215803146,3000.286274522543,3000.4901960790157,3000.596078455448,3000.666666686535,3000.7372549176216,3000.827450990677,3001.0,149.92757568359374,157.609716796875,162.5104553222656,166.4077606201172,169.75694274902344,172.97994995117188,176.4708679199219,181.01458129882812,192.369140625,346.38983154296875,222.17467,1.0,test_data/Useful/Validation/1.5 inches at 2ft/20241103_115832_024.jpg,370.0,205.0,58.83895058816388
49,0.0,0.0,0.0,0.0,0.0,0.0,1.0,2.0,3.0,3.0,4.0,5.0,6.0,6.0,7.0,8.0,9.0,9.0,10.0,10.0,10.0,11.0,11.0,12.0,12.0,12.0,13.0,13.0,13.0,13.0,14.0,14.0,14.0,15.0,15.0,15.0,15.629999999999995,16.0,16.0,17.0,17.0,17.0,17.569999999999936,18.0,18.0,18.0,19.0,19.0,19.0,19.0,20.0,20.0,20.0,20.0,21.0,21.0,21.0,21.0,22.0,22.0,22.0,22.0,23.0,23.0,23.0,24.0,24.0,24.0,24.0,24.299999999999955,25.0,25.0,25.0,25.25999999999999,26.0,26.0,26.0,26.0,27.0,27.0,27.0,28.0,28.0,28.0,28.0,29.0,29.0,30.0,30.0,30.0,31.0,31.0,32.0,32.0,33.0,34.0,34.0,35.0,37.0,42.0,0.0,1000.6745098233223,1000.8431372642517,2000.7882353067398,3000.2627451121807,3000.474509805441,3000.584313750267,3000.662745118141,3000.733333349228,3000.827450990677,3001.0,150.38734436035156,158.0260009765625,162.83953857421875,166.65863342285158,170.046142578125,173.33103942871094,176.7827606201172,181.278076171875,192.04849243164062,346.3796691894531,222.08444,1.0,test_data/Useful/Validation/1.5 inches at 2ft/20241103_115832_025.jpg,331.0,180.0,54.21808384358604
50,0.0,0.0,0.0,0.0,0.0,0.0,0.9300000000000068,1.0,2.0,3.0,4.0,5.0,5.0,6.0,7.0,7.0,8.0,8.0,9.0,9.0,10.0,10.0,11.0,11.0,11.0,12.0,12.0,12.0,12.0,13.0,13.0,13.0,14.0,14.0,14.0,15.0,15.0,15.0,15.0,16.0,16.0,16.0,17.0,17.0,17.0,17.0,18.0,18.0,18.0,18.0,19.0,19.0,19.0,20.0,20.0,20.0,20.0,21.0,21.0,21.0,22.0,22.0,22.0,22.0,23.0,23.0,23.0,23.0,24.0,24.0,24.0,24.0,25.0,25.0,25.0,26.0,26.0,26.0,26.0,27.0,27.0,27.0,28.0,28.0,28.0,29.0,29.0,29.0,30.0,30.0,31.0,31.0,32.0,32.0,33.0,33.0,34.0,35.0,37.0,43.0,0.0,1000.6549019813538,1000.7960784435272,2000.65098041296,3000.1529411822557,3000.4274509847164,3000.560784339905,3000.6431372761726,3000.717647075653,3000.8078431487083,3001.0,149.38219451904297,157.1047607421875,161.99923706054688,165.78553771972656,169.16867065429688,172.41812133789062,175.91708374023438,180.4781494140625,191.54693603515625,346.3731689453125,221.90228,1.0,test_data/Useful/Validation/1.5 inches at 2ft/20241103_115832_031.jpg,355.0,202.0,61.652269777332
51,0.0,0.0,0.0,0.0,0.0,0.0,1.0,2.0,3.0,3.0,4.0,5.0,5.0,6.0,6.849999999999966,7.0,8.0,8.0,9.0,9.0,10.0,10.0,10.0,11.0,11.0,11.0,12.0,12.0,12.0,13.0,13.0,13.0,14.0,14.0,14.0,15.0,15.0,15.0,15.0,16.0,16.0,16.0,17.0,17.0,17.0,17.0,18.0,18.0,18.0,19.0,19.0,19.0,19.0,20.0,20.0,20.0,20.0,21.0,21.0,21.0,22.0,22.0,22.0,22.0,23.0,23.0,23.0,23.0,24.0,24.0,24.0,24.0,25.0,25.0,25.0,25.0,26.0,26.0,26.0,27.0,27.0,27.0,28.0,28.0,28.0,28.0,29.0,29.0,30.0,30.0,30.0,31.0,31.0,32.0,32.0,33.0,34.0,35.0,37.0,40.0,0.0,1000.6470588445663,1000.7882353067398,2000.6078431606293,3000.133333340287,3000.419607847929,3000.556862771511,3000.639215707779,3000.7137255072594,3000.8078431487083,3001.0,149.693359375,157.25335693359375,162.15722198486327,166.005615234375,169.34588623046875,172.58470153808594,176.07720947265625,180.63015747070312,191.62301635742188,346.3670654296875,221.61597,1.0,test_data/Useful/Validation/1.5 inches at 2ft/20241103_115832_032.jpg,365.0,211.0,62.86306743882868
52,0.0,0.0,0.0,0.0,0.0,0.0,1.0,2.0,3.0,3.0,4.0,5.0,5.0,6.0,7.0,7.0,8.0,8.0,9.0,9.0,10.0,10.0,10.0,11.0,11.0,11.0,11.0,12.0,12.0,12.699999999999932,13.0,13.0,13.0,14.0,14.0,14.0,15.0,15.0,15.0,15.0,16.0,16.0,17.0,17.0,17.0,17.0,18.0,18.0,18.0,19.0,19.0,19.0,19.0,20.0,20.0,20.0,21.0,21.0,21.0,21.0,22.0,22.0,22.0,22.0,23.0,23.0,23.0,23.0,24.0,24.0,24.0,24.0,25.0,25.0,25.0,26.0,26.0,26.0,26.0,27.0,27.0,27.0,28.0,28.0,28.0,29.0,29.0,29.0,30.0,30.0,31.0,31.0,32.0,32.0,32.04999999999973,33.0,34.0,35.0,37.0,43.0,0.0,1000.6431372761726,1000.7803921699524,2000.5803921818733,3000.1215686276555,3000.419607847929,3000.556862771511,3000.639215707779,3000.7137255072594,3000.8078431487083,3001.0,149.38990478515626,157.0596466064453,161.94822692871094,165.8257293701172,169.2264404296875,172.5067138671875,175.95623779296875,180.45980834960938,191.61293029785156,346.37115478515625,222.00961,1.0,test_data/Useful/Validation/1.5 inches at 2ft/20241103_115832_033.jpg,350.0,200.0,62.348329511588254
53,0.0,0.0,0.0,0.0,0.0,1.0,1.0,2.0,3.0,4.0,4.0,5.0,6.0,6.0,7.0,7.0,8.0,8.0,9.0,9.0,10.0,10.0,10.0,11.0,11.0,11.0,12.0,12.0,12.0,13.0,13.0,13.0,14.0,14.0,14.0,14.0,15.0,15.0,15.0,15.0,16.0,16.0,16.0,17.0,17.0,17.0,18.0,18.0,18.0,18.0,19.0,19.0,19.0,19.0,20.0,20.0,20.0,20.0,21.0,21.0,21.0,21.0,22.0,22.0,22.0,23.0,23.0,23.0,23.0,23.0,24.0,24.0,24.0,24.0,25.0,25.0,25.0,25.0,26.0,26.0,26.0,27.0,27.0,27.0,28.0,28.0,28.0,29.0,29.0,30.0,30.0,31.0,31.0,32.0,32.0,33.0,34.0,35.0,37.0,42.0,0.0,1000.6392157077789,1000.7686274647713,2000.4901960790157,2000.9843137264252,3000.3960784375668,3000.5490196347237,3000.635294139385,3000.7098039388657,3000.800000011921,3001.0,148.95641632080077,156.65321350097656,161.53240966796875,165.35629272460938,168.7210235595703,171.96539306640625,175.46585083007812,180.11251831054688,191.45980834960938,346.3663024902344,221.70615,1.0,test_data/Useful/Validation/1.5 inches at 2ft/20241103_115832_034.jpg,359.0,209.0,54.62028629415359
54,0.0,0.0,0.0,0.0,0.0,0.0,0.0,1.0,2.0,3.0,3.0,4.0,5.0,5.0,6.0,7.0,7.0,8.0,9.0,9.0,10.0,10.0,10.0,11.0,11.0,11.0,12.0,12.0,12.0,13.0,13.0,13.0,14.0,14.0,14.0,14.0,15.0,15.0,15.0,16.0,16.0,16.0,17.0,17.0,17.0,17.0,18.0,18.0,18.0,18.0,19.0,19.0,19.0,20.0,20.0,20.0,20.0,21.0,21.0,21.0,21.0,21.0,22.0,22.0,22.0,23.0,23.0,23.0,23.0,24.0,24.0,24.0,24.0,25.0,25.0,25.0,25.0,26.0,26.0,26.0,27.0,27.0,27.0,27.159999999999854,28.0,28.0,28.0,29.0,29.0,29.09999999999991,30.0,30.0,31.0,32.0,32.0,33.0,34.0,35.0,37.0,41.0,0.0,1000.6352941393852,1000.7686274647713,2000.4549019634724,2000.9568627476692,3000.392156869173,3000.5490196347237,3000.635294139385,3000.7098039388657,3000.800000011921,3001.0,148.90440368652344,156.63722229003906,161.5375518798828,165.32020568847656,168.68528747558594,171.96902465820312,175.3949737548828,179.97657470703126,191.555908203125,346.36492919921875,221.98962,1.0,test_data/Useful/Validation/1.5 inches at 2ft/20241103_115832_035.jpg,344.0,186.0,63.72556648915134
55,0.0,0.0,0.0,0.0,0.0,0.0,0.0,0.0,1.0,2.0,3.0,3.0,4.0,5.0,5.0,6.0,7.0,7.0,8.0,8.0,9.0,9.0,9.769999999999982,10.0,10.0,11.0,11.0,11.0,11.0,12.0,12.0,12.0,13.0,13.0,13.0,13.0,14.0,14.0,14.0,14.0,15.0,15.0,15.0,16.0,16.0,16.0,16.0,17.0,17.0,17.0,18.0,18.0,18.0,18.0,19.0,19.0,19.0,19.0,20.0,20.0,20.0,20.37999999999988,21.0,21.0,21.0,22.0,22.0,22.0,22.0,23.0,23.0,23.0,23.0,24.0,24.0,24.0,25.0,25.0,25.0,25.0,26.0,26.0,26.0,27.0,27.0,27.0,28.0,28.0,29.0,29.0,29.090000000000146,30.0,31.0,31.0,32.0,33.0,34.0,34.0,36.0,40.0,0.0,1000.6196078658104,1000.7411764860153,1000.8745098114014,2000.8352941274643,3000.32549020648,3000.5254902243614,3000.623529434204,3000.6980392336845,3000.78823530674,3001.0,147.7055206298828,155.3726348876953,160.21011352539062,164.06932067871094,167.50505828857422,170.7976531982422,174.34738159179688,179.14817810058594,191.21893310546875,346.37127685546875,221.66574,1.0,test_data/Useful/Validation/1.5 inches at 2ft/20241103_115832_041.jpg,342.0,205.0,65.12324062880948
56,0.0,0.0,0.0,0.0,0.0,0.0,0.0,1.0,1.0,2.0,3.0,4.0,4.0,5.0,6.0,6.0,7.0,7.0,8.0,9.0,9.0,10.0,10.0,10.0,11.0,11.0,11.0,12.0,12.0,12.0,12.0,13.0,13.0,13.0,14.0,14.0,14.0,14.0,15.0,15.0,15.0,16.0,16.0,16.0,16.0,17.0,17.0,17.0,17.0,18.0,18.0,18.0,18.0,19.0,19.0,19.0,19.0,20.0,20.0,20.0,20.0,21.0,21.0,21.0,21.0,22.0,22.0,22.0,23.0,23.0,23.0,23.0,24.0,24.0,24.0,24.0,25.0,25.0,25.0,26.0,26.0,26.0,26.0,27.0,27.0,27.0,28.0,28.0,28.0,29.0,29.0,30.0,30.0,31.0,32.0,32.0,33.0,34.0,36.0,41.0,0.0,1000.6156862974167,1000.7372549176216,1000.866666674614,2000.8235294222832,3000.309803932905,3000.517647087574,3000.6196078658104,3000.6980392336845,3000.78823530674,3001.0,148.20706787109376,155.8035888671875,160.72076416015625,164.58091735839844,167.96932983398438,171.2540283203125,174.7488250732422,179.3529052734375,191.2576141357422,346.3749694824219,221.77475,1.0,test_data/Useful/Validation/1.5 inches at 2ft/20241103_115832_042.jpg,333.0,200.0,60.969460189128526
57,0.0,0.0,0.0,0.0,0.0,0.0,0.0,0.0,1.0,1.0,2.0,3.0,4.0,4.0,5.0,5.0,6.0,7.0,7.0,8.0,8.0,9.0,10.0,10.0,10.0,10.0,11.0,11.0,11.0,11.0,12.0,12.0,12.0,13.0,13.0,13.0,13.0,14.0,14.0,14.0,15.0,15.0,15.0,15.0,16.0,16.0,16.0,16.0,17.0,17.0,17.49000000000001,18.0,18.0,18.0,18.0,19.0,19.0,19.0,20.0,20.0,20.0,20.0,21.0,21.0,21.0,21.0,22.0,22.0,22.0,22.0,23.0,23.0,23.0,24.0,24.0,24.0,24.0,25.0,25.0,26.0,26.0,26.0,26.0,27.0,27.0,28.0,28.0,28.0,29.0,29.0,30.0,30.0,31.0,31.0,32.0,33.0,33.029999999999745,34.0,36.0,41.0,0.0,1000.6078431606293,1000.7294117808342,1000.8509804010391,2000.800000011921,3000.2784313857555,3000.505882382393,3000.611764729023,3000.694117665291,3000.784313738346,3001.0,148.08865356445312,155.66598510742188,160.50015258789062,164.30911254882812,167.69760131835938,171.0170135498047,174.52502899169923,179.17149047851564,191.0424041748047,346.36962890625,221.86584,1.0,test_data/Useful/Validation/1.5 inches at 2ft/20241103_115832_043.jpg,351.0,200.0,57.0244968174722
58,0.0,0.0,0.0,0.0,0.0,0.0,0.0,1.0,1.0,2.0,3.0,3.0,4.0,5.0,5.0,6.0,6.0,7.0,7.0,8.0,8.0,9.0,9.0,10.0,10.0,10.0,11.0,11.0,11.0,12.0,12.0,12.0,13.0,13.0,13.0,13.0,14.0,14.0,14.0,15.0,15.0,15.0,15.0,16.0,16.0,16.0,16.0,17.0,17.0,17.0,17.0,18.0,18.0,18.0,18.0,19.0,19.0,19.0,19.0,20.0,20.0,20.0,20.0,21.0,21.0,21.0,22.0,22.0,22.0,22.0,23.0,23.0,23.0,23.0,24.0,24.0,24.0,24.0,25.0,25.0,25.0,26.0,26.0,26.0,27.0,27.0,28.0,28.0,28.0,29.0,29.0,30.0,30.070000000000164,31.0,32.0,33.0,33.0,34.0,35.0,43.0,0.0,1000.611764729023,1000.7254902124405,1000.8470588326454,2000.7921568751335,3000.274509817362,3000.501960813999,3000.611764729023,3000.690196096897,3000.784313738346,3001.0,147.8328598022461,155.4924774169922,160.3617141723633,164.2530975341797,167.6164779663086,170.8389404296875,174.386572265625,178.976025390625,190.94749450683594,346.3734130859375,221.62753,1.0,test_data/Useful/Validation/1.5 inches at 2ft/20241103_115832_044.jpg,356.0,209.0,56.51015288261603
59,0.0,0.0,0.0,0.0,0.0,0.0,0.0,0.0,1.0,1.9000000000000057,3.0,3.0,4.0,5.0,5.0,6.0,6.0,7.0,8.0,8.0,9.0,9.0,10.0,10.0,10.0,10.0,11.0,11.0,11.0,11.0,12.0,12.0,12.0,12.0,13.0,13.0,13.0,14.0,14.0,14.0,15.0,15.0,15.0,15.0,16.0,16.0,16.0,17.0,17.0,17.0,17.0,18.0,18.0,18.0,18.0,19.0,19.0,19.0,19.409999999999854,20.0,20.0,20.0,20.0,21.0,21.0,21.0,21.0,22.0,22.0,22.0,22.289999999999964,23.0,23.0,23.0,24.0,24.0,24.0,24.0,25.0,25.0,25.0,26.0,26.0,26.0,27.0,27.0,28.0,28.0,28.0,29.0,29.0,30.0,30.0,30.0,31.0,32.0,32.0,34.0,36.0,40.0,0.0,1000.6078431606293,1000.7254902124405,1000.8470588326454,2000.7803921699524,3000.258823543787,3000.498039215803,3000.6078431606293,3000.690196096897,3000.7803921699524,3001.0,147.78662109375,155.51890563964844,160.46546936035156,164.2766571044922,167.62924194335938,170.9257354736328,174.4093063354492,179.08648071289062,191.08961334228516,346.3656921386719,221.8354,1.0,test_data/Useful/Validation/1.5 inches at 2ft/20241103_115832_045.jpg,368.0,212.0,59.935994702242354
60,0.0,0.0,0.0,0.0,0.0,0.0,0.0,0.0,0.0,0.0,1.0,1.0,2.0,2.0,3.0,4.0,4.0,5.0,5.0,6.0,6.0,7.0,7.0,8.0,8.0,8.0,9.0,9.0,10.0,10.0,10.0,10.0,11.0,11.0,11.0,11.0,12.0,12.0,12.0,12.0,13.0,13.0,13.0,13.559999999999945,14.0,14.0,14.0,15.0,15.0,15.0,15.0,16.0,16.0,16.0,16.0,17.0,17.0,17.0,17.0,18.0,18.0,18.0,18.0,18.0,19.0,19.0,19.0,20.0,20.0,20.0,20.0,20.0,21.0,21.0,21.0,22.0,22.0,22.0,22.0,23.0,23.0,23.0,24.0,24.0,24.15000000000009,25.0,25.0,25.0,26.0,26.0,27.0,27.0,28.0,28.0,29.0,29.0,30.0,31.0,33.0,38.0,0.0,1000.5764706134796,1000.6823529601097,1000.772549033165,2000.486274510622,2000.8901960849762,3000.4117647111416,3000.5764706134796,3000.662745118141,3000.7490196228027,3001.0,143.52791290283204,151.0757293701172,156.0017547607422,159.88247680664062,163.3826446533203,166.81307983398438,170.54287719726562,175.6856689453125,189.44210815429688,346.3313293457031,221.75179,1.0,test_data/Useful/Validation/1.5 inches at 2ft/20241103_115832_075.jpg,353.0,231.0,55.254014123874285
61,0.0,0.0,0.0,0.0,0.0,0.0,0.0,0.0,0.0,0.0,0.0,0.0,0.0,1.0,2.0,2.0,3.0,4.0,4.0,4.0,5.0,5.0,6.0,6.0,7.0,7.0,8.0,8.0,9.0,9.0,9.0,10.0,10.0,10.0,10.0,10.0,11.0,11.0,11.0,11.0,12.0,12.0,12.0,13.0,13.0,13.0,13.0,14.0,14.0,14.0,15.0,15.0,15.0,15.0,16.0,16.0,16.0,16.0,17.0,17.0,17.0,17.0,18.0,18.0,18.0,18.0,19.0,19.0,19.0,20.0,20.0,20.0,20.0,21.0,21.0,21.0,21.0,22.0,22.0,22.0,23.0,23.0,23.0,23.0,24.0,24.0,24.0,25.0,25.0,26.0,26.0,26.0,27.0,28.0,28.0,29.0,30.0,31.0,33.0,39.0,0.0,1000.5764706134796,1000.678431391716,1000.7647058963776,2000.4431372582912,2000.9215686321259,3000.4235294163227,3000.5803921818733,3000.666666686535,3000.7490196228027,3001.0,142.2242889404297,149.81057739257812,154.812255859375,158.75314331054688,162.34030151367188,165.77969360351562,169.70114135742188,175.03846740722656,189.43727111816406,346.33038330078125,221.80554,1.0,test_data/Useful/Validation/1.5 inches at 2ft/20241103_115832_076.jpg,346.0,197.0,56.27065744511755
62,0.0,0.0,0.0,0.0,0.0,0.0,0.0,0.0,0.0,0.0,0.0,0.0,1.0,1.0,2.0,3.0,3.0,3.819999999999993,4.0,5.0,5.0,6.0,6.0,7.0,7.0,8.0,8.0,9.0,9.0,9.0,10.0,10.0,10.0,10.0,11.0,11.0,11.0,11.0,11.0,12.0,12.0,12.0,12.0,13.0,13.0,13.0,13.0,14.0,14.0,14.0,15.0,15.0,15.0,15.0,16.0,16.0,16.0,16.0,17.0,17.0,17.0,17.0,18.0,18.0,18.0,18.0,19.0,19.0,19.0,19.0,20.0,20.0,20.0,21.0,21.0,21.0,22.0,22.0,22.0,22.0,23.0,23.0,23.0,24.0,24.0,24.0,25.0,25.0,26.0,26.0,26.090000000000146,27.0,27.0,28.0,29.0,29.0,31.0,32.0,33.0,40.0,0.0,1000.5764706134796,1000.678431391716,1000.7607843279839,2000.3450980484486,2000.8862745165825,3000.4117647111416,3000.5764706134796,3000.666666686535,3000.7490196228027,3001.0,143.15135803222657,150.8334991455078,155.7480224609375,159.66788024902343,163.11453247070312,166.4913146972656,170.26190032958982,175.51751708984375,189.59274291992188,346.3294982910156,221.75626,1.0,test_data/Useful/Validation/1.5 inches at 2ft/20241103_115832_077.jpg,364.0,217.0,58.76949292875774
63,0.0,0.0,0.0,0.0,0.0,0.0,0.0,0.0,0.0,0.0,0.0,0.0,0.0,1.0,1.0,2.0,3.0,3.0,4.0,4.0,5.0,5.0,5.0,6.0,6.0,7.0,7.0,8.0,8.0,9.0,9.0,10.0,10.0,10.0,10.0,11.0,11.0,11.0,11.0,12.0,12.0,12.0,12.0,13.0,13.0,13.0,13.0,14.0,14.0,14.0,15.0,15.0,15.0,15.0,16.0,16.0,16.0,16.0,17.0,17.0,17.0,17.0,17.0,18.0,18.0,18.0,19.0,19.0,19.0,19.0,20.0,20.0,20.0,20.0,21.0,21.0,21.0,21.0,22.0,22.0,22.0,23.0,23.0,23.0,24.0,24.0,24.0,25.0,25.0,26.0,26.0,27.0,27.0,28.0,28.0,29.0,30.0,31.0,32.0,41.0,0.0,1000.5725490450859,1000.6745098233223,1000.7607843279839,2000.3490196168423,2000.878431379795,3000.403921574354,3000.5764706134796,3000.662745118141,3000.7490196228027,3001.0,142.8153274536133,150.54268798828124,155.47861328125,159.386767578125,162.88805389404297,166.3377685546875,170.08761596679688,175.2799072265625,189.2615966796875,346.32965087890625,221.86098,1.0,test_data/Useful/Validation/1.5 inches at 2ft/20241103_115832_078.jpg,353.0,208.0,56.83477398607734
64,0.0,0.0,0.0,0.0,0.0,0.0,0.0,0.0,0.0,0.0,0.0,0.0,1.0,1.0,2.0,3.0,3.0,4.0,5.0,5.0,6.0,6.0,7.0,7.0,8.0,8.0,8.0,9.0,10.0,10.0,10.0,10.0,10.0,11.0,11.0,11.0,11.629999999999995,12.0,12.0,12.0,12.0,13.0,13.0,13.0,13.0,14.0,14.0,14.0,14.0,14.0,15.0,15.0,15.0,15.0,16.0,16.0,16.0,16.0,17.0,17.0,17.0,17.0,17.0,18.0,18.0,18.0,19.0,19.0,19.0,19.0,20.0,20.0,20.0,20.0,21.0,21.0,21.0,22.0,22.0,22.0,22.0,23.0,23.0,23.0,24.0,24.0,24.0,25.0,25.0,26.0,26.0,27.0,27.0,28.0,28.0,29.0,30.0,32.0,33.0,42.0,0.0,1000.5764706134796,1000.678431391716,1000.7607843279839,2000.4352941215038,2000.905882358551,3000.419607847929,3000.5803921818733,3000.662745118141,3000.7490196228027,3001.0,142.46972198486327,150.14376525878907,155.0923309326172,159.06759643554688,162.5721893310547,166.02117919921875,169.91287231445312,175.32752990722656,189.3949737548828,346.3340759277344,221.79567,1.0,test_data/Useful/Validation/1.5 inches at 2ft/20241103_115832_079.jpg,359.0,223.0,56.82806357216544
65,0.0,0.0,0.0,0.0,0.0,0.0,0.0,0.0,0.0,0.0,0.0,0.0,1.0,1.0,2.0,2.0,3.0,3.0,4.0,4.0,5.0,5.0,6.0,6.0,7.0,7.0,8.0,8.0,9.0,9.0,10.0,10.0,10.0,10.0,11.0,11.0,11.0,11.0,12.0,12.0,12.0,12.0,12.0,13.0,13.0,13.0,13.0,14.0,14.0,14.0,14.0,15.0,15.0,15.0,15.0,15.440000000000055,16.0,16.0,16.0,17.0,17.0,17.0,17.0,17.0,18.0,18.0,18.0,18.320000000000164,19.0,19.0,20.0,20.0,20.0,21.0,21.0,21.0,21.0,22.0,22.0,22.0,23.0,23.0,23.0,24.0,24.0,24.0,25.0,25.0,25.0,26.0,26.0,27.0,27.0,28.0,29.0,29.0,30.0,31.0,33.0,39.0,0.0,1000.5725490450859,1000.6745098233223,1000.7568627595901,2000.313725501299,2000.8705882430077,3000.4000000059605,3000.572549045086,3000.662745118141,3000.7490196228027,3001.0,143.0569305419922,150.77584228515624,155.7303924560547,159.6416015625,163.09439086914062,166.47743225097656,170.22491455078125,175.3243865966797,189.4410400390625,346.32781982421875,221.70087,1.0,test_data/Useful/Validation/1.5 inches at 2ft/20241103_115832_080.jpg,351.0,214.0,56.14764835223034
66,0.0,0.0,0.0,0.0,0.0,0.0,0.0,0.0,0.0,0.0,0.0,0.0,1.0,1.0,2.0,3.0,3.0,3.0,4.0,4.0,5.0,5.0,6.0,7.0,7.0,7.0,8.0,8.0,9.0,9.0,10.0,10.0,10.0,10.0,10.0,11.0,11.0,11.0,11.0,12.0,12.0,12.0,12.0,12.0,13.0,13.0,13.0,13.0,14.0,14.0,14.0,14.0,14.0,15.0,15.0,15.0,15.0,16.0,16.0,16.0,16.0,17.0,17.0,17.0,17.0,17.0,18.0,18.0,18.0,18.0,19.0,19.0,19.0,20.0,20.0,20.0,21.0,21.0,21.0,22.0,22.0,22.0,23.0,23.0,24.0,24.0,24.0,25.0,25.0,26.0,26.0,27.0,27.0,28.0,28.0,29.0,31.0,31.0,33.0,37.0,0.0,1000.5647059082985,1000.6666666865349,1000.745098054409,1000.8627451062202,2000.8313725590706,3000.352941185236,3000.560784339905,3000.6549019813538,3000.7411764860153,3001.0,142.44229125976562,150.19700317382814,155.1744384765625,159.0780792236328,162.55068969726562,165.99411010742188,169.80413818359375,175.09368896484375,189.3463897705078,346.3186340332031,221.72983,1.0,test_data/Useful/Validation/1.5 inches at 2ft/20241103_115832_085.jpg,371.0,226.0,62.739378121550516
67,0.0,0.0,0.0,0.0,0.0,0.0,0.0,0.0,0.0,0.0,0.0,0.0,0.0,1.0,1.0,2.0,3.0,3.0,4.0,4.0,5.0,5.0,6.0,6.759999999999991,7.0,7.0,8.0,8.0,8.0,9.0,9.0,10.0,10.0,10.0,10.0,11.0,11.0,11.0,11.0,11.600000000000023,12.0,12.0,12.0,13.0,13.0,13.0,13.0,14.0,14.0,14.0,14.0,15.0,15.0,15.0,15.0,16.0,16.0,16.0,16.0,17.0,17.0,17.0,17.0,18.0,18.0,18.0,18.0,19.0,19.0,19.0,20.0,20.0,20.0,20.0,21.0,21.0,21.0,21.0,22.0,22.0,22.0,22.0,23.0,23.0,24.0,24.0,24.0,25.0,25.0,26.0,26.0,27.0,27.0,28.0,28.0,29.0,30.0,32.0,33.0,44.0,0.0,1000.5647059082985,1000.6666666865349,1000.745098054409,1000.8588235378265,2000.8274509906769,3000.3450980484486,3000.560784339905,3000.6549019813538,3000.7411764860153,3001.0,142.32689208984374,150.04873657226562,155.06512451171875,159.01490783691406,162.5272216796875,165.976953125,169.8073715209961,175.11957397460938,189.53460693359375,346.322509765625,221.74211,1.0,test_data/Useful/Validation/1.5 inches at 2ft/20241103_115832_086.jpg,354.0,198.0,55.83676397759974
68,0.0,0.0,0.0,0.0,0.0,0.0,0.0,0.0,0.0,0.0,0.0,0.0,1.0,1.0,2.0,2.0,3.0,3.0,4.0,4.0,5.0,5.0,6.0,6.0,6.0,7.0,7.0,8.0,8.0,9.0,9.0,10.0,10.0,10.0,10.0,10.639999999999986,11.0,11.0,11.0,11.0,12.0,12.0,12.0,12.0,13.0,13.0,13.0,13.0,14.0,14.0,14.0,14.0,15.0,15.0,15.0,15.0,16.0,16.0,16.0,16.0,17.0,17.0,17.0,17.0,18.0,18.0,18.0,18.0,19.0,19.0,19.0,19.279999999999973,20.0,20.0,20.0,21.0,21.0,21.0,22.0,22.0,22.0,23.0,23.0,24.0,24.0,24.0,25.0,25.0,26.0,26.0,26.0,27.0,27.0,28.0,29.0,30.0,31.0,32.0,33.0,45.0,0.0,1000.5647059082985,1000.6627451181412,1000.7411764860153,1000.8549019694328,2000.8352941274643,3000.3568627536297,3000.560784339905,3000.6549019813538,3000.7411764860153,3001.0,142.5484649658203,150.22620849609376,155.23076171875,159.17789001464843,162.70685577392578,166.16285095214843,169.95504760742188,175.1862335205078,189.21820068359375,346.32720947265625,221.67192,1.0,test_data/Useful/Validation/1.5 inches at 2ft/20241103_115832_087.jpg,348.0,195.0,60.09008329038686
69,0.0,0.0,0.0,0.0,0.0,0.0,0.0,0.0,0.0,0.0,0.0,0.8799999999999955,1.0,1.0,2.0,3.0,4.0,4.0,4.0,5.0,6.0,6.0,7.0,7.0,8.0,8.0,9.0,9.0,9.0,10.0,10.0,10.0,10.0,11.0,11.0,11.0,11.0,12.0,12.0,12.0,12.0,13.0,13.0,13.0,13.0,14.0,14.0,14.0,14.0,15.0,15.0,15.0,15.0,15.0,16.0,16.0,16.0,16.0,17.0,17.0,17.0,17.0,18.0,18.0,18.0,18.0,19.0,19.0,19.0,19.0,20.0,20.0,20.0,21.0,21.0,21.0,21.0,22.0,22.0,22.0,23.0,23.0,23.0,24.0,24.0,24.0,25.0,25.0,26.0,26.0,26.0,27.0,27.070000000000164,28.0,29.0,30.0,30.0,32.0,35.0,39.0,0.0,1000.5607843399048,1000.6627451181412,1000.7411764860153,1000.8549019694328,2000.8196078538895,3000.341176480055,3000.5529412031174,3000.65098041296,3000.7372549176216,3001.0,142.3958724975586,150.07444458007814,155.06400146484376,158.96546630859376,162.52615356445312,165.95130920410156,169.77920989990236,175.0953155517578,189.56178283691406,346.3221435546875,221.79413,1.0,test_data/Useful/Validation/1.5 inches at 2ft/20241103_115832_088.jpg,320.0,203.0,58.64997671456536
70,0.0,0.0,0.0,0.0,0.0,0.0,0.0,0.0,0.0,0.0,0.0,0.0,0.0,1.0,1.0,2.0,3.0,3.0,4.0,4.800000000000011,5.0,6.0,6.0,7.0,7.0,8.0,8.0,9.0,9.0,10.0,10.0,10.0,10.0,10.0,11.0,11.0,11.0,11.0,12.0,12.0,12.0,12.0,12.0,13.0,13.0,13.0,13.0,14.0,14.0,14.0,14.0,15.0,15.0,15.0,15.0,15.440000000000055,16.0,16.0,16.0,16.0,17.0,17.0,17.0,17.0,18.0,18.0,18.0,19.0,19.0,19.0,19.0,20.0,20.0,20.0,21.0,21.0,21.0,22.0,22.0,22.0,23.0,23.0,23.0,24.0,24.0,24.0,25.0,25.0,25.0,26.0,26.0,27.0,27.0,28.0,28.0,29.0,31.0,32.0,34.0,41.0,0.0,1000.5607843399048,1000.6627451181412,1000.7411764860153,1000.8549019694328,2000.8313725590706,3000.3568627536297,3000.560784339905,3000.6549019813538,3000.7411764860153,3001.0,142.4691619873047,150.17547607421875,155.168212890625,159.1048583984375,162.64810180664062,166.13648986816406,169.91741943359375,175.09202575683594,189.42221069335938,346.31597900390625,221.64035,1.0,test_data/Useful/Validation/1.5 inches at 2ft/20241103_115832_089.jpg,348.0,212.0,60.6168994063072
71,0.0,0.0,0.0,0.0,0.0,0.0,0.0,0.0,0.0,0.0,0.0,0.0,0.0,1.0,1.0,2.0,2.0,3.0,4.0,4.0,5.0,5.0,6.0,6.0,7.0,7.0,8.0,8.0,9.0,9.0,10.0,10.0,10.0,10.0,10.0,11.0,11.0,11.0,11.0,12.0,12.0,12.0,12.0,13.0,13.0,13.0,13.0,14.0,14.0,14.0,14.0,15.0,15.0,15.0,15.0,16.0,16.0,16.0,16.0,17.0,17.0,17.0,17.0,18.0,18.0,18.0,18.330000000000155,19.0,19.0,19.0,20.0,20.0,20.0,20.0,21.0,21.0,21.0,21.0,22.0,22.0,22.0,23.0,23.0,23.0,24.0,24.0,25.0,25.0,25.0,26.0,26.0,27.0,27.0,28.0,29.0,29.0,30.0,31.0,33.0,40.0,0.0,1000.5568627715111,1000.6588235497475,1000.7372549176216,1000.8431372642517,2000.8078431487083,3000.3215686380863,3000.54509806633,3000.6470588445663,3000.7372549176216,3001.0,142.7450408935547,150.4548797607422,155.3816940307617,159.31924743652343,162.8192367553711,166.25311889648438,170.0422119140625,175.24057006835938,189.37429809570312,346.30615234375,221.60715,1.0,test_data/Useful/Validation/1.5 inches at 2ft/20241103_115832_090.jpg,332.0,191.0,58.61992146279818
72,0.0,0.0,0.0,0.0,0.0,0.0,0.0,0.0,0.0,0.0,0.0,1.0,1.0,2.0,3.0,3.0,4.0,4.0,5.0,5.0,6.0,6.0,7.0,7.0,8.0,8.0,8.0,9.0,9.0,10.0,10.0,10.0,10.0,10.0,11.0,11.0,11.0,11.0,12.0,12.0,12.0,12.579999999999927,13.0,13.0,13.0,13.0,14.0,14.0,14.0,14.0,15.0,15.0,15.0,15.0,15.0,16.0,16.0,16.0,16.0,17.0,17.0,17.0,17.0,18.0,18.0,18.0,19.0,19.0,19.0,19.0,20.0,20.0,20.0,21.0,21.0,21.0,21.0,22.0,22.0,22.0,23.0,23.0,23.170000000000073,24.0,24.0,24.0,25.0,25.0,26.0,26.0,27.0,27.0,28.0,28.0,29.0,30.0,31.0,31.0,33.0,41.0,0.0,1000.5568627715111,1000.6588235497475,1000.7333333492279,1000.8313725590706,2000.784313738346,3000.301960796118,3000.5372549295425,3000.6431372761726,3000.733333349228,3001.0,142.91709899902344,150.6180419921875,155.5674591064453,159.50384521484375,163.0133819580078,166.4099884033203,170.161767578125,175.45181579589848,189.3032989501953,346.30401611328125,221.92941,1.0,test_data/Useful/Validation/1.5 inches at 2ft/20241103_115832_095.jpg,334.0,209.0,59.47976102629698
73,0.0,0.0,0.0,0.0,0.0,0.0,0.0,0.0,0.0,0.0,0.0,0.0,0.0,1.0,1.0,2.0,3.0,3.0,4.0,4.0,4.0,5.0,6.0,6.0,7.0,7.0,8.0,8.0,9.0,9.0,10.0,10.0,10.0,10.0,10.0,11.0,11.0,11.0,12.0,12.0,12.0,12.0,12.0,13.0,13.0,13.0,13.529999999999973,14.0,14.0,14.0,15.0,15.0,15.0,15.0,16.0,16.0,16.0,16.0,17.0,17.0,17.0,17.0,18.0,18.0,18.0,18.0,18.0,19.0,19.0,19.0,19.0,20.0,20.0,20.0,21.0,21.0,21.0,21.0,22.0,22.0,22.190000000000055,23.0,23.0,24.0,24.0,24.0,25.0,25.0,25.110000000000127,26.0,26.0,27.0,27.0,28.0,28.049999999999727,29.0,30.0,32.0,33.0,38.0,0.0,1000.5529412031174,1000.6588235497475,1000.7333333492279,1000.8313725590706,2000.772549033165,3000.286274522543,3000.533333361149,3000.639215707779,3000.729411780834,3001.0,142.54456024169923,150.19815063476562,155.1705749511719,159.09538574218752,162.6012725830078,166.06151123046874,169.892822265625,175.1102294921875,189.36553955078125,346.3070983886719,221.68108,1.0,test_data/Useful/Validation/1.5 inches at 2ft/20241103_115832_096.jpg,322.0,197.0,59.35003546686484
74,0.0,0.0,0.0,0.0,0.0,0.0,0.0,0.0,0.0,0.0,0.0,0.0,1.0,1.0,2.0,2.0,3.0,3.0,4.0,5.0,5.0,6.0,6.0,7.0,7.0,8.0,8.0,9.0,9.0,9.0,10.0,10.0,10.0,10.0,11.0,11.0,11.0,11.0,11.0,12.0,12.0,12.0,13.0,13.0,13.0,13.0,14.0,14.0,14.0,14.0,14.0,15.0,15.0,15.0,16.0,16.0,16.0,16.0,17.0,17.0,17.0,17.0,17.0,18.0,18.0,18.0,18.0,19.0,19.0,19.0,19.0,20.0,20.0,20.0,21.0,21.0,21.0,22.0,22.0,22.0,22.0,23.0,23.0,24.0,24.0,24.0,25.0,25.0,25.110000000000127,26.0,26.090000000000146,27.0,27.0,28.0,29.0,29.0,30.0,31.0,34.0,41.0,0.0,1000.5568627715111,1000.6588235497475,1000.7294117808342,1000.8274509906769,2000.7764706015587,3000.2941176593304,3000.5372549295425,3000.639215707779,3000.729411780834,3001.0,142.4750946044922,150.13461608886718,155.05742645263672,158.98228454589844,162.50584411621094,165.94100036621094,169.8268096923828,175.15274047851562,189.4738006591797,346.31689453125,221.73206,1.0,test_data/Useful/Validation/1.5 inches at 2ft/20241103_115832_097.jpg,323.0,186.0,59.22019549437933
75,0.0,0.0,0.0,0.0,0.0,0.0,0.0,0.0,0.0,0.0,0.0,0.0,1.0,1.0,2.0,3.0,3.0,4.0,4.0,4.0,5.0,6.0,6.0,6.759999999999991,7.0,7.0,8.0,8.0,9.0,9.0,10.0,10.0,10.0,10.0,10.649999999999977,11.0,11.0,11.0,11.0,12.0,12.0,12.0,12.0,13.0,13.0,13.0,13.0,14.0,14.0,14.0,14.0,15.0,15.0,15.0,15.0,16.0,16.0,16.0,16.0,17.0,17.0,17.0,17.0,18.0,18.0,18.0,18.0,19.0,19.0,19.0,19.0,20.0,20.0,20.0,21.0,21.0,21.0,22.0,22.0,22.0,23.0,23.0,23.0,24.0,24.0,24.0,25.0,25.0,26.0,26.0,27.0,27.0,28.0,28.0,29.0,30.0,31.0,32.0,34.0,42.0,0.0,1000.5529412031174,1000.6549019813538,1000.7294117808342,1000.8196078538895,2000.7568627595901,3000.270588248968,3000.533333361149,3000.639215707779,3000.729411780834,3001.0,142.32331390380858,150.0341339111328,154.94149780273438,158.8512725830078,162.36106872558594,165.8163604736328,169.6641387939453,174.99229431152344,189.36458740234374,346.3168029785156,221.76846,1.0,test_data/Useful/Validation/1.5 inches at 2ft/20241103_115832_098.jpg,354.0,217.0,61.698880292902174
76,0.0,0.0,0.0,0.0,0.0,0.0,0.0,0.0,0.0,0.0,0.0,0.0,0.0,0.0,1.0,1.0,2.0,3.0,3.0,4.0,4.0,5.0,5.0,6.0,6.0,7.0,7.0,8.0,8.0,9.0,9.0,9.0,10.0,10.0,10.0,10.0,11.0,11.0,11.0,11.0,12.0,12.0,12.0,12.0,13.0,13.0,13.0,14.0,14.0,14.0,14.0,15.0,15.0,15.0,15.0,16.0,16.0,16.0,16.0,17.0,17.0,17.0,17.0,18.0,18.0,18.0,18.0,19.0,19.0,19.0,20.0,20.0,20.0,20.0,21.0,21.0,21.0,22.0,22.0,22.0,23.0,23.0,23.0,24.0,24.0,24.0,25.0,25.0,26.0,26.0,26.0,27.0,27.0,28.0,28.049999999999727,29.0,30.0,31.0,33.0,42.0,0.0,1000.5568627715111,1000.6549019813538,1000.7254902124405,1000.8156862854958,2000.745098054409,3000.2509804069996,3000.529411792755,3000.639215707779,3000.729411780834,3001.0,141.93287811279296,149.69569091796876,154.66041107177733,158.66604309082032,162.15019989013672,165.67130126953126,169.60687408447265,175.15213928222659,189.44041900634767,346.3220520019531,222.14226,1.0,test_data/Useful/Validation/1.5 inches at 2ft/20241103_115832_099.jpg,348.0,200.0,62.97156741386955
77,0.0,0.0,0.0,0.0,0.0,0.0,0.0,0.0,0.0,0.0,0.0,0.0,1.0,1.0,2.0,2.0,3.0,3.0,4.0,4.800000000000011,5.0,5.0,6.0,6.0,7.0,7.740000000000009,8.0,8.0,9.0,9.0,9.68999999999994,10.0,10.0,10.0,10.0,11.0,11.0,11.0,11.0,12.0,12.0,12.0,12.0,13.0,13.0,13.0,13.0,14.0,14.0,14.0,15.0,15.0,15.0,15.0,16.0,16.0,16.0,16.0,16.0,17.0,17.0,17.0,17.0,18.0,18.0,18.0,19.0,19.0,19.0,19.0,20.0,20.0,20.0,21.0,21.0,21.0,22.0,22.0,22.0,23.0,23.0,23.0,24.0,24.0,24.0,25.0,25.0,25.0,26.0,26.0,27.0,27.0,28.0,28.0,29.0,30.0,31.0,32.0,34.0,40.0,0.0,1000.5490196347237,1000.65098041296,1000.7215686440468,1000.8039215803146,2000.7019608020782,3000.188235297799,3000.5137255191803,3000.6313725709915,3000.7254902124405,3001.0,142.32119750976562,150.04847717285156,155.03900146484375,158.9427490234375,162.4260711669922,165.87432861328125,169.72723388671875,175.07461853027343,189.44398498535156,346.33392333984375,221.87442,1.0,test_data/Useful/Validation/1.5 inches at 2ft/20241103_115832_100.jpg,358.0,225.0,58.21571009439839
78,0.0,0.0,0.0,2.0,3.0,4.0,5.0,6.0,7.0,8.0,9.0,10.0,10.0,11.0,11.0,11.0,12.0,13.0,13.0,13.0,14.0,14.0,15.0,15.0,15.0,16.0,16.0,16.0,17.0,17.0,17.0,18.0,18.0,18.0,19.0,19.0,19.0,20.0,20.0,20.0,20.0,21.0,21.0,21.0,21.0,22.0,22.0,22.0,23.0,23.0,23.0,23.0,23.0,24.0,24.0,24.0,24.0,25.0,25.0,25.0,25.0,26.0,26.0,26.0,26.0,27.0,27.0,27.0,27.0,28.0,28.0,28.0,28.0,29.0,29.0,29.0,29.0,30.0,30.0,30.0,30.0,31.0,31.0,31.0,31.0,32.0,32.0,32.0,33.0,33.0,33.0,34.0,34.0,35.0,35.0,36.0,36.0,37.0,38.0,43.0,23.0,1000.584313750267,1000.7176470756531,1000.8470588326454,2000.7215686440468,3000.2509804069996,3000.501960813999,3000.623529434204,3000.717647075653,3000.827450990677,3001.0,152.01060333251954,159.68672790527344,164.5217742919922,168.3776092529297,171.75255584716797,174.98193359375,178.49317932128906,182.957763671875,193.7700653076172,346.3998718261719,222.28632,1.0,test_data/Useful/Validation/1.5 inches at 2ft/20241103_115915_005.jpg,365.0,170.0,61.03038893523192
79,0.0,0.0,2.0,3.0,4.950000000000003,5.0,6.930000000000007,7.0,8.0,9.0,10.0,10.0,11.0,11.860000000000014,12.0,12.0,13.0,14.0,14.0,14.0,15.0,15.0,15.0,16.0,16.0,17.0,17.0,17.0,18.0,18.0,18.0,19.0,19.0,19.0,19.0,20.0,20.0,20.0,20.0,21.0,21.0,21.0,22.0,22.0,22.0,22.0,22.0,23.0,23.0,23.0,24.0,24.0,24.0,24.0,25.0,25.0,25.0,25.0,25.409999999999854,26.0,26.0,26.0,26.0,27.0,27.0,27.0,27.0,27.0,28.0,28.0,28.0,28.0,29.0,29.0,29.0,29.0,30.0,30.0,30.0,30.0,31.0,31.0,31.0,31.159999999999854,32.0,32.0,32.0,33.0,33.0,33.0,34.0,34.0,34.0,35.0,35.0,36.0,37.0,37.0,38.00999999999976,44.0,26.0,1000.5803921818733,1000.7137255072594,1000.8470588326454,2000.7254902124405,3000.2509804069996,3000.498039215803,3000.623529434204,3000.717647075653,3000.827450990677,3001.0,152.06795654296874,159.74153747558594,164.59762573242188,168.4652862548828,171.76466369628906,175.00824279785155,178.46847534179688,182.9807891845703,193.7941131591797,346.39373779296875,222.08014,1.0,test_data/Useful/Validation/1.5 inches at 2ft/20241103_115915_006.jpg,349.0,176.0,52.232032408300256
80,0.0,0.0,0.0,0.960000000000008,2.0,3.0,4.0,5.0,6.0,7.0,8.0,8.0,9.0,10.0,10.0,11.0,12.0,12.0,12.810000000000002,13.0,13.0,14.0,14.0,15.0,15.0,16.0,16.0,16.0,17.0,17.0,18.0,18.0,18.0,18.0,19.0,19.0,19.0,20.0,20.0,20.0,21.0,21.0,21.0,21.0,22.0,22.0,22.0,22.0,23.0,23.0,23.0,23.0,24.0,24.0,24.0,24.0,25.0,25.0,25.0,25.0,26.0,26.0,26.0,26.0,26.0,27.0,27.0,27.0,27.0,27.299999999999955,28.0,28.0,28.0,29.0,29.0,29.0,29.0,30.0,30.0,30.0,30.0,31.0,31.0,31.0,31.0,32.0,32.0,32.0,33.0,33.0,33.0,34.0,34.0,35.0,35.0,36.0,36.0,37.0,38.00999999999976,45.0,27.0,1000.5803921818733,1000.7176470756531,1000.8470588326454,2000.7254902124405,3000.2470588237047,3000.501960813999,3000.623529434204,3000.717647075653,3000.827450990677,3001.0,152.04637145996094,159.627197265625,164.48866271972656,168.36304931640626,171.7206802368164,174.97784423828125,178.489501953125,182.9680633544922,193.90525817871094,346.3968505859375,222.28049,1.0,test_data/Useful/Validation/1.5 inches at 2ft/20241103_115915_007.jpg,384.0,169.0,59.950493043754754
81,0.0,0.0,0.0,1.0,3.0,4.0,5.0,6.0,7.0,8.0,9.0,10.0,10.0,11.0,11.0,12.0,12.0,13.0,13.0,14.0,14.0,15.0,15.0,15.759999999999991,16.0,16.74000000000001,17.0,17.0,17.0,18.0,18.0,18.0,19.0,19.0,19.0,19.0,20.0,20.0,20.0,21.0,21.0,21.0,21.0,22.0,22.0,22.0,22.0,22.0,23.0,23.0,23.0,23.0,24.0,24.0,24.0,24.0,25.0,25.0,25.0,25.0,26.0,26.0,26.0,26.0,27.0,27.0,27.0,27.0,28.0,28.0,28.0,28.0,28.0,29.0,29.0,29.0,29.0,30.0,30.0,30.0,30.0,31.0,31.0,31.0,31.0,32.0,32.0,32.0,32.0,33.0,33.0,33.0,34.0,35.0,35.0,36.0,36.0,37.0,39.00999999999976,45.0,25.0,1000.584313750267,1000.7176470756531,1000.8470588326454,2000.717647075653,3000.2470588237047,3000.498039215803,3000.623529434204,3000.717647075653,3000.827450990677,3001.0,152.0531005859375,159.72569274902344,164.61590576171875,168.3812744140625,171.73829650878906,174.9997131347656,178.46383514404295,182.9749298095703,193.73529052734375,346.39971923828125,222.16385,1.0,test_data/Useful/Validation/1.5 inches at 2ft/20241103_115915_008.jpg,375.0,198.0,59.80172792149803
82,0.0,0.0,0.0,2.0,3.0,5.0,6.0,7.0,8.0,9.0,10.0,10.0,11.0,11.0,12.0,12.0,13.0,13.0,14.0,14.0,14.0,15.0,15.0,16.0,16.0,16.0,17.0,17.0,17.0,18.0,18.0,18.0,18.0,19.0,19.0,19.0,20.0,20.0,20.0,21.0,21.0,21.0,21.0,22.0,22.0,22.0,22.0,23.0,23.0,23.0,23.0,24.0,24.0,24.0,24.0,25.0,25.0,25.0,25.0,26.0,26.0,26.0,26.0,27.0,27.0,27.0,27.0,27.0,27.0,28.0,28.0,28.0,28.0,28.0,29.0,29.0,29.0,30.0,30.0,30.0,30.0,31.0,31.0,31.0,31.0,32.0,32.0,32.0,32.0,33.0,33.0,33.07999999999993,34.0,34.0,35.0,36.0,36.0,37.0,39.0,44.0,27.0,1000.584313750267,1000.7176470756531,1000.8470588326454,2000.7215686440468,3000.2470588237047,3000.498039215803,3000.6196078658104,3000.717647075653,3000.827450990677,3001.0,151.99452209472656,159.66121826171874,164.5312301635742,168.36716918945314,171.71578216552734,174.95895385742188,178.47053985595704,182.93172607421874,193.8804931640625,346.3934631347656,222.37057,1.0,test_data/Useful/Validation/1.5 inches at 2ft/20241103_115915_009.jpg,357.0,167.0,59.61490288743088
83,0.0,0.0,1.0,3.0,4.0,5.0,6.0,7.0,8.0,8.900000000000006,9.0,10.0,11.0,11.0,12.0,12.0,12.0,13.0,13.0,14.0,14.0,15.0,15.0,16.0,16.0,16.0,17.0,17.0,17.0,18.0,18.0,18.0,19.0,19.0,19.0,20.0,20.0,20.0,20.610000000000014,21.0,21.0,21.0,21.0,22.0,22.0,22.0,22.0,23.0,23.0,23.0,23.0,24.0,24.0,24.0,24.0,24.0,25.0,25.0,25.0,26.0,26.0,26.0,26.0,26.0,27.0,27.0,27.0,27.0,27.0,28.0,28.0,28.0,28.0,29.0,29.0,29.0,29.0,29.0,30.0,30.0,30.0,30.0,31.0,31.0,31.0,32.0,32.0,32.0,32.0,33.0,33.0,33.0,34.0,34.0,35.0,36.0,36.0,37.0,39.0,44.0,27.0,1000.584313750267,1000.7176470756531,1000.8470588326454,2000.6941176652908,3000.215686276555,3000.486274510622,3000.6156862974167,3000.7137255072594,3000.823529422283,3001.0,151.8773956298828,159.56670837402345,164.4139862060547,168.32122497558595,171.6689453125,174.94017028808594,178.41429138183594,182.9368438720703,193.87147521972656,346.4053955078125,222.23158,1.0,test_data/Useful/Validation/1.5 inches at 2ft/20241103_115915_010.jpg,353.0,180.0,57.31326813807152
84,0.0,0.0,0.0,0.0,1.0,3.0,4.0,4.0,5.0,6.0,7.0,8.0,8.0,9.0,10.0,10.0,11.0,11.0,12.0,12.0,13.0,13.0,13.0,14.0,14.0,15.0,15.0,15.0,16.0,16.0,16.0,17.0,17.0,17.0,18.0,18.0,18.0,19.0,19.0,19.0,19.0,20.0,20.0,20.0,20.0,21.0,21.0,21.0,22.0,22.0,22.0,22.0,22.0,23.0,23.0,23.0,23.0,24.0,24.0,24.0,24.0,25.0,25.0,25.0,25.0,26.0,26.0,26.0,27.0,27.0,27.0,27.0,27.0,28.0,28.0,28.0,28.0,29.0,29.0,29.0,29.0,30.0,30.0,30.0,30.0,31.0,31.0,31.0,32.0,32.0,33.0,33.0,33.070000000000164,34.0,35.0,36.0,36.0,37.01999999999998,38.0,44.0,22.0,1000.6000000238419,1000.7372549176216,1000.9372549057007,3000.090196080506,3000.4235294163227,3000.5647059082985,3000.6549019813538,3000.7372549176216,3000.8352941274643,3001.0,151.34669494628906,159.04470825195312,163.96893310546875,167.83221435546875,171.16696166992188,174.39190368652342,177.8112319946289,182.35785827636718,193.1956329345703,346.37451171875,222.26865,1.0,test_data/Useful/Validation/1.5 inches at 2ft/20241103_115915_041.jpg,350.0,182.0,61.72529313853497
85,0.0,0.0,0.0,0.0,1.0,2.9399999999999977,4.0,5.0,6.0,7.0,8.0,9.0,10.0,10.0,11.0,11.0,11.0,12.0,12.0,13.0,13.0,14.0,14.0,14.0,15.0,15.0,16.0,16.0,16.0,17.0,17.0,18.0,18.0,18.0,18.0,19.0,19.0,19.0,20.0,20.0,20.0,21.0,21.0,21.0,21.0,21.0,22.0,22.0,22.0,22.0,23.0,23.0,23.0,23.0,24.0,24.0,24.0,24.0,25.0,25.0,25.0,25.0,25.0,26.0,26.0,26.0,26.0,27.0,27.0,27.0,27.0,27.0,28.0,28.0,28.0,28.0,29.0,29.0,29.0,29.0,29.0,30.0,30.0,30.0,30.15000000000009,31.0,31.0,32.0,32.0,32.0,33.0,33.0,34.0,34.0,35.0,35.0,36.0,37.0,39.0,47.0,28.0,1000.6000000238419,1000.7411764860153,1000.9411764740944,3000.101960785687,3000.4274509847164,3000.5647059082985,3000.6549019813538,3000.7372549176216,3000.8352941274643,3001.0,151.18038940429688,158.85784912109375,163.77450561523438,167.6515350341797,171.05380249023438,174.28045654296875,177.7673599243164,182.2555908203125,193.10243225097656,346.373046875,222.31436,1.0,test_data/Useful/Validation/1.5 inches at 2ft/20241103_115915_042.jpg,340.0,192.0,58.50465988436114
86,0.0,0.0,0.0,0.0,1.0,2.0,3.0,4.0,5.0,6.0,7.0,7.0,8.0,9.0,10.0,10.0,11.0,11.0,12.0,12.0,13.0,13.0,14.0,14.0,14.0,15.0,15.0,15.0,15.0,16.0,16.0,16.0,17.0,17.0,17.0,18.0,18.0,18.0,18.0,19.0,19.0,19.0,19.0,20.0,20.0,20.0,20.0,21.0,21.0,21.0,21.0,22.0,22.0,22.0,22.0,23.0,23.0,23.0,23.0,24.0,24.0,24.0,25.0,25.0,25.0,25.0,25.0,26.0,26.0,26.0,26.0,27.0,27.0,27.0,27.0,28.0,28.0,28.0,28.0,28.0,29.0,29.0,29.0,30.0,30.0,30.0,31.0,31.0,31.0,32.0,32.0,33.0,33.0,34.0,34.0,35.0,36.0,37.0,39.0,43.0,25.0,1000.6000000238419,1000.7372549176216,1000.933333337307,3000.0784313753247,3000.4235294163227,3000.5647059082985,3000.6549019813538,3000.7372549176216,3000.8313725590706,3001.0,151.02479858398436,158.70536193847656,163.57428283691405,167.37489318847656,170.77865600585938,174.03070373535155,177.59212341308594,182.1288299560547,193.13278198242188,346.3699035644531,222.20995,1.0,test_data/Useful/Validation/1.5 inches at 2ft/20241103_115915_043.jpg,399.0,208.0,56.53409972318691
87,0.0,0.0,0.0,0.0,1.0,2.0,3.0,4.0,4.0,5.0,6.0,7.0,7.0,8.0,9.0,10.0,10.0,11.0,11.0,12.0,12.0,13.0,13.0,14.0,14.0,14.0,15.0,15.0,15.0,16.0,16.0,16.0,17.0,17.0,17.0,18.0,18.0,18.0,19.0,19.0,19.0,19.0,20.0,20.0,20.0,21.0,21.0,21.0,21.0,22.0,22.0,22.0,22.0,23.0,23.0,23.0,23.0,23.0,24.0,24.0,24.0,24.0,25.0,25.0,25.0,25.0,25.0,26.0,26.0,26.0,26.0,27.0,27.0,27.0,27.0,28.0,28.0,28.0,28.0,29.0,29.0,29.0,29.0,30.0,30.0,30.0,31.0,31.0,31.0,32.0,32.0,32.0,33.0,33.0,34.0,35.0,35.0,36.0,38.0,45.0,0.0,1000.6039215922356,1000.7411764860153,1000.9568627476692,3000.090196080506,3000.4235294163227,3000.5647059082985,3000.65098041296,3000.7372549176216,3000.8313725590706,3001.0,151.0372772216797,158.7360076904297,163.62303161621094,167.43142700195312,170.83224487304688,174.08474731445312,177.5279998779297,182.039794921875,192.90525817871094,346.373046875,222.26646,1.0,test_data/Useful/Validation/1.5 inches at 2ft/20241103_115915_044.jpg,383.0,189.0,62.70251606398516
88,0.0,0.0,0.0,0.0,2.0,3.0,4.0,5.0,6.0,7.0,7.0,8.0,9.0,9.860000000000014,10.0,10.0,11.0,11.0,12.0,12.0,13.0,13.0,13.0,14.0,14.0,15.0,15.0,15.0,16.0,16.0,16.0,17.0,17.0,17.0,17.0,18.0,18.0,18.0,19.0,19.0,19.0,20.0,20.0,20.0,20.0,21.0,21.0,21.0,21.0,22.0,22.0,22.0,22.0,22.0,23.0,23.0,23.0,23.0,24.0,24.0,24.0,24.0,25.0,25.0,25.0,25.0,26.0,26.0,26.0,26.0,26.0,27.0,27.0,27.0,27.0,28.0,28.0,28.0,29.0,29.0,29.0,29.0,30.0,30.0,30.0,31.0,31.0,31.0,32.0,32.0,32.0,33.0,33.0,34.0,34.0,35.0,36.0,37.0,37.00999999999976,41.0,22.0,1000.6039215922356,1000.7411764860153,1000.9529411792755,3000.1098039224744,3000.43137255311,3000.568627476692,3000.6549019813538,3000.7372549176216,3000.8313725590706,3001.0,151.02718353271484,158.60515136718752,163.5486099243164,167.35843200683595,170.79400634765625,174.07903442382812,177.5987548828125,182.0906219482422,192.999267578125,346.3801574707031,221.97441,1.0,test_data/Useful/Validation/1.5 inches at 2ft/20241103_115915_045.jpg,389.0,202.0,62.636883919796176
89,0.0,0.0,0.0,0.0,1.0,2.0,3.0,4.0,5.0,6.0,7.0,7.0,8.0,9.0,9.849999999999966,10.0,10.0,11.0,11.0,11.0,12.0,12.0,13.0,13.0,13.0,14.0,14.0,14.0,15.0,15.0,15.0,16.0,16.0,16.0,17.0,17.0,17.0,17.0,18.0,18.0,19.0,19.0,19.0,19.0,20.0,20.0,20.0,21.0,21.0,21.0,21.0,22.0,22.0,22.0,22.0,23.0,23.0,23.0,23.0,23.0,24.0,24.0,24.0,24.0,24.350000000000136,25.0,25.0,25.0,25.0,26.0,26.0,26.0,26.0,27.0,27.0,27.0,28.0,28.0,28.0,28.0,29.0,29.0,29.0,29.0,30.0,30.0,30.0,31.0,31.0,32.0,32.0,32.0,33.0,33.0,34.0,34.0,35.0,36.0,37.0,44.0,23.0,1000.5882353186607,1000.7137255072594,1000.8470588326454,2000.839215695858,3000.364705890417,3000.54509806633,3000.639215707779,3000.7254902124405,3000.823529422283,3001.0,150.3933837890625,157.98533630371094,162.8865219116211,166.693603515625,170.06390380859375,173.33585205078126,176.89037322998047,181.4508819580078,192.828125,346.38531494140625,222.72682,1.0,test_data/Useful/Validation/1.5 inches at 2ft/20241103_115915_051.jpg,370.0,191.0,55.51519196222594
90,0.0,0.0,0.0,1.0,2.0,3.0,4.0,5.0,6.0,7.0,7.0,8.0,8.0,9.0,10.0,10.0,11.0,11.0,12.0,12.0,12.0,13.0,13.0,13.0,14.0,14.0,15.0,15.0,15.0,16.0,16.0,16.0,17.0,17.0,17.0,18.0,18.0,18.0,18.0,19.0,19.0,19.0,20.0,20.0,20.0,20.0,20.0,21.0,21.0,21.0,22.0,22.0,22.0,22.0,22.0,23.0,23.0,23.0,23.0,24.0,24.0,24.0,24.0,25.0,25.0,25.0,25.0,25.320000000000164,26.0,26.0,26.0,26.0,27.0,27.0,27.0,27.0,28.0,28.0,28.0,28.0,28.0,29.0,29.0,29.0,30.0,30.0,30.0,31.0,31.0,31.0,32.0,32.0,32.0,33.0,33.0,34.0,35.0,36.01999999999998,38.0,42.0,26.0,1000.584313750267,1000.7137255072594,1000.8431372642517,2000.8235294222832,3000.3450980484486,3000.5372549295425,3000.635294139385,3000.721568644047,3000.8196078538895,3001.0,150.4230499267578,158.0446014404297,162.95443725585938,166.79974365234375,170.1479949951172,173.4079132080078,176.93596343994142,181.56529541015627,192.934326171875,346.37811279296875,222.52716,1.0,test_data/Useful/Validation/1.5 inches at 2ft/20241103_115915_052.jpg,363.0,216.0,59.09251887695857
91,0.0,0.0,0.0,0.0,1.0,2.0,3.0,4.0,5.0,6.0,7.0,8.0,8.0,9.0,10.0,10.0,10.0,11.0,11.0,12.0,12.0,12.0,13.0,13.0,14.0,14.0,14.0,14.0,15.0,15.0,15.0,16.0,16.0,17.0,17.0,17.0,17.0,18.0,18.0,18.0,18.0,19.0,19.0,19.0,19.0,20.0,20.0,20.0,20.0,21.0,21.0,21.0,21.470000000000027,22.0,22.0,22.0,22.0,23.0,23.0,23.0,23.0,24.0,24.0,24.0,24.0,25.0,25.0,25.0,25.0,26.0,26.0,26.0,26.0,26.0,27.0,27.0,27.0,27.0,28.0,28.0,28.0,28.0,29.0,29.0,29.0,30.0,30.0,30.0,31.0,31.0,31.090000000000146,32.0,32.0,33.0,33.0,34.0,35.0,36.0,37.0,42.0,20.0,1000.5882353186607,1000.7137255072594,1000.839215695858,2000.8196078538895,3000.3568627536297,3000.5490196347237,3000.639215707779,3000.721568644047,3000.8156862854958,3001.0,149.50123138427733,157.1529296875,162.02633972167968,165.91910400390626,169.27792358398438,172.52996826171875,176.08069305419923,180.75558471679688,192.8072509765625,346.3851623535156,222.65161,1.0,test_data/Useful/Validation/1.5 inches at 2ft/20241103_115915_053.jpg,367.0,207.0,56.80860681392813
92,0.0,0.0,0.0,1.0,2.0,3.0,4.0,5.0,6.0,6.0,7.0,8.0,9.0,9.0,10.0,10.0,11.0,11.0,11.0,12.0,12.0,13.0,13.0,14.0,14.0,14.0,14.0,15.0,15.0,15.0,16.0,16.0,16.0,17.0,17.0,17.0,18.0,18.0,18.0,18.0,18.0,19.0,19.0,19.0,19.0,20.0,20.0,20.0,21.0,21.0,21.0,21.0,22.0,22.0,22.0,22.0,23.0,23.0,23.0,23.0,23.0,24.0,24.0,24.0,24.0,25.0,25.0,25.0,25.0,26.0,26.0,26.0,26.0,26.0,27.0,27.0,27.0,28.0,28.0,28.0,28.0,29.0,29.0,29.0,30.0,30.0,30.0,31.0,31.0,31.0,32.0,32.0,32.0,33.0,33.04999999999973,34.0,35.0,36.0,37.0,44.0,23.0,1000.5882353186607,1000.7098039388657,1000.8352941274643,2000.7960784435272,3000.341176480055,3000.5411764979362,3000.639215707779,3000.717647075653,3000.8156862854958,3001.0,149.59158325195312,157.21084594726562,162.09134368896486,165.97142944335937,169.32393646240234,172.62766723632814,176.225341796875,180.94007873535156,192.98654174804688,346.3845520019531,222.7611,1.0,test_data/Useful/Validation/1.5 inches at 2ft/20241103_115915_054.jpg,363.0,202.0,65.11417155747242
93,0.0,0.0,0.0,1.0,2.0,3.0,4.0,5.0,6.0,7.0,8.0,9.0,9.0,10.0,10.0,11.0,11.0,11.0,12.0,12.0,13.0,13.0,13.0,14.0,14.0,14.0,14.0,15.0,15.0,15.0,16.0,16.0,16.0,17.0,17.0,17.0,18.0,18.0,18.0,18.0,19.0,19.0,19.0,20.0,20.0,20.0,20.0,20.0,21.0,21.0,21.0,21.0,22.0,22.0,22.0,22.0,23.0,23.0,23.0,23.0,24.0,24.0,24.0,24.0,25.0,25.0,25.0,25.0,25.0,26.0,26.0,26.0,26.0,27.0,27.0,27.0,27.0,28.0,28.0,28.0,28.0,29.0,29.0,29.0,30.0,30.0,30.0,31.0,31.0,31.0,32.0,32.0,33.0,33.0,33.0,34.0,35.0,36.0,37.0,44.0,25.0,1000.584313750267,1000.705882370472,1000.8274509906769,2000.705882370472,3000.2784313857555,3000.5254902243614,3000.6313725709915,3000.7137255072594,3000.811764717102,3001.0,149.68573913574218,157.31874084472656,162.1896514892578,165.9843292236328,169.40985107421875,172.69468688964844,176.21259307861328,180.8581268310547,192.8878936767578,346.38861083984375,222.85822,1.0,test_data/Useful/Validation/1.5 inches at 2ft/20241103_115915_055.jpg,328.0,182.0,62.63227858510008
94,0.0,0.0,0.0,0.0,1.0,2.0,3.0,3.0,4.0,5.0,6.0,7.0,7.0,8.0,9.0,9.0,10.0,10.0,10.0,11.0,11.0,11.779999999999973,12.0,12.0,13.0,13.0,13.0,14.0,14.0,14.0,15.0,15.0,15.0,15.0,16.0,16.0,16.629999999999995,17.0,17.0,17.0,18.0,18.0,18.0,18.0,19.0,19.0,19.0,20.0,20.0,20.0,20.0,20.0,21.0,21.0,21.0,22.0,22.0,22.0,22.0,23.0,23.0,23.0,23.0,24.0,24.0,24.0,24.0,24.0,25.0,25.0,25.0,25.0,26.0,26.0,26.0,26.0,27.0,27.0,27.0,27.0,28.0,28.0,28.0,29.0,29.0,29.0,29.0,30.0,30.0,30.0,31.0,31.0,32.0,32.0,33.0,33.039999999999964,34.0,35.0,37.0,45.0,0.0,1000.5803921818733,1000.6980392336845,1000.8000000119209,2000.5098039507866,3000.2117647081614,3000.5137255191803,3000.627451002598,3000.705882370472,3000.796078443527,3001.0,148.45774841308594,156.13784790039062,161.13208770751953,165.0018524169922,168.4271240234375,171.77239990234375,175.365234375,180.03233337402344,192.53375244140625,346.3989562988281,222.69621,1.0,test_data/Useful/Validation/1.5 inches at 2ft/20241103_115915_061.jpg,436.0,244.0,63.007680869772685
95,0.0,0.0,0.0,0.0,0.0,2.0,3.0,3.0,4.0,5.0,5.0,6.0,7.0,7.0,8.0,9.0,9.830000000000041,10.0,10.0,11.0,11.0,11.0,12.0,12.0,12.0,13.0,13.0,13.0,14.0,14.0,14.0,15.0,15.0,15.0,16.0,16.0,16.0,17.0,17.0,17.0,17.0,18.0,18.0,18.0,18.0,19.0,19.0,19.0,20.0,20.0,20.0,20.0,21.0,21.0,21.0,21.0,21.0,22.0,22.0,22.0,22.0,23.0,23.0,23.0,23.0,24.0,24.0,24.0,25.0,25.0,25.0,25.0,26.0,26.0,26.0,26.24000000000001,27.0,27.0,27.0,28.0,28.0,28.0,28.0,29.0,29.0,29.0,30.0,30.0,30.0,31.0,31.0,31.0,32.0,32.0,33.0,33.0,34.0,36.0,37.0,42.0,0.0,1000.5764706134796,1000.6941176652908,1000.8039215803146,2000.4823529422283,3000.1803921610117,3000.4941176474094,3000.6156862974167,3000.7019608020782,3000.800000011921,3001.0,149.5611343383789,157.14866638183594,162.0009292602539,165.8525390625,169.2476806640625,172.58653259277344,176.13882446289062,180.76290893554688,192.42759704589844,346.3946838378906,222.59128,1.0,test_data/Useful/Validation/1.5 inches at 2ft/20241103_115915_062.jpg,392.0,201.0,56.86870638557321
96,0.0,0.0,0.0,0.0,1.0,2.0,3.0,4.0,4.0,5.0,6.0,7.0,8.0,9.0,9.0,10.0,10.0,11.0,11.0,11.0,12.0,12.0,12.0,13.0,13.0,13.0,13.730000000000018,14.0,14.0,15.0,15.0,15.0,16.0,16.0,16.0,17.0,17.0,17.0,17.0,18.0,18.0,18.0,19.0,19.0,19.0,19.0,20.0,20.0,20.0,20.0,21.0,21.0,21.0,21.0,22.0,22.0,22.0,22.0,22.0,23.0,23.0,23.0,23.0,24.0,24.0,24.0,24.0,24.0,25.0,25.0,25.0,25.0,26.0,26.0,26.0,26.0,27.0,27.0,27.0,27.0,28.0,28.0,28.0,28.0,29.0,29.0,29.0,30.0,30.0,31.0,31.0,32.0,32.0,32.0,33.0,34.0,35.0,36.0,38.0,43.0,23.0,1000.5764706134796,1000.6941176652908,1000.8000000119209,2000.3882353007793,3000.1568627506495,3000.4901960790157,3000.6156862974167,3000.7019608020782,3000.800000011921,3001.0,149.44280548095702,157.14719848632814,162.02789001464845,165.8383056640625,169.2764663696289,172.5548553466797,176.10398864746094,180.742578125,192.69464111328125,346.4046936035156,222.43492,1.0,test_data/Useful/Validation/1.5 inches at 2ft/20241103_115915_063.jpg,381.0,198.0,63.80408334689304
97,0.0,0.0,0.0,0.0,1.0,2.0,2.0,3.0,4.0,5.0,6.0,6.0,7.0,8.0,9.0,10.0,10.0,11.0,11.0,11.0,11.0,12.0,12.0,12.0,13.0,13.0,13.0,14.0,14.0,14.0,15.0,15.0,15.0,15.0,16.0,16.0,16.0,17.0,17.0,17.0,18.0,18.0,18.0,18.0,18.0,18.539999999999964,19.0,19.0,19.0,20.0,20.0,20.0,20.0,21.0,21.0,21.0,21.0,22.0,22.0,22.0,23.0,23.0,23.0,23.0,24.0,24.0,24.0,24.0,25.0,25.0,25.0,25.0,25.0,26.0,26.0,26.0,27.0,27.0,27.0,27.0,28.0,28.0,28.0,28.0,29.0,29.0,29.0,30.0,30.0,30.0,31.0,32.0,32.0,32.0,33.0,34.0,34.0,35.0,37.0,42.0,18.0,1000.584313750267,1000.6941176652908,1000.8000000119209,2000.364705890417,3000.1411764770746,3000.486274510622,3000.611764729023,3000.6980392336845,3000.7921568751335,3001.0,148.3845977783203,156.03305053710938,160.94476623535155,164.76321105957032,168.18144989013672,171.45281372070312,175.1033706665039,179.98291320800783,192.5000762939453,346.4027099609375,222.58658,1.0,test_data/Useful/Validation/1.5 inches at 2ft/20241103_115915_064.jpg,380.0,213.0,59.15393324580384
98,0.0,0.0,0.0,0.0,0.0,1.0,2.0,3.0,4.0,5.0,6.0,6.0,7.0,8.0,9.0,9.0,10.0,10.0,11.0,11.0,11.0,12.0,12.0,12.0,13.0,13.0,14.0,14.0,14.0,14.0,15.0,15.0,15.0,16.0,16.0,16.0,16.0,17.0,17.0,17.0,17.0,18.0,18.0,18.0,19.0,19.0,19.0,19.0,20.0,20.0,20.0,20.0,21.0,21.0,21.0,21.0,22.0,22.0,22.0,22.0,23.0,23.0,23.0,23.0,24.0,24.0,24.0,24.0,24.0,25.0,25.0,25.0,25.0,26.0,26.0,26.0,26.0,27.0,27.0,27.0,27.0,28.0,28.0,28.0,29.0,29.0,29.0,30.0,30.0,31.0,31.0,32.0,32.0,32.0,33.0,34.0,35.0,36.0,37.0,43.0,0.0,1000.5803921818733,1000.6941176652908,1000.7960784435272,1000.9803921580315,3000.1215686276555,3000.4784313738346,3000.6078431606293,3000.694117665291,3000.7921568751335,3001.0,149.14419555664062,156.65131530761718,161.52032470703125,165.31900634765626,168.73287963867188,172.03575134277344,175.64154052734375,180.30747985839844,192.40023803710938,346.4083557128906,222.54387,1.0,test_data/Useful/Validation/1.5 inches at 2ft/20241103_115915_065.jpg,397.0,228.0,60.995041173441834
99,0.0,0.0,2.969999999999999,4.0,6.0,7.0,8.0,9.0,10.0,11.0,12.0,12.0,13.0,13.0,14.0,14.0,15.0,15.0,16.0,16.0,17.0,17.0,17.0,18.0,18.0,18.0,19.0,19.0,19.0,20.0,20.0,20.0,21.0,21.0,21.0,21.0,22.0,22.0,22.0,22.0,23.0,23.0,23.0,23.0,24.0,24.0,24.0,24.0,25.0,25.0,25.0,25.0,26.0,26.0,26.0,26.0,26.0,27.0,27.0,27.0,27.0,27.0,28.0,28.0,28.0,28.0,29.0,29.0,29.0,29.0,29.0,29.0,30.0,30.0,30.0,30.0,30.0,31.0,31.0,31.0,31.0,32.0,32.0,32.0,32.0,33.0,33.0,33.0,34.0,34.0,34.0,35.0,35.0,36.0,36.0,37.0,37.0,38.0,39.00999999999976,44.0,29.0,1000.5568627715111,1000.6823529601097,1000.7960784435272,2000.4078431427479,3000.1960784345865,3000.4509803950787,3000.584313750267,3000.6823529601097,3000.78823530674,3001.0,151.90042266845703,159.46460571289063,164.32362365722656,168.17804565429688,171.53390502929688,174.8148986816406,178.4314727783203,183.01734924316406,194.76345825195312,346.30657958984375,222.50769,1.0,test_data/Useful/Validation/1.5 inches at 2ft/20241103_120010_025.jpg,379.0,183.0,61.31118424220484
100,0.0,2.0,4.0,6.0,7.0,8.0,9.0,10.0,11.0,12.0,13.0,13.0,14.0,14.0,15.0,15.0,16.0,16.0,17.0,17.0,17.0,18.0,18.0,18.0,19.0,19.0,20.0,20.0,20.0,21.0,21.0,21.0,21.0,22.0,22.0,22.0,22.0,23.0,23.0,23.0,23.0,24.0,24.0,24.0,24.0,24.0,25.0,25.0,25.0,25.0,25.0,26.0,26.0,26.0,26.0,26.0,26.0,27.0,27.0,27.0,27.0,27.0,28.0,28.0,28.0,28.340000000000146,29.0,29.0,29.0,29.0,30.0,30.0,30.0,30.0,30.0,30.0,31.0,31.0,31.0,31.0,32.0,32.0,32.0,32.0,33.0,33.0,33.0,33.0,34.0,34.0,35.0,35.0,35.0,36.0,36.0,37.0,38.0,38.0,40.0,43.0,26.0,1000.5568627715111,1000.6823529601097,1000.7960784435272,2000.4000000059605,3000.1843137294054,3000.447058826685,3000.584313750267,3000.6823529601097,3000.78823530674,3001.0,151.6352340698242,159.32748718261718,164.24385986328124,168.14014587402343,171.50809478759766,174.78471069335936,178.30535736083982,182.98235778808595,194.67056274414062,346.3026123046875,222.91609,1.0,test_data/Useful/Validation/1.5 inches at 2ft/20241103_120010_026.jpg,366.0,173.0,61.365086727659566
101,0.0,0.0,2.0,4.0,6.0,8.0,8.0,10.0,11.0,11.0,12.0,13.0,13.0,13.0,14.0,14.0,15.0,15.0,16.0,16.0,17.0,17.0,18.0,18.0,18.0,19.0,19.0,19.0,20.0,20.0,20.0,21.0,21.0,21.0,21.0,22.0,22.0,22.0,22.0,23.0,23.0,23.0,23.0,24.0,24.0,24.0,24.0,25.0,25.0,25.0,25.0,26.0,26.0,26.0,26.0,26.0,26.0,27.0,27.0,27.0,27.0,28.0,28.0,28.0,28.0,28.0,29.0,29.0,29.0,29.0,29.0,30.0,30.0,30.0,30.0,30.0,31.0,31.0,31.0,31.0,31.0,32.0,32.0,32.0,33.0,33.0,33.0,33.0,34.0,34.0,35.0,35.0,35.0,36.0,36.0,37.0,37.0,38.0,40.0,44.0,30.0,1000.5529412031174,1000.6823529601097,1000.7921568751335,2000.3450980484486,3000.1843137294054,3000.447058826685,3000.5803921818733,3000.6823529601097,3000.78823530674,3001.0,151.96237487792968,159.64437866210938,164.49807739257812,168.3172180175781,171.6820068359375,174.96258544921875,178.5084228515625,183.121337890625,194.87982177734375,346.29925537109375,222.84769,1.0,test_data/Useful/Validation/1.5 inches at 2ft/20241103_120010_027.jpg,339.0,157.0,58.86015417914732
102,0.0,0.0,2.0,4.0,5.0,7.0,8.0,9.0,10.0,11.0,12.0,12.0,13.0,13.0,14.0,14.0,15.0,15.0,16.0,16.0,16.0,17.0,17.0,18.0,18.0,18.0,19.0,19.0,19.0,20.0,20.0,20.0,21.0,21.0,21.0,21.0,22.0,22.0,22.0,22.0,23.0,23.0,23.0,23.0,23.0,24.0,24.0,24.0,24.0,24.0,25.0,25.0,25.0,25.0,26.0,26.0,26.0,26.0,27.0,27.0,27.0,27.0,27.37000000000012,28.0,28.0,28.0,28.0,28.0,29.0,29.0,29.0,29.0,29.0,30.0,30.0,30.0,30.0,31.0,31.0,31.0,31.0,32.0,32.0,32.0,32.0,33.0,33.0,33.0,34.0,34.0,34.0,35.0,35.0,35.0,36.0,36.0,37.0,38.0,39.0,45.0,28.0,1000.5529412031174,1000.6823529601097,1000.7921568751335,2000.3333333432674,3000.1686274558306,3000.4392156898975,3000.5764706134796,3000.678431391716,3000.78823530674,3001.0,151.94684600830078,159.6118927001953,164.50938415527344,168.36496276855468,171.69768524169922,174.93623046875,178.42800903320312,183.04147338867188,194.88467407226562,346.3008117675781,222.49838,1.0,test_data/Useful/Validation/1.5 inches at 2ft/20241103_120010_028.jpg,377.0,165.0,62.357782686101636
103,0.0,0.0,2.969999999999999,4.0,6.0,7.0,8.0,9.0,10.0,11.0,12.0,12.0,13.0,13.0,14.0,14.0,15.0,15.0,16.0,16.0,16.0,17.0,17.0,18.0,18.0,18.0,19.0,19.0,19.0,20.0,20.0,20.0,20.0,21.0,21.0,21.0,22.0,22.0,22.0,22.0,23.0,23.0,23.0,23.0,24.0,24.0,24.0,24.0,24.50999999999999,25.0,25.0,25.0,25.0,26.0,26.0,26.0,26.0,27.0,27.0,27.0,27.0,27.0,28.0,28.0,28.0,28.0,29.0,29.0,29.0,29.0,29.0,30.0,30.0,30.0,30.0,30.0,31.0,31.0,31.0,31.0,32.0,32.0,32.0,32.0,33.0,33.0,33.0,33.0,34.0,34.0,34.0,35.0,35.0,35.0,36.0,36.0,37.0,38.0,39.0,46.0,29.0,1000.5490196347237,1000.678431391716,1000.7921568751335,2000.3568627536297,3000.1686274558306,3000.4392156898975,3000.5764706134796,3000.678431391716,3000.78823530674,3001.0,152.0591598510742,159.7496520996094,164.58248901367188,168.41845703125,171.7569122314453,175.060546875,178.5403076171875,183.14349365234375,194.664306640625,346.2977600097656,222.62064,1.0,test_data/Useful/Validation/1.5 inches at 2ft/20241103_120010_029.jpg,353.0,153.0,59.224401483685206
104,0.0,2.0,4.0,6.0,7.0,8.0,9.0,10.0,11.0,12.0,13.0,13.0,14.0,14.0,14.0,15.0,15.0,16.0,16.0,17.0,17.0,17.0,18.0,18.0,18.0,19.0,19.0,19.0,20.0,20.0,20.0,21.0,21.0,21.0,22.0,22.0,22.0,22.0,22.0,23.0,23.0,23.0,23.0,24.0,24.0,24.0,24.0,24.0,25.0,25.0,25.0,25.0,25.0,26.0,26.0,26.0,26.0,27.0,27.0,27.0,27.0,27.0,28.0,28.0,28.0,28.0,28.0,29.0,29.0,29.0,29.0,29.0,30.0,30.0,30.0,30.0,31.0,31.0,31.0,31.0,31.0,32.0,32.0,32.0,32.0,33.0,33.0,33.0,33.0,34.0,34.0,34.0,35.0,35.0,36.0,36.0,37.0,38.0,39.0,45.0,27.0,1000.5490196347237,1000.678431391716,1000.7921568751335,2000.2901960909367,3000.1568627506495,3000.435294121504,3000.5764706134796,3000.678431391716,3000.78823530674,3001.0,152.0308074951172,159.7035369873047,164.6204833984375,168.45550537109375,171.77462768554688,175.04769897460938,178.52674865722656,183.14178466796875,194.70114135742188,346.2998962402344,222.64124,1.0,test_data/Useful/Validation/1.5 inches at 2ft/20241103_120010_030.jpg,361.0,171.0,62.79644389345715
0,0.0,0.0,0.0,0.0,0.0,0.0,0.0,0.0,0.0,0.0,0.0,0.0,0.0,0.0,1.0,1.0,1.0,2.0,2.0,3.0,3.0,4.0,4.0,5.0,5.0,6.0,6.0,7.0,7.0,8.0,8.0,8.0,9.0,9.0,10.0,10.0,10.0,11.0,11.0,11.0,11.0,12.0,12.0,13.0,13.0,13.0,14.0,14.0,14.0,15.0,15.0,15.0,16.0,16.0,16.0,17.0,17.0,17.0,18.0,18.0,18.0,19.0,19.0,19.0,20.0,20.0,20.0,20.0,21.0,21.0,21.0,22.0,22.0,22.0,23.0,23.0,24.0,24.0,24.0,24.0,25.0,25.0,25.0,26.0,26.0,27.0,27.0,27.0,28.0,28.0,29.0,29.0,30.0,31.0,31.0,32.0,33.0,34.0,36.0,40.0,0.0,1000.7254902124405,2000.4627451002598,2000.7607843279839,3000.1529411822557,3000.392156869173,3000.533333361149,3000.635294139385,3000.733333349228,3000.8470588326454,3001.0,150.78021240234375,158.46726989746094,163.41726684570312,167.24608459472657,170.60699462890625,173.8003387451172,177.1967315673828,181.53907775878906,190.87814331054688,346.172119140625,218.61038,0.0,test_data/Useful/Validation/2 inches at 1ft/20241020_162031.jpg,291.0,192.0,28.953316647031723
1,0.0,0.0,0.0,0.0,0.0,0.0,0.0,0.0,0.0,0.0,0.0,1.0,1.0,2.0,2.0,3.0,4.0,4.0,5.0,5.0,6.0,7.0,7.0,7.0,8.0,8.0,9.0,9.0,10.0,10.0,11.0,11.0,11.0,12.0,12.0,12.0,13.0,13.0,14.0,14.0,14.0,14.0,15.0,15.0,15.0,16.0,16.0,16.0,17.0,17.0,17.0,18.0,18.0,18.0,19.0,19.0,19.0,19.0,20.0,20.0,20.0,21.0,21.0,21.0,22.0,22.0,22.0,22.0,23.0,23.0,23.0,24.0,24.0,24.0,25.0,25.0,25.0,26.0,26.0,26.0,27.0,27.0,27.0,28.0,28.0,28.0,29.0,29.0,30.0,30.0,31.0,31.0,31.0,32.0,33.0,33.039999999999964,35.0,36.0,38.0,42.0,0.0,1000.866666674614,2000.6078431606293,2000.89411765337,3000.270588248968,3000.4823529422283,3000.596078455448,3000.694117665291,3000.78823530674,3000.890196084976,3001.0,151.9600067138672,159.6240264892578,164.46947021484374,168.2817352294922,171.63677978515625,174.83445739746094,178.23118591308594,182.44390258789062,191.56524658203125,346.3067626953125,219.12448,0.0,test_data/Useful/Validation/2 inches at 1ft/20241020_162036.jpg,353.0,230.0,32.9511103000554
2,0.0,0.0,0.0,0.0,0.0,0.0,0.0,0.0,0.0,1.0,1.0,2.0,2.0,3.0,3.0,4.0,5.0,5.0,6.0,6.0,7.0,7.0,8.0,8.0,9.0,9.0,10.0,10.0,10.0,11.0,11.0,11.0,12.0,12.0,12.0,13.0,13.0,13.0,14.0,14.0,14.0,15.0,15.0,15.0,16.0,16.0,16.0,16.0,17.0,17.0,18.0,18.0,18.0,19.0,19.0,19.0,19.0,20.0,20.0,20.0,21.0,21.0,21.0,22.0,22.0,22.0,23.0,23.0,23.0,24.0,24.0,24.0,25.0,25.0,25.0,26.0,26.0,26.0,26.0,27.0,27.0,27.0,28.0,28.0,29.0,29.0,29.0,30.0,30.0,31.0,31.0,32.0,32.0,33.0,33.0,34.0,35.0,36.0,38.0,41.0,0.0,1000.839215695858,2000.5764706134796,2000.8745098114014,3000.2392156869173,3000.4666666686535,3000.5882353186607,3000.6862745285034,3000.7921568751335,3000.8980392217636,3001.0,152.39873046875,160.031884765625,164.87067718505858,168.6815673828125,172.0236358642578,175.2296600341797,178.6685028076172,182.9180908203125,191.84913787841796,346.29791259765625,219.11899,0.0,test_data/Useful/Validation/2 inches at 1ft/20241020_162038.jpg,350.0,209.0,31.742768492151423
3,0.0,0.0,0.0,0.0,0.0,0.0,0.0,0.0,0.0,0.0,0.0,1.0,2.0,2.0,3.0,3.0,4.0,5.0,5.0,6.0,6.789999999999964,7.0,8.0,8.0,9.0,9.0,10.0,10.0,11.0,11.0,11.0,12.0,12.0,12.0,13.0,13.0,13.0,13.620000000000005,14.0,14.0,14.0,15.0,15.0,15.0,16.0,16.0,16.0,16.0,17.0,17.0,17.0,18.0,18.0,18.0,19.0,19.0,19.0,20.0,20.0,20.0,20.0,21.0,21.0,21.0,22.0,22.0,22.0,23.0,23.0,23.0,24.0,24.0,24.0,24.0,25.0,25.0,25.0,26.0,26.0,26.0,27.0,27.0,27.0,28.0,28.0,28.0,29.0,29.0,30.0,30.0,31.0,31.0,32.0,32.0,33.0,33.039999999999964,34.0,35.0,37.0,41.0,0.0,1001.0,2000.611764729023,2000.9137254953384,3000.258823543787,3000.458823531866,3000.5764706134796,3000.6705882549286,3000.772549033165,3000.878431379795,3001.0,151.4982452392578,159.2440185546875,164.13546752929688,167.98489379882812,171.34063720703125,174.55482482910156,177.98933868408204,182.2721710205078,191.61016845703125,346.21636962890625,219.34709,0.0,test_data/Useful/Validation/2 inches at 1ft/20241020_162039.jpg,301.0,207.0,30.21085332257235
4,0.0,0.0,0.0,0.0,0.0,0.0,0.0,0.0,0.0,0.0,0.0,0.0,1.0,1.0,2.0,3.0,3.0,4.0,4.0,5.0,6.0,6.0,7.0,8.0,8.0,9.0,9.0,10.0,10.0,10.0,11.0,11.0,11.0,12.0,12.0,12.0,13.0,13.0,13.0,14.0,14.0,14.0,15.0,15.0,15.0,16.0,16.0,16.0,17.0,17.0,17.0,18.0,18.0,18.0,19.0,19.0,19.0,20.0,20.0,20.0,20.0,21.0,21.0,21.0,22.0,22.0,22.0,22.0,23.0,23.0,23.0,24.0,24.0,24.0,25.0,25.0,25.0,25.0,26.0,26.0,26.0,27.0,27.0,27.0,28.0,28.0,29.0,29.0,29.0,30.0,30.0,31.0,31.0,32.0,33.0,33.0,34.0,35.0,37.0,41.0,0.0,1000.8627451062202,2000.5529412031174,2000.8156862854958,3000.1686274558306,3000.4235294163227,3000.556862771511,3000.6588235497475,3000.7647058963776,3000.8745098114014,3001.0,151.8289535522461,159.36277465820314,164.29303741455078,168.102587890625,171.4502716064453,174.7049102783203,178.1051788330078,182.34473876953126,191.56521606445312,346.2386779785156,219.26947,0.0,test_data/Useful/Validation/2 inches at 1ft/20241020_162041.jpg,282.0,184.0,32.33259802946905
5,0.0,0.0,0.0,0.0,0.0,0.0,0.0,0.0,0.0,0.0,0.0,0.0,0.0,1.0,1.0,2.0,3.0,3.0,4.0,4.0,5.0,6.0,6.0,7.0,7.0,8.0,8.0,9.0,9.0,10.0,10.0,10.0,11.0,11.0,11.0,12.0,12.0,13.0,13.0,13.0,14.0,14.0,14.0,14.0,15.0,15.0,15.0,16.0,16.0,16.0,17.0,17.0,17.0,18.0,18.0,18.0,18.0,19.0,19.0,19.0,20.0,20.0,20.0,21.0,21.0,21.0,22.0,22.0,22.309999999999945,23.0,23.0,23.0,24.0,24.0,24.0,25.0,25.0,26.0,26.0,26.0,27.0,27.0,27.0,28.0,28.0,29.0,29.0,29.0,30.0,30.0,31.0,31.0,32.0,32.0,33.0,34.0,34.029999999999745,35.0,37.0,43.0,0.0,2000.2901960909367,2000.6470588445663,2000.9294117689133,3000.298039227724,3000.4901960790157,3000.596078455448,3000.690196096897,3000.78823530674,3000.89411765337,3001.0,151.6936004638672,159.30420837402343,164.1756591796875,167.97381591796875,171.29662322998047,174.53916931152344,177.97327575683593,182.1979248046875,191.44752502441406,346.28179931640625,218.35623,0.0,test_data/Useful/Validation/2 inches at 1ft/20241020_162048.jpg,286.0,183.0,31.745876235616254
6,0.0,0.0,0.0,0.0,0.0,0.0,0.0,0.0,0.0,0.0,0.0,0.0,0.0,0.0,1.0,1.0,2.0,2.0,3.0,4.0,4.0,5.0,5.0,6.0,7.0,7.0,8.0,8.0,9.0,9.0,10.0,10.0,10.0,11.0,11.0,11.0,12.0,12.0,12.0,13.0,13.0,13.0,14.0,14.0,15.0,15.0,15.0,16.0,16.0,16.0,16.0,17.0,17.0,17.0,18.0,18.0,18.0,19.0,19.0,19.0,20.0,20.0,20.0,20.0,21.0,21.0,22.0,22.0,22.0,23.0,23.0,23.0,24.0,24.0,24.0,25.0,25.0,25.0,26.0,26.0,26.0,27.0,27.0,28.0,28.0,28.0,29.0,29.0,30.0,30.0,31.0,31.0,32.0,32.0,33.0,34.0,35.0,36.0,37.0,43.0,0.0,2000.2666666805744,2000.6588235497475,2000.933333337307,3000.2901960909367,3000.4901960790157,3000.600000023842,3000.694117665291,3000.7921568751335,3000.89411765337,3001.0,151.66357421875,159.33307800292968,164.2749221801758,168.0278778076172,171.37962341308594,174.5894775390625,177.92306518554688,182.20375061035156,191.26812744140625,346.285888671875,218.41342,0.0,test_data/Useful/Validation/2 inches at 1ft/20241020_162050.jpg,313.0,213.0,34.41537158025166
7,0.0,0.0,0.0,0.0,0.0,0.0,0.0,0.0,0.0,0.0,0.0,0.0,0.0,0.0,1.0,1.0,2.0,2.0,3.0,3.0,4.0,5.0,5.0,6.0,6.0,7.0,7.0,8.0,8.0,9.0,10.0,10.0,10.670000000000073,11.0,11.0,11.0,12.0,12.0,12.0,13.0,13.0,13.0,14.0,14.0,14.0,15.0,15.0,15.0,16.0,16.0,16.0,16.0,17.0,17.0,17.0,18.0,18.0,18.0,19.0,19.0,19.0,20.0,20.0,20.0,21.0,21.0,21.0,22.0,22.0,22.0,23.0,23.0,23.0,23.0,24.0,24.0,24.0,25.0,25.0,25.0,26.0,26.0,26.0,27.0,27.0,28.0,28.0,28.0,29.0,29.0,30.0,31.0,31.0,32.0,33.0,33.039999999999964,34.029999999999745,35.0,37.00999999999976,44.0,0.0,1000.9529411792755,2000.5607843399048,2000.8431372642517,3000.2196078449488,3000.447058826685,3000.568627476692,3000.666666686535,3000.7686274647713,3000.8745098114014,3001.0,151.55419921875,159.1891632080078,164.02740478515625,167.79043579101562,171.15597534179688,174.35928344726562,177.7559844970703,182.04867553710938,191.20114135742188,346.2287902832031,218.4775,0.0,test_data/Useful/Validation/2 inches at 1ft/20241020_162052.jpg,278.0,180.0,34.9895430266616
8,0.0,0.0,0.0,0.0,0.0,0.0,0.0,0.0,0.0,0.0,0.0,0.0,0.0,0.0,0.0,1.0,1.0,2.0,3.0,3.0,4.0,4.0,5.0,5.0,6.0,7.0,7.0,8.0,8.0,9.0,9.0,10.0,10.0,10.0,11.0,11.0,11.0,12.0,12.0,12.0,13.0,13.0,13.0,14.0,14.0,14.0,15.0,15.0,15.0,16.0,16.0,16.0,17.0,17.0,17.0,18.0,18.0,18.0,19.0,19.0,19.0,19.0,20.0,20.0,20.0,21.0,21.0,21.0,21.0,22.0,22.0,23.0,23.0,23.0,23.0,24.0,24.0,25.0,25.0,25.0,26.0,26.0,27.0,27.0,27.0,27.0,28.0,28.0,29.0,29.0,30.0,30.079999999999927,31.0,32.0,32.0,33.0,34.0,35.0,37.0,41.0,0.0,2000.215686276555,2000.5921568870544,2000.8470588326454,3000.2196078449488,3000.4549019634724,3000.5803921818733,3000.6705882549286,3000.772549033165,3000.878431379795,3001.0,150.96743774414062,158.49159240722656,163.3794189453125,167.20058898925782,170.5481719970703,173.74482421875,177.13239288330078,181.45455322265624,190.92509002685551,346.2627868652344,218.46758,0.0,test_data/Useful/Validation/2 inches at 1ft/20241020_162053.jpg,315.0,201.0,29.216468636018405
9,0.0,0.0,0.0,0.0,0.0,0.0,0.0,0.0,0.0,0.0,0.0,0.0,0.0,0.0,0.0,0.0,1.0,1.0,1.0,2.0,3.0,3.0,3.0,4.0,4.0,5.0,5.0,6.0,6.0,7.0,7.0,8.0,8.0,9.0,9.0,10.0,10.0,10.0,10.0,11.0,11.0,11.0,12.0,12.0,12.0,13.0,13.0,13.0,13.0,14.0,14.0,14.0,15.0,15.0,15.0,16.0,16.0,16.0,16.0,17.0,17.0,17.0,17.0,18.0,18.0,18.0,19.0,19.0,20.0,20.0,20.0,21.0,21.0,21.0,22.0,22.0,22.0,23.0,23.0,24.0,24.0,24.0,25.0,25.0,26.0,26.0,26.0,27.0,27.0,28.0,28.090000000000146,29.0,30.0,30.0,31.0,32.0,33.0,34.0,36.0,43.0,0.0,1000.9843137264252,2000.5764706134796,2000.839215695858,3000.2000000029802,3000.4392156898975,3000.572549045086,3000.666666686535,3000.7686274647713,3000.878431379795,3001.0,150.08175659179688,157.76105346679688,162.56631317138672,166.42457275390626,169.75888061523438,172.9879638671875,176.43238830566406,180.8207763671875,190.45952301025392,346.2797546386719,218.85495,0.0,test_data/Useful/Validation/2 inches at 1ft/20241020_162055.jpg,293.0,196.0,27.93396956129075
10,0.0,0.0,0.0,0.0,0.0,0.0,0.0,0.0,0.0,0.0,0.0,0.0,0.0,0.0,0.0,1.0,1.0,2.0,2.0,2.0,3.0,3.0,4.0,5.0,5.0,6.0,6.0,7.0,7.0,8.0,8.0,9.0,9.0,10.0,10.0,10.0,11.0,11.0,11.0,11.0,12.0,12.0,12.0,13.0,13.0,13.0,14.0,14.0,14.0,15.0,15.0,15.0,15.0,16.0,16.0,16.0,17.0,17.0,18.0,18.0,18.0,19.0,19.0,19.0,20.0,20.0,20.0,21.0,21.0,21.0,22.0,22.0,22.0,23.0,23.0,23.0,24.0,24.0,24.210000000000036,25.0,25.0,26.0,26.0,26.0,27.0,27.0,27.0,28.0,28.0,29.0,29.0,30.0,30.0,31.0,32.0,33.0,34.0,35.0,36.0,43.0,0.0,2000.1686274558306,2000.6196078658104,2000.8980392217636,3000.2470588237047,3000.470588237047,3000.5882353186607,3000.6823529601097,3000.7764706015587,3000.878431379795,3001.0,150.57154998779296,158.21209716796875,163.09441528320312,166.914794921875,170.27008056640625,173.5081359863281,176.94072418212892,181.2872497558594,190.62383880615235,346.2381591796875,218.44748,0.0,test_data/Useful/Validation/2 inches at 1ft/20241020_162104.jpg,287.0,185.0,27.91523021294617
11,0.0,0.0,0.0,0.0,0.0,0.0,0.0,0.0,0.0,0.0,0.0,0.0,1.0,1.0,2.0,2.0,3.0,4.0,4.0,5.0,5.0,6.0,6.0,7.0,7.0,8.0,8.0,9.0,10.0,10.0,10.0,10.0,11.0,11.0,11.0,12.0,12.0,12.0,13.0,13.0,13.0,14.0,14.0,14.0,14.0,15.0,15.0,16.0,16.0,16.0,16.49000000000001,17.0,17.0,17.0,18.0,18.0,18.0,19.0,19.0,19.0,19.0,20.0,20.0,20.0,21.0,21.0,21.0,22.0,22.0,22.0,22.0,23.0,23.0,23.0,24.0,24.0,24.0,25.0,25.0,25.0,26.0,26.0,26.0,27.0,27.0,27.0,28.0,28.0,29.0,29.0,30.0,30.0,31.0,31.0,32.0,33.0,34.0,35.0,37.0,44.0,0.0,2000.1921568661928,2000.6196078658104,2000.8901960849762,3000.2392156869173,3000.46274510026,3000.584313750267,3000.678431391716,3000.7764706015587,3000.882352948189,3001.0,151.4212661743164,158.9976013183594,163.88312377929688,167.67464599609374,170.99826049804688,174.19395751953124,177.60556640625,181.89999389648438,191.26783752441406,346.269775390625,218.96829,0.0,test_data/Useful/Validation/2 inches at 1ft/20241020_162107.jpg,334.0,217.0,35.82127037879827
12,0.0,0.0,0.0,0.0,0.0,0.0,0.0,0.0,0.0,0.0,0.0,0.0,0.0,1.0,1.0,2.0,2.0,3.0,3.0,4.0,5.0,5.0,6.0,6.0,7.0,7.0,8.0,8.720000000000027,9.0,10.0,10.0,10.0,11.0,11.0,11.0,12.0,12.0,12.0,13.0,13.0,13.0,14.0,14.0,14.0,15.0,15.0,15.0,15.0,16.0,16.0,16.0,17.0,17.0,17.0,17.0,18.0,18.0,18.0,19.0,19.0,19.0,19.0,20.0,20.0,20.0,21.0,21.0,21.0,22.0,22.0,22.0,23.0,23.0,23.0,23.0,24.0,24.0,25.0,25.0,25.0,26.0,26.0,26.0,26.0,27.0,27.0,28.0,28.0,28.0,29.0,29.0,30.0,31.0,31.0,32.0,33.0,34.0,35.0,36.0,41.0,0.0,1000.9411764740944,2000.5411764979362,2000.8156862854958,3000.149019613862,3000.4117647111416,3000.556862771511,3000.6588235497475,3000.7647058963776,3000.8745098114014,3001.0,151.11172485351562,158.79788818359376,163.59776153564454,167.42398986816406,170.80706787109375,174.02828979492188,177.40914916992188,181.67633056640625,190.83148193359375,346.21783447265625,218.64098,0.0,test_data/Useful/Validation/2 inches at 1ft/20241020_162108.jpg,306.0,201.0,35.41624557117846
13,0.0,0.0,0.0,0.0,0.0,0.0,0.0,0.0,0.0,0.0,0.0,0.0,0.0,0.0,1.0,1.0,2.0,2.0,3.0,3.0,4.0,4.0,5.0,5.0,6.0,6.0,7.0,7.0,8.0,8.0,9.0,9.0,9.670000000000073,10.0,10.0,11.0,11.0,11.0,12.0,12.0,12.0,13.0,13.0,13.0,13.0,14.0,14.0,14.519999999999982,15.0,15.0,15.0,16.0,16.0,16.0,17.0,17.0,17.0,18.0,18.0,18.0,18.0,19.0,19.0,19.0,20.0,20.0,20.0,21.0,21.0,21.0,21.0,22.0,22.0,22.0,23.0,23.0,23.0,24.0,24.0,24.0,25.0,25.0,25.0,26.0,26.0,27.0,27.0,28.0,28.0,29.0,29.0,30.0,30.070000000000164,31.0,32.0,33.0,34.0,35.0,36.0,41.0,0.0,1000.8823529481888,2000.5411764979362,2000.811764717102,3000.160784319043,3000.4117647111416,3000.5490196347237,3000.65098041296,3000.7529411911964,3000.866666674614,3001.0,151.3833801269531,159.0159912109375,163.78648376464844,167.63882446289062,171.01272583007812,174.17625427246094,177.53211975097656,181.7739471435547,190.9773376464844,346.2131042480469,218.51242,0.0,test_data/Useful/Validation/2 inches at 1ft/20241020_162110.jpg,318.0,215.0,31.368941556173002
14,0.0,0.0,0.0,0.0,0.0,0.0,0.0,0.0,0.0,0.0,0.0,0.0,0.0,0.0,0.0,0.0,1.0,1.0,2.0,3.0,3.0,4.0,4.0,5.0,5.0,6.0,7.0,7.0,7.0,8.0,8.0,9.0,9.0,10.0,10.0,10.0,11.0,11.0,11.0,11.0,12.0,12.0,13.0,13.0,13.0,13.0,14.0,14.0,14.0,15.0,15.0,15.0,16.0,16.0,16.0,16.0,17.0,17.0,17.0,18.0,18.0,19.0,19.0,19.0,19.0,20.0,20.0,21.0,21.0,21.0,22.0,22.0,22.0,23.0,23.0,23.0,24.0,24.0,24.0,25.0,25.0,26.0,26.0,26.0,27.0,27.0,28.0,28.0,28.0,29.0,29.0,30.0,30.0,31.0,31.0,32.0,33.0,34.0,36.0,42.0,0.0,1000.905882358551,2000.54509806633,2000.8235294222832,3000.1843137294054,3000.435294121504,3000.5647059082985,3000.6588235497475,3000.760784327984,3000.866666674614,3001.0,151.00485229492188,158.71736755371094,163.57074584960938,167.402734375,170.71969604492188,173.94808959960938,177.36763916015624,181.7178497314453,191.0697021484375,346.20758056640625,218.49048,0.0,test_data/Useful/Validation/2 inches at 1ft/20241020_162112.jpg,302.0,188.0,28.275563880310106
15,0.0,0.0,0.0,0.0,0.0,0.0,0.0,0.0,0.0,0.0,0.0,0.0,0.0,0.0,0.0,0.0,1.0,2.0,2.0,3.0,4.0,4.0,5.0,5.0,6.0,6.0,7.0,7.0,8.0,9.0,9.0,10.0,10.0,10.0,11.0,11.0,11.0,11.0,12.0,12.0,13.0,13.0,13.0,13.0,14.0,14.0,14.0,15.0,15.0,15.0,16.0,16.0,16.0,17.0,17.0,18.0,18.0,18.0,18.409999999999854,19.0,19.0,19.0,20.0,20.0,20.0,21.0,21.0,21.0,22.0,22.0,22.0,23.0,23.0,23.0,24.0,24.0,24.0,25.0,25.0,25.0,26.0,26.0,26.0,27.0,27.0,27.0,28.0,28.0,29.0,29.0,30.0,30.0,31.0,31.0,32.0,33.0,34.0,35.0,37.0,43.0,0.0,1000.8901960849762,2000.54509806633,2000.8274509906769,3000.1725490242243,3000.4235294163227,3000.560784339905,3000.6588235497475,3000.760784327984,3000.8705882430077,3001.0,151.0824737548828,158.7239990234375,163.69509887695312,167.61717224121094,170.98646545410156,174.16641235351562,177.57261657714844,181.88580322265625,191.00494384765625,346.224609375,218.1096,0.0,test_data/Useful/Validation/2 inches at 1ft/20241020_162113.jpg,305.0,196.0,30.34254151046605
16,0.0,0.0,0.0,0.0,0.0,0.0,0.0,0.0,0.0,0.0,0.0,0.0,0.0,0.0,1.0,1.0,2.0,2.0,3.0,3.0,4.0,4.0,5.0,6.0,6.0,7.0,7.0,8.0,8.0,9.0,9.0,10.0,10.0,10.0,11.0,11.0,11.0,12.0,12.0,12.0,13.0,13.0,13.0,14.0,14.0,14.0,15.0,15.0,15.0,16.0,16.0,16.0,16.0,17.0,17.0,17.0,18.0,18.0,18.0,18.0,19.0,19.0,19.0,20.0,20.0,20.0,20.0,21.0,21.0,21.0,22.0,22.0,22.0,23.0,23.0,24.0,24.0,24.0,25.0,25.0,25.0,26.0,26.0,26.0,27.0,27.0,28.0,28.0,28.0,29.0,29.0,30.0,30.0,31.0,31.0,32.0,33.0,34.0,36.0,44.0,0.0,2000.0862745121121,2000.5647059082985,2000.8431372642517,3000.188235297799,3000.419607847929,3000.5529412031174,3000.65098041296,3000.75686275959,3000.8705882430077,3001.0,151.2439163208008,158.92239074707032,163.78487548828124,167.6605224609375,170.98291015625,174.16595458984375,177.5543975830078,181.88551330566406,191.275146484375,346.2049560546875,218.31796,0.0,test_data/Useful/Validation/2 inches at 1ft/20241020_162116.jpg,279.0,177.0,34.54074230704526
17,0.0,0.0,0.0,0.0,0.0,0.0,0.0,0.0,0.0,0.0,0.0,0.0,0.0,0.0,0.0,1.0,1.0,2.0,3.0,3.0,3.0,4.0,4.0,5.0,5.0,6.0,6.0,7.0,7.0,8.0,8.0,9.0,9.0,10.0,10.0,10.0,11.0,11.0,11.0,11.0,12.0,12.0,12.0,13.0,13.0,13.0,14.0,14.0,14.0,15.0,15.0,15.0,15.470000000000027,16.0,16.0,17.0,17.0,17.0,18.0,18.0,18.0,19.0,19.0,19.0,19.0,20.0,20.0,21.0,21.0,21.0,21.0,22.0,22.0,22.0,23.0,23.0,24.0,24.0,24.0,25.0,25.0,25.0,26.0,26.0,27.0,27.0,27.0,28.0,28.0,29.0,29.0,30.0,30.0,31.0,31.0,32.039999999999964,34.0,35.0,37.0,43.0,0.0,1000.8901960849762,2000.5647059082985,2000.839215695858,3000.160784319043,3000.4156862795353,3000.560784339905,3000.6588235497475,3000.7647058963776,3000.8745098114014,3001.0,150.61402893066406,158.22909545898438,163.15463256835938,167.00437622070314,170.31395721435547,173.53059997558594,176.9592544555664,181.2853515625,190.72677612304688,346.249267578125,217.91684,0.0,test_data/Useful/Validation/2 inches at 1ft/20241020_162118.jpg,280.0,193.0,31.053395521160326
18,0.0,0.0,0.0,0.0,0.0,0.0,0.0,0.0,0.0,0.0,0.0,1.0,1.0,2.0,3.0,3.0,4.0,4.0,5.0,5.800000000000011,6.0,7.0,7.0,8.0,8.0,9.0,9.0,10.0,10.0,10.0,11.0,11.0,11.0,12.0,12.0,13.0,13.0,13.0,14.0,14.0,14.0,14.0,15.0,15.0,15.0,16.0,16.0,16.0,17.0,17.0,17.0,17.0,18.0,18.0,18.0,18.440000000000055,19.0,19.0,19.0,20.0,20.0,20.0,21.0,21.0,21.0,21.0,22.0,22.0,22.0,23.0,23.0,23.0,24.0,24.0,24.0,25.0,25.0,25.0,26.0,26.0,26.0,26.0,27.0,27.0,27.0,28.0,28.0,29.0,29.0,30.0,30.0,31.0,31.0,31.0,32.0,33.0,34.0,35.0,37.0,41.0,0.0,1000.9019607901573,2000.5529412031174,2000.8274509906769,3000.1686274558306,3000.419607847929,3000.556862771511,3000.6588235497475,3000.7686274647713,3000.8745098114014,3001.0,151.49385986328124,159.10638427734375,163.9893798828125,167.7834930419922,171.10963439941406,174.3889404296875,177.7708267211914,182.09801635742187,191.46463012695312,346.2190246582031,219.33928,0.0,test_data/Useful/Validation/2 inches at 1ft/20241020_162120.jpg,327.0,211.0,29.733200358238534
19,0.0,0.0,0.0,0.0,0.0,0.0,0.0,0.0,0.0,0.0,0.0,0.0,0.0,1.0,1.0,2.0,2.0,3.0,3.0,4.0,4.0,5.0,5.0,6.0,6.0,7.0,7.0,7.0,8.0,8.0,9.0,9.0,10.0,10.0,11.0,11.0,11.0,12.0,12.0,12.0,13.0,13.0,13.0,14.0,14.0,14.0,15.0,15.0,15.0,15.5,16.0,16.0,16.0,17.0,17.0,17.0,18.0,18.0,18.0,18.0,19.0,19.0,19.0,20.0,20.0,20.0,21.0,21.0,21.0,21.0,22.0,22.0,23.0,23.0,23.0,23.0,24.0,24.0,25.0,25.0,25.0,26.0,26.0,26.0,27.0,27.0,27.0,28.0,28.0,29.0,29.0,29.0,30.0,31.0,31.049999999999727,32.0,33.0,34.0,36.0,41.0,0.0,1000.9450980424881,2000.5882353186607,2000.8588235378265,3000.2000000029802,3000.4392156898975,3000.568627476692,3000.666666686535,3000.772549033165,3000.882352948189,3001.0,151.31656951904296,158.82055053710937,163.69585266113282,167.50450134277344,170.83504486083984,174.01868896484373,177.471875,181.78607177734375,191.12307739257812,346.23699951171875,218.63579,0.0,test_data/Useful/Validation/2 inches at 1ft/20241020_162123.jpg,307.0,204.0,32.75086268468371
20,0.0,0.0,0.0,0.0,0.0,0.0,0.0,0.0,0.0,0.0,1.0,1.0,2.0,2.0,3.0,3.0,4.0,5.0,5.0,6.0,7.0,7.0,7.769999999999982,8.0,8.75,9.0,10.0,10.0,10.0,10.0,11.0,11.0,11.0,12.0,12.0,12.0,13.0,13.0,13.0,13.600000000000023,14.0,14.0,14.0,14.0,15.0,15.0,15.0,16.0,16.0,16.0,16.0,17.0,17.0,17.0,17.0,18.0,18.0,18.0,19.0,19.0,19.0,20.0,20.0,20.0,20.0,21.0,21.0,21.0,22.0,22.0,22.0,23.0,23.0,23.0,23.0,24.0,24.0,24.0,25.0,25.0,25.0,26.0,26.0,26.0,27.0,27.0,27.0,28.0,28.0,29.0,29.0,30.0,30.0,31.0,31.0,32.0,33.0,34.0,36.0,45.0,0.0,1000.8745098114014,2000.5882353186607,2000.8705882430077,3000.2078431397676,3000.419607847929,3000.5490196347237,3000.6431372761726,3000.745098054409,3000.8627451062202,3001.0,150.60070190429687,158.32351379394532,163.20516967773438,167.04002380371094,170.37783813476562,173.59275512695314,177.0501449584961,181.44305419921875,191.29739379882812,346.23828125,219.79027,0.0,test_data/Useful/Validation/2 inches at 1ft/20241020_162245.jpg,332.0,203.0,31.51693537648191
21,0.0,0.0,0.0,0.0,0.0,0.0,0.0,0.0,0.0,0.0,0.0,0.0,0.0,1.0,1.0,2.0,3.0,3.0,4.0,4.0,5.0,5.0,6.0,7.0,7.0,8.0,8.0,9.0,9.0,9.699999999999932,10.0,10.0,10.670000000000073,11.0,11.0,12.0,12.0,12.0,13.0,13.0,13.0,13.0,14.0,14.0,14.0,14.0,15.0,15.0,15.0,15.0,16.0,16.0,16.0,17.0,17.0,17.0,17.0,18.0,18.0,18.0,19.0,19.0,19.0,19.0,20.0,20.0,20.0,20.0,21.0,21.0,21.0,22.0,22.0,22.0,22.0,23.0,23.0,24.0,24.0,24.0,24.0,25.0,25.0,26.0,26.0,26.0,27.0,27.0,27.0,28.0,28.0,29.0,29.0,30.0,31.0,32.0,33.0,34.0,35.0,39.0,0.0,2000.3450980484486,2000.7568627595901,3000.0784313753247,3000.301960796118,3000.458823531866,3000.560784339905,3000.65098041296,3000.7490196228027,3000.8588235378265,3001.0,150.29063568115234,157.96824645996094,162.778125,166.58798217773438,169.9774169921875,173.19549560546875,176.56568908691406,180.91390991210938,190.6194305419922,346.18682861328125,219.5191,0.0,test_data/Useful/Validation/2 inches at 1ft/20241020_162257.jpg,319.0,196.0,27.55418667037741
22,0.0,0.0,0.0,0.0,0.0,0.0,0.0,0.0,0.0,0.0,0.0,1.0,1.0,2.0,3.0,3.0,3.830000000000041,4.0,5.0,5.0,6.0,7.0,7.0,8.0,8.0,9.0,9.0,10.0,10.0,10.0,11.0,11.0,11.0,12.0,12.0,12.0,12.0,13.0,13.0,14.0,14.0,14.0,14.0,15.0,15.0,15.0,15.0,16.0,16.0,16.0,16.0,17.0,17.0,17.0,17.0,18.0,18.0,18.0,19.0,19.0,19.0,19.0,20.0,20.0,20.0,20.0,21.0,21.0,21.0,22.0,22.0,22.0,23.0,23.0,23.0,23.0,24.0,24.0,24.0,24.0,25.0,25.0,25.0,26.0,26.0,27.0,27.0,28.0,28.0,28.0,29.0,29.0,30.0,30.0,31.0,32.0,33.0,34.0,36.0,42.0,0.0,2000.4078431427479,2000.7803921699524,3000.0980392172933,3000.313725501299,3000.46274510026,3000.560784339905,3000.65098041296,3000.745098054409,3000.850980401039,3001.0,150.614697265625,158.19610595703125,163.02090454101562,166.83651733398438,170.2204132080078,173.41925048828125,176.86715698242188,181.197509765625,190.95704650878906,346.1679382324219,219.5407,0.0,test_data/Useful/Validation/2 inches at 1ft/20241020_162259.jpg,367.0,247.0,31.16745285302459
23,0.0,0.0,0.0,0.0,0.0,0.0,0.0,0.0,0.0,0.0,0.0,0.0,1.0,1.0,2.0,2.0,3.0,3.0,4.0,4.0,5.0,5.0,5.0,6.0,7.0,7.0,8.0,8.0,9.0,9.0,10.0,10.0,10.0,11.0,11.0,11.0,12.0,12.0,12.0,12.0,13.0,13.0,13.0,13.0,13.549999999999955,14.0,14.0,14.0,15.0,15.0,15.0,16.0,16.0,16.0,16.0,17.0,17.0,17.0,18.0,18.0,18.0,18.0,19.0,19.0,19.0,20.0,20.0,20.0,21.0,21.0,21.0,22.0,22.0,22.0,23.0,23.0,23.0,24.0,24.0,24.0,24.0,25.0,25.0,26.0,26.0,26.0,26.0,27.0,27.0,28.0,28.0,29.0,29.0,30.0,30.0,31.0,32.0,33.0,35.0,40.0,0.0,2000.3490196168423,2000.7882353067398,3000.0941176488996,3000.2901960909367,3000.4392156898975,3000.5411764979362,3000.635294139385,3000.733333349228,3000.8431372642517,3001.0,150.18560333251952,157.94973449707032,162.84159088134766,166.6651641845703,170.03521728515625,173.25942993164062,176.7390594482422,181.0967254638672,190.7774658203125,346.1032409667969,219.07022,0.0,test_data/Useful/Validation/2 inches at 1ft/20241020_162301.jpg,311.0,197.0,28.72511258882414
24,0.0,0.0,0.0,0.0,0.0,0.0,0.0,0.0,0.0,0.0,0.0,1.0,1.0,2.0,3.0,3.0,4.0,4.0,5.0,5.0,6.0,6.0,7.0,7.0,8.0,9.0,9.0,10.0,10.0,10.0,11.0,11.0,11.0,11.0,12.0,12.0,12.0,13.0,13.0,13.0,14.0,14.0,14.0,15.0,15.0,15.0,16.0,16.0,16.0,16.5,17.0,17.0,17.0,18.0,18.0,18.0,19.0,19.0,19.0,20.0,20.0,20.0,20.0,21.0,21.0,21.0,21.0,22.0,22.0,22.0,23.0,23.0,23.0,24.0,24.0,24.0,25.0,25.0,25.0,25.0,26.0,26.0,26.0,27.0,27.0,28.0,28.0,29.0,29.0,29.0,30.0,30.0,31.0,31.0,32.0,33.0,33.0,34.0,36.0,41.0,0.0,2000.2941176593304,2000.717647075653,3000.06274510175,3000.2823529541492,3000.435294121504,3000.5411764979362,3000.6313725709915,3000.729411780834,3000.839215695858,3001.0,150.8413848876953,158.4839660644531,163.3458053588867,167.18892822265624,170.57320404052734,173.77236938476562,177.20556640625,181.52696228027344,190.92117309570312,346.1169738769531,219.15674,0.0,test_data/Useful/Validation/2 inches at 1ft/20241020_162303.jpg,312.0,208.0,30.11886945583215
25,0.0,0.0,0.0,0.0,0.0,0.0,0.0,0.0,0.0,0.0,0.0,0.0,1.0,1.0,2.0,2.0,3.0,3.0,4.0,4.0,5.0,6.0,6.0,6.0,7.0,7.0,8.0,8.0,9.0,9.0,10.0,10.0,10.0,10.0,11.0,11.0,11.0,12.0,12.0,12.0,12.0,13.0,13.0,13.0,14.0,14.0,14.0,15.0,15.0,15.0,16.0,16.0,16.0,17.0,17.0,17.0,18.0,18.0,18.0,19.0,19.0,19.0,19.0,20.0,20.0,20.0,21.0,21.0,21.0,22.0,22.0,22.0,22.0,23.0,23.0,23.0,24.0,24.0,24.0,25.0,25.0,25.0,26.0,26.0,26.0,27.0,27.0,28.0,28.0,28.0,29.0,29.0,30.0,31.0,31.0,32.0,33.0,34.0,36.0,41.0,0.0,2000.2549019753933,2000.717647075653,3000.086274512112,3000.2901960909367,3000.43137255311,3000.533333361149,3000.627451002598,3000.721568644047,3000.827450990677,3001.0,150.14068756103515,157.86688232421875,162.73760986328125,166.55723266601564,169.91272735595703,173.1481170654297,176.58382720947264,180.9654998779297,190.73880004882812,346.0527038574219,218.8194,0.0,test_data/Useful/Validation/2 inches at 1ft/20241020_162304.jpg,342.0,223.0,28.416108234230585
26,0.0,0.0,0.0,0.0,0.0,0.0,0.0,0.0,0.0,0.0,0.0,0.0,0.0,1.0,1.0,2.0,2.0,3.0,3.0,4.0,5.0,5.0,5.0,6.0,6.0,7.0,7.0,8.0,8.0,9.0,9.0,10.0,10.0,10.0,10.0,11.0,11.0,11.0,12.0,12.0,13.0,13.0,13.0,13.0,14.0,14.0,14.0,15.0,15.0,15.0,15.0,16.0,16.0,16.0,17.0,17.0,17.0,17.0,18.0,18.0,18.0,19.0,19.0,19.0,19.0,20.0,20.0,20.0,21.0,21.0,21.0,22.0,22.0,22.0,23.0,23.0,23.0,24.0,24.0,24.0,24.0,25.0,25.0,26.0,26.0,26.0,27.0,27.0,28.0,28.0,29.0,29.0,30.0,30.0,31.0,32.0,33.0,34.0,35.00999999999976,41.0,0.0,2000.3450980484486,2000.7647058963776,3000.101960785687,3000.309803932905,3000.4549019634724,3000.5529412031174,3000.639215707779,3000.729411780834,3000.8313725590706,3001.0,149.67245635986328,157.44296264648438,162.26808166503906,166.1253204345703,169.5297393798828,172.7659454345703,176.24779052734374,180.63035583496094,190.3145751953125,346.09466552734375,218.85712,0.0,test_data/Useful/Validation/2 inches at 1ft/20241020_162306.jpg,294.0,192.0,28.46908896211283
27,0.0,0.0,0.0,0.0,0.0,0.0,0.0,0.0,0.0,0.0,0.0,0.0,0.0,0.0,1.0,1.0,2.0,2.0,3.0,3.8000000000000114,4.0,4.0,5.0,5.0,6.0,6.0,7.0,7.0,7.0,8.0,8.0,9.0,9.0,10.0,10.0,10.0,11.0,11.0,11.0,11.600000000000023,12.0,12.0,12.0,13.0,13.0,13.0,13.0,14.0,14.0,14.0,15.0,15.0,15.0,15.0,16.0,16.0,16.0,16.0,17.0,17.0,17.0,18.0,18.0,18.0,19.0,19.0,19.0,20.0,20.0,20.0,20.0,21.0,21.0,22.0,22.0,22.0,23.0,23.0,23.0,24.0,24.0,25.0,25.0,25.0,26.0,26.0,27.0,27.0,27.110000000000127,28.0,29.0,29.0,30.0,31.0,31.0,32.0,33.0,34.0,36.0,40.0,0.0,2000.2941176593304,2000.705882370472,3000.019607843831,3000.2549019753933,3000.4156862795353,3000.529411792755,3000.623529434204,3000.721568644047,3000.8313725590706,3001.0,149.68624114990234,157.36544189453124,162.19741516113282,165.9963134765625,169.36121368408203,172.61773681640625,176.03301696777345,180.39774475097656,190.14022827148438,346.1044616699219,219.27324,0.0,test_data/Useful/Validation/2 inches at 1ft/20241020_162307.jpg,321.0,203.0,27.335144551633416
28,0.0,0.0,0.0,0.0,0.0,0.0,0.0,0.0,0.0,0.0,0.0,0.0,0.0,1.0,1.0,1.0,2.0,3.0,3.0,4.0,4.0,5.0,5.0,6.0,6.0,7.0,7.0,7.0,8.0,8.0,9.0,9.0,10.0,10.0,10.0,11.0,11.0,11.0,12.0,12.0,12.0,13.0,13.0,13.0,14.0,14.0,14.0,14.0,15.0,15.0,15.0,16.0,16.0,16.0,16.0,17.0,17.0,17.0,18.0,18.0,18.0,18.0,19.0,19.0,19.0,20.0,20.0,20.0,20.309999999999945,21.0,21.0,21.0,22.0,22.0,22.0,23.0,23.0,23.0,24.0,24.0,24.0,25.0,25.0,25.0,26.0,26.0,26.0,27.0,27.0,28.0,28.0,29.0,29.0,30.0,31.0,32.0,33.0,34.0,35.0,42.0,0.0,2000.2392156869173,2000.705882370472,2001.0,3000.258823543787,3000.4156862795353,3000.533333361149,3000.627451002598,3000.729411780834,3000.8431372642517,3001.0,150.44246520996094,157.99208068847656,162.83505249023438,166.67591857910156,170.0361785888672,173.23934631347657,176.65499420166014,180.93537292480468,190.5931854248047,346.1243896484375,219.3402,0.0,test_data/Useful/Validation/2 inches at 1ft/20241020_162309.jpg,326.0,205.0,33.26287420275659
29,0.0,0.0,0.0,0.0,0.0,0.0,0.0,0.0,0.0,0.0,0.0,1.0,1.8700000000000045,2.0,3.0,3.0,4.0,5.0,5.0,5.0,6.0,6.0,7.0,7.0,8.0,8.0,9.0,9.0,9.0,10.0,10.0,11.0,11.0,11.0,12.0,12.0,12.0,12.0,13.0,13.0,13.0,14.0,14.0,14.0,15.0,15.0,15.0,16.0,16.0,16.0,17.0,17.0,17.0,18.0,18.0,18.0,19.0,19.0,19.0,20.0,20.0,20.0,20.0,21.0,21.0,21.0,21.0,22.0,22.0,22.0,23.0,23.0,23.0,23.0,24.0,24.0,24.0,25.0,25.0,25.0,26.0,26.0,26.0,26.0,27.0,27.0,28.0,28.0,29.0,29.0,30.0,30.0,30.070000000000164,31.0,32.0,32.0,33.0,35.0,36.0,44.0,0.0,2000.1647058874369,2000.6745098233223,3000.054901961237,3000.274509817362,3000.4235294163227,3000.533333361149,3000.623529434204,3000.717647075653,3000.827450990677,3001.0,150.6686553955078,158.18446655273436,163.02267456054688,166.92050170898438,170.2257537841797,173.4431610107422,176.86746215820312,181.19253540039062,190.90731811523438,346.0718994140625,219.69315,0.0,test_data/Useful/Validation/2 inches at 1ft/20241020_162310.jpg,320.0,197.0,32.020176791191865
30,0.0,0.0,0.0,0.0,0.0,0.0,0.0,0.0,0.0,0.0,0.0,0.0,0.0,1.0,1.0,2.0,2.0,3.0,3.0,4.0,4.0,5.0,5.0,6.0,7.0,7.0,8.0,8.0,9.0,9.0,9.0,10.0,10.0,10.0,10.0,11.0,11.0,11.0,12.0,12.0,12.0,13.0,13.0,13.0,14.0,14.0,14.0,15.0,15.0,15.0,15.0,15.0,16.0,16.0,16.0,17.0,17.0,17.0,18.0,18.0,18.0,19.0,19.0,19.0,20.0,20.0,20.0,21.0,21.0,21.0,22.0,22.0,22.0,23.0,23.0,23.0,24.0,24.0,25.0,25.0,25.0,26.0,26.0,26.0,27.0,27.0,28.0,28.0,28.0,29.0,29.0,30.0,31.0,31.0,32.0,33.0,33.0,35.0,37.0,42.0,0.0,2000.3764705955982,2000.8470588326454,3000.2117647081614,3000.403921574354,3000.5215686559677,3000.6078431606293,3000.690196096897,3000.7764706015587,3000.8745098114014,3001.0,150.88736572265626,158.64495849609375,163.50446624755858,167.29771118164064,170.6745147705078,173.88985290527344,177.30499114990235,181.6462432861328,191.01829528808594,346.2240905761719,218.33438,0.0,test_data/Useful/Validation/2 inches at 1ft/20241020_162312.jpg,307.0,196.0,26.798048889604473
31,0.0,0.0,0.0,0.0,0.0,0.0,0.0,0.0,0.0,0.0,0.0,0.0,1.0,1.0,2.0,2.840000000000032,3.0,3.0,4.0,5.0,5.0,6.0,7.0,7.0,8.0,8.0,9.0,9.0,9.709999999999923,10.0,10.0,10.0,11.0,11.0,12.0,12.0,12.0,13.0,13.0,13.0,14.0,14.0,14.0,15.0,15.0,15.0,16.0,16.0,16.0,16.0,17.0,17.0,17.0,17.0,18.0,18.0,18.0,19.0,19.0,19.0,19.0,19.0,20.0,20.0,20.0,21.0,21.0,21.0,22.0,22.0,22.0,23.0,23.0,23.0,24.0,24.0,24.0,25.0,25.0,25.0,26.0,26.0,26.0,27.0,27.0,27.0,28.0,28.0,29.0,29.0,30.0,30.0,31.0,31.0,32.0,33.0,34.0,35.0,36.00999999999976,43.0,0.0,2000.3960784375668,2000.7607843279839,3000.074509806931,3000.301960796118,3000.4509803950787,3000.5529412031174,3000.639215707779,3000.733333349228,3000.839215695858,3001.0,150.36465454101562,158.03269653320314,162.9071304321289,166.72553405761718,170.09739685058594,173.3854187011719,176.75677490234375,181.13607788085938,190.91070556640625,346.1636962890625,219.00679,0.0,test_data/Useful/Validation/2 inches at 1ft/20241020_162314.jpg,314.0,199.0,33.65414995188806
32,0.0,0.0,0.0,0.0,0.0,0.0,0.0,0.0,0.0,0.0,0.0,0.0,1.0,1.0,2.0,3.0,3.0,4.0,4.0,5.0,5.0,6.0,7.0,7.0,8.0,8.0,9.0,9.0,9.709999999999923,10.0,10.0,11.0,11.0,11.0,12.0,12.0,12.0,13.0,13.0,13.0,13.0,14.0,14.0,14.0,15.0,15.0,15.0,15.0,16.0,16.0,16.0,16.0,17.0,17.0,17.0,17.0,18.0,18.0,18.0,19.0,19.0,19.0,20.0,20.0,20.0,20.0,21.0,21.0,21.0,21.0,22.0,22.0,23.0,23.0,23.0,24.0,24.0,24.0,25.0,25.0,25.0,26.0,26.0,26.0,27.0,27.0,27.0,28.0,28.0,29.0,29.0,30.0,30.0,31.0,32.0,33.0,34.0,35.0,36.0,43.0,0.0,2000.4666666686535,2000.8627451062202,3000.1803921610117,3000.364705890417,3000.4941176474094,3000.584313750267,3000.666666686535,3000.760784327984,3000.8627451062202,3001.0,150.3013885498047,158.00759887695312,162.8065185546875,166.62168884277344,169.98216247558594,173.22674560546875,176.66838836669922,180.9946502685547,190.71408081054688,346.1672668457031,219.22018,0.0,test_data/Useful/Validation/2 inches at 1ft/20241020_162316.jpg,293.0,182.0,40.0
33,0.0,0.0,0.0,0.0,0.0,0.0,0.0,0.0,0.0,0.0,0.0,0.0,0.0,1.0,1.0,2.0,2.0,3.0,3.0,4.0,4.0,4.0,5.0,5.0,6.0,6.0,7.0,7.0,8.0,8.0,9.0,9.0,10.0,10.0,10.0,11.0,11.0,11.0,12.0,12.0,12.0,13.0,13.0,13.0,14.0,14.0,14.0,15.0,15.0,15.0,16.0,16.0,16.0,16.0,17.0,17.0,17.0,18.0,18.0,18.0,19.0,19.0,19.0,20.0,20.0,20.0,20.0,21.0,21.0,21.0,22.0,22.0,22.0,23.0,23.0,23.0,24.0,24.0,24.0,25.0,25.0,25.0,26.0,26.0,27.0,27.0,27.0,28.0,28.0,29.0,29.0,30.0,30.0,31.0,31.049999999999727,32.0,33.0,35.0,37.0,43.0,0.0,2000.5098039507866,2000.9019607901573,3000.203921571374,3000.376470595598,3000.498039215803,3000.584313750267,3000.666666686535,3000.75686275959,3000.8588235378265,3001.0,150.4602020263672,157.94503784179688,162.87286376953125,166.70391845703125,170.04803466796875,173.28640747070312,176.7552032470703,181.1019287109375,190.69383850097657,346.162841796875,218.7658,0.0,test_data/Useful/Validation/2 inches at 1ft/20241020_162318.jpg,304.0,197.0,27.50323979100918
34,0.0,0.0,0.0,0.0,0.0,0.0,0.0,0.0,0.0,0.0,0.0,0.0,0.0,0.0,1.0,1.0,2.0,2.0,3.0,3.0,4.0,4.0,5.0,5.0,6.0,7.0,7.0,7.0,8.0,8.0,9.0,9.0,10.0,10.0,10.0,11.0,11.0,11.0,12.0,12.0,12.0,12.0,13.0,13.0,13.0,13.0,14.0,14.0,14.0,15.0,15.0,15.0,16.0,16.0,16.0,16.0,17.0,17.0,17.0,17.0,18.0,18.0,18.0,18.0,19.0,19.0,20.0,20.0,20.0,20.0,21.0,21.0,21.0,22.0,22.0,22.0,23.0,23.0,23.0,24.0,24.0,24.0,25.0,25.0,25.0,26.0,26.0,27.0,27.0,28.0,28.0,29.0,29.0,30.0,31.0,32.0,33.0,34.0,36.0,39.0,0.0,2000.5019608139992,2000.8627451062202,3000.164705887437,3000.364705890417,3000.505882382393,3000.596078455448,3000.678431391716,3000.7647058963776,3000.866666674614,3001.0,149.72564239501952,157.42578125,162.28919982910156,166.13302612304688,169.51097106933594,172.73480224609375,176.21942138671875,180.59593200683594,190.69523925781252,346.2160949707031,219.76118,0.0,test_data/Useful/Validation/2 inches at 1ft/20241020_162319.jpg,327.0,215.0,28.97895485838894
35,0.0,0.0,0.0,0.0,0.0,0.0,0.0,0.0,0.0,0.0,0.0,0.0,0.0,0.0,0.0,1.0,1.0,2.0,2.0,2.0,3.0,3.0,4.0,4.0,5.0,5.0,6.0,6.0,7.0,7.0,8.0,8.0,9.0,9.0,9.0,10.0,10.0,10.0,11.0,11.0,11.0,12.0,12.0,12.0,13.0,13.0,13.0,13.0,14.0,14.0,14.0,14.0,15.0,15.0,15.0,16.0,16.0,16.0,17.0,17.0,17.0,18.0,18.0,18.0,18.0,19.0,19.0,19.0,20.0,20.0,20.0,21.0,21.0,21.0,22.0,22.0,22.0,23.0,23.0,23.0,23.0,24.0,24.0,24.0,25.0,25.0,26.0,26.0,26.0,27.0,27.0,28.0,28.0,29.0,30.0,31.0,32.0,33.0,34.00999999999976,43.0,0.0,2000.4117647111416,2000.7882353067398,3000.117647059262,3000.3215686380863,3000.4666666686535,3000.560784339905,3000.6470588445663,3000.7411764860153,3000.850980401039,3001.0,150.00228881835938,157.5913848876953,162.46751403808594,166.2275390625,169.57730102539062,172.8016815185547,176.24976348876953,180.5799133300781,190.3702239990235,346.15203857421875,219.26828,0.0,test_data/Useful/Validation/2 inches at 1ft/20241020_162351.jpg,344.0,204.0,24.42428536624583
36,0.0,0.0,0.0,0.0,0.0,0.0,0.0,0.0,0.0,0.0,0.0,0.0,0.0,0.0,0.0,0.0,1.0,1.0,2.0,2.0,3.0,3.0,4.0,4.0,5.0,5.0,6.0,6.0,6.0,7.0,7.0,8.0,8.0,9.0,9.0,10.0,10.0,10.0,10.0,11.0,11.0,11.0,12.0,12.0,12.0,13.0,13.0,13.0,14.0,14.0,14.0,15.0,15.0,15.0,15.0,16.0,16.0,16.0,17.0,17.0,17.0,18.0,18.0,18.0,19.0,19.0,19.0,19.0,20.0,20.0,20.0,21.0,21.0,21.0,21.0,22.0,22.0,23.0,23.0,23.0,24.0,24.0,24.0,25.0,25.0,26.0,26.0,27.0,27.0,28.0,28.0,29.0,29.0,30.0,30.049999999999727,31.0,32.0,33.0,35.00999999999976,43.0,0.0,2000.3882353007793,2000.7686274647713,3000.0784313753247,3000.2941176593304,3000.4431372582912,3000.5490196347237,3000.639215707779,3000.733333349228,3000.8470588326454,3001.0,149.98656158447267,157.65528564453126,162.50054931640625,166.35694885253906,169.73809051513672,172.9882598876953,176.40142211914062,180.6950714111328,190.00247192382812,346.1486511230469,218.23172,0.0,test_data/Useful/Validation/2 inches at 1ft/20241020_162353.jpg,308.0,210.0,30.00246919679831
37,0.0,0.0,0.0,0.0,0.0,0.0,0.0,0.0,0.0,0.0,0.0,0.0,0.0,0.0,0.0,1.0,1.0,2.0,2.0,3.0,3.0,4.0,4.0,5.0,5.0,6.0,6.0,7.0,7.0,7.0,8.0,8.0,9.0,9.0,9.0,10.0,10.0,11.0,11.0,11.0,12.0,12.0,12.0,13.0,13.0,13.0,13.0,14.0,14.0,14.0,15.0,15.0,15.0,15.0,16.0,16.0,16.0,17.0,17.0,17.0,18.0,18.0,18.0,19.0,19.0,19.0,19.0,20.0,20.0,20.0,21.0,21.0,21.0,22.0,22.0,22.0,23.0,23.0,23.0,24.0,24.0,25.0,25.0,25.0,26.0,26.0,27.0,27.0,28.0,28.0,28.090000000000146,29.0,30.0,30.0,31.0,32.0,33.0,34.0,35.00999999999976,43.0,0.0,2000.2000000029802,2000.6941176652908,2000.9960784316063,3000.258823543787,3000.419607847929,3000.533333361149,3000.627451002598,3000.721568644047,3000.8352941274643,3001.0,150.46363220214843,158.0657958984375,162.99305725097656,166.80634460449218,170.1194610595703,173.31216125488282,176.7021026611328,180.95220947265625,190.2109375,346.13714599609375,218.2975,0.0,test_data/Useful/Validation/2 inches at 1ft/20241020_162354.jpg,273.0,183.0,31.05472344781558
38,0.0,0.0,0.0,0.0,0.0,0.0,0.0,0.0,0.0,0.0,0.0,0.0,0.0,0.0,1.0,1.0,2.0,2.0,3.0,3.0,4.0,4.0,5.0,5.0,6.0,6.0,7.0,7.0,8.0,8.0,9.0,9.0,10.0,10.0,10.0,11.0,11.0,11.0,11.0,12.0,12.0,12.0,13.0,13.0,13.0,13.0,14.0,14.0,14.0,14.0,15.0,15.0,15.0,15.460000000000036,16.0,16.0,17.0,17.0,17.0,17.0,18.0,18.0,18.0,19.0,19.0,19.0,20.0,20.0,20.0,20.0,21.0,21.0,21.0,22.0,22.0,22.0,23.0,23.0,23.0,24.0,24.0,24.0,25.0,25.0,26.0,26.0,26.0,27.0,27.0,28.0,28.0,28.0,29.0,29.059999999999945,30.0,31.0,32.0,33.0,35.0,40.0,0.0,2000.3294117748737,2000.8078431487083,3000.1450980454683,3000.341176480055,3000.4823529422283,3000.5764706134796,3000.662745118141,3000.7529411911964,3000.8588235378265,3001.0,149.32957458496094,157.12843627929686,162.00833892822266,165.7788513183594,169.18321228027344,172.42315673828125,175.88101196289062,180.22825622558594,190.0814666748047,346.16021728515625,219.08237,0.0,test_data/Useful/Validation/2 inches at 1ft/20241020_162357.jpg,314.0,223.0,34.564526541627785
39,0.0,0.0,0.0,0.0,0.0,0.0,0.0,0.0,0.0,0.0,0.0,0.0,0.0,0.0,1.0,2.0,2.0,3.0,3.0,4.0,4.0,5.0,5.0,6.0,6.0,7.0,7.0,8.0,8.0,9.0,9.0,10.0,10.0,10.0,11.0,11.0,11.0,12.0,12.0,12.0,12.0,13.0,13.0,13.0,13.0,14.0,14.0,14.0,15.0,15.0,15.0,16.0,16.0,16.0,16.0,17.0,17.0,17.0,17.0,18.0,18.0,18.0,19.0,19.0,19.0,19.0,20.0,20.0,20.0,20.0,21.0,21.0,21.269999999999982,22.0,22.0,22.0,23.0,23.0,23.0,24.0,24.0,25.0,25.0,25.0,26.0,26.0,27.0,27.0,28.0,28.0,29.0,29.0,30.0,31.0,31.0,32.0,33.0,34.0,36.0,43.0,0.0,2000.3960784375668,2000.7921568751335,3000.113725490868,3000.3294117748737,3000.4823529422283,3000.5803921818733,3000.6705882549286,3000.7647058963776,3000.8745098114014,3001.0,149.62471923828124,157.29659118652344,162.17852020263672,166.00159606933593,169.31396484375,172.52163696289062,175.90325927734375,180.29156494140625,189.95846557617188,346.19696044921875,219.07233,0.0,test_data/Useful/Validation/2 inches at 1ft/20241020_162400.jpg,280.0,184.0,27.95857758854561
40,0.0,0.0,0.0,0.0,0.0,0.0,0.0,0.0,0.0,0.0,0.0,0.0,0.0,0.0,1.0,2.0,2.0,3.0,3.0,4.0,4.0,5.0,5.0,6.0,6.0,7.0,7.0,7.0,8.0,8.0,9.0,9.0,10.0,10.0,10.0,11.0,11.0,11.0,11.0,12.0,12.0,12.0,12.0,13.0,13.0,13.0,13.529999999999973,14.0,14.0,14.0,15.0,15.0,15.0,16.0,16.0,16.0,16.0,17.0,17.0,17.0,17.0,18.0,18.0,18.0,19.0,19.0,19.0,20.0,20.0,20.0,21.0,21.0,21.0,22.0,22.0,23.0,23.0,23.0,23.0,24.0,24.0,24.179999999999836,25.0,25.0,25.15000000000009,26.0,26.0,27.0,27.0,28.0,28.0,29.0,29.0,30.0,31.0,31.0,32.0,33.0,35.0,43.0,0.0,1000.7764706015587,2000.517647087574,2000.8078431487083,3000.1098039224744,3000.3607843220234,3000.5215686559677,3000.627451002598,3000.733333349228,3000.854901969433,3001.0,149.75493469238282,157.4373809814453,162.22579498291014,166.0672607421875,169.43017578125,172.6580047607422,176.08499145507812,180.431689453125,190.33803863525392,346.25823974609375,219.30092,0.0,test_data/Useful/Validation/2 inches at 1ft/20241020_162403.jpg,314.0,207.0,32.81417312388909
41,0.0,0.0,0.0,0.0,0.0,0.0,0.0,0.0,0.0,0.0,0.0,0.0,0.0,1.0,1.0,2.0,2.0,3.0,3.0,4.0,4.0,5.0,6.0,6.0,6.75,7.0,7.730000000000018,8.0,9.0,9.0,10.0,10.0,10.0,10.0,11.0,11.0,11.0,11.0,12.0,12.0,12.0,13.0,13.0,13.0,14.0,14.0,14.0,14.0,15.0,15.0,15.0,15.0,16.0,16.0,16.0,16.0,17.0,17.0,17.0,18.0,18.0,18.0,18.0,19.0,19.0,19.0,20.0,20.0,20.0,21.0,21.0,21.0,21.269999999999982,22.0,22.0,22.0,23.0,23.0,23.0,24.0,24.0,25.0,25.0,25.0,26.0,26.0,27.0,27.0,28.0,28.0,28.090000000000146,29.0,30.0,30.0,31.0,32.0,33.0,34.0,35.00999999999976,40.0,0.0,1000.8862745165825,2000.6078431606293,2000.8705882430077,3000.1803921610117,3000.4117647111416,3000.5490196347237,3000.65098041296,3000.7529411911964,3000.8745098114014,3001.0,150.10301818847657,157.7633819580078,162.64085083007814,166.490478515625,169.79950714111328,173.00347900390625,176.449462890625,180.78143310546875,190.6380615234375,346.2969970703125,219.94748,0.0,test_data/Useful/Validation/2 inches at 1ft/20241020_162404.jpg,299.0,183.0,27.955755862358835
42,0.0,0.0,0.0,0.0,0.0,0.0,0.0,0.0,0.0,0.0,0.0,0.0,1.0,2.0,2.0,3.0,3.0,4.0,4.0,5.0,6.0,6.0,7.0,7.0,8.0,8.0,9.0,9.0,10.0,10.0,10.0,10.0,11.0,11.0,11.0,11.0,12.0,12.0,12.0,13.0,13.0,13.0,14.0,14.0,14.0,14.0,15.0,15.0,15.0,16.0,16.0,16.0,17.0,17.0,17.0,17.0,18.0,18.0,18.0,19.0,19.0,19.0,19.0,20.0,20.0,20.0,21.0,21.0,21.0,21.0,22.0,22.0,22.0,23.0,23.0,23.0,24.0,24.0,24.0,25.0,25.0,26.0,26.0,26.0,26.15000000000009,27.0,27.0,28.0,28.0,28.0,29.0,29.0,30.0,31.0,31.0,31.0,32.0,34.0,35.00999999999976,41.0,0.0,1000.8509804010391,2000.5686274766922,2000.8431372642517,3000.1686274558306,3000.3882353007793,3000.5254902243614,3000.627451002598,3000.7254902124405,3000.8470588326454,3001.0,150.2075958251953,157.83750915527344,162.8462371826172,166.6371307373047,169.9618682861328,173.14805603027344,176.65353393554688,181.054443359375,190.85487365722656,346.2106628417969,220.21117,0.0,test_data/Useful/Validation/2 inches at 1ft/20241020_162406.jpg,314.0,214.0,29.396705752117136
43,0.0,0.0,0.0,0.0,0.0,0.0,0.0,0.0,0.0,0.0,0.0,1.0,1.0,2.0,2.0,3.0,3.0,4.0,5.0,5.0,6.0,6.0,7.0,7.0,8.0,8.0,9.0,9.0,10.0,10.0,10.0,11.0,11.0,11.0,11.0,12.0,12.0,12.0,13.0,13.0,13.0,13.0,14.0,14.0,14.0,14.0,15.0,15.0,15.0,16.0,16.0,16.0,16.0,17.0,17.0,17.0,17.0,18.0,18.0,18.0,19.0,19.0,19.0,20.0,20.0,20.0,20.0,21.0,21.0,21.0,22.0,22.0,22.0,23.0,23.0,23.0,23.0,24.0,24.0,24.0,25.0,25.0,25.0,26.0,26.0,26.0,27.0,27.0,28.0,28.0,28.0,29.0,29.0,30.0,31.0,32.0,32.0,33.0,35.0,45.0,0.0,2000.474509805441,2000.811764717102,3000.1568627506495,3000.3725490272045,3000.5098039507866,3000.596078455448,3000.678431391716,3000.7647058963776,3000.866666674614,3001.0,148.81589965820314,156.66612548828124,161.48519897460938,165.28216552734375,168.6593780517578,171.88577270507812,175.36318969726562,179.96229553222656,190.72982788085938,346.2060241699219,220.60014,0.0,test_data/Useful/Validation/2 inches at 1ft/20241020_162408.jpg,314.0,199.0,29.947534068134246
44,0.0,0.0,0.0,0.0,0.0,0.0,0.0,0.0,0.0,0.0,0.0,0.0,0.0,1.0,1.0,2.0,2.0,3.0,4.0,4.0,4.0,5.0,6.0,6.0,7.0,7.0,8.0,8.0,9.0,9.0,9.0,10.0,10.0,10.0,10.0,11.0,11.0,11.0,11.610000000000014,12.0,12.0,12.0,13.0,13.0,13.0,14.0,14.0,14.0,15.0,15.0,15.0,16.0,16.0,16.0,16.0,17.0,17.0,17.0,17.0,18.0,18.0,18.0,19.0,19.0,19.0,19.0,20.0,20.0,20.0,21.0,21.0,21.0,22.0,22.0,22.0,23.0,23.0,23.0,24.0,24.0,24.0,25.0,25.0,25.0,26.0,26.0,26.0,27.0,27.0,28.0,28.0,29.0,29.0,30.0,30.0,31.0,32.0,33.0,35.0,45.0,0.0,2000.4666666686535,2000.8235294222832,3000.133333340287,3000.3333333432674,3000.474509805441,3000.568627476692,3000.65098041296,3000.745098054409,3000.8470588326454,3001.0,149.61827087402344,157.42083740234375,162.21632385253906,166.02340698242188,169.38751220703125,172.6253662109375,176.057861328125,180.3933563232422,190.25051879882812,346.161376953125,219.3027,0.0,test_data/Useful/Validation/2 inches at 1ft/20241020_162409.jpg,336.0,209.0,24.636263612859164
45,0.0,0.0,0.0,0.0,0.0,0.0,0.0,0.0,0.0,0.0,0.0,0.0,0.0,0.0,0.0,1.0,1.0,2.0,2.0,3.0,3.0,4.0,5.0,5.0,5.0,6.0,6.0,7.0,8.0,8.0,8.0,9.0,9.0,10.0,10.0,10.0,10.0,11.0,11.0,11.0,11.589999999999918,12.0,12.0,12.0,13.0,13.0,13.0,14.0,14.0,14.0,14.0,15.0,15.0,15.0,16.0,16.0,16.0,16.419999999999845,17.0,17.0,17.0,18.0,18.0,18.0,19.0,19.0,19.0,20.0,20.0,20.0,20.0,21.0,21.0,21.0,21.0,22.0,22.0,23.0,23.0,23.0,23.0,24.0,24.0,24.0,25.0,25.0,25.13000000000011,26.0,26.0,27.0,27.0,28.0,28.0,29.0,30.0,31.0,31.029999999999745,32.0,35.0,40.0,0.0,2000.5058823823929,2000.8588235378265,3000.1843137294054,3000.368627458811,3000.498039215803,3000.584313750267,3000.6588235497475,3000.7411764860153,3000.839215695858,3001.0,147.31421356201173,154.95484313964843,159.87328186035157,163.70456237792968,167.08615112304688,170.42776489257812,173.98133850097656,178.65577697753906,189.89340209960938,346.11669921875,219.74173,0.0,test_data/Useful/Validation/2 inches at 1ft/20241020_162410.jpg,310.0,196.0,27.44477931684197
46,0.0,0.0,0.0,0.0,0.0,0.0,0.0,0.0,0.0,0.0,0.0,0.0,0.0,0.0,0.0,0.0,0.0,1.0,1.0,2.0,3.0,3.0,4.0,4.0,5.0,5.0,5.0,6.0,6.0,7.0,7.0,7.0,8.0,8.0,9.0,9.0,10.0,10.0,10.0,10.0,11.0,11.0,11.0,11.0,12.0,12.0,12.0,13.0,13.0,13.0,14.0,14.0,14.0,14.0,15.0,15.0,15.0,15.0,16.0,16.0,16.0,17.0,17.0,17.0,17.0,18.0,18.0,18.0,18.309999999999945,19.0,19.0,19.279999999999973,20.0,20.0,21.0,21.0,21.0,22.0,22.0,22.0,22.0,23.0,23.0,24.0,24.0,24.0,25.0,25.0,26.0,26.09999999999991,27.0,28.0,28.0,29.0,29.0,30.0,31.0,32.0,33.0,43.0,0.0,2000.4313725531101,2000.772549033165,3000.0941176488996,3000.309803932905,3000.46274510026,3000.5647059082985,3000.6470588445663,3000.733333349228,3000.8352941274643,3001.0,147.52069854736328,155.09677734375,159.96112213134765,163.8352081298828,167.21885681152344,170.51470947265625,174.07931518554688,178.7088165283203,189.80618286132812,346.15966796875,219.27917,0.0,test_data/Useful/Validation/2 inches at 1ft/20241020_162411.jpg,308.0,197.0,25.11509006940121
47,0.0,0.0,0.0,0.0,0.0,0.0,0.0,0.0,0.0,0.0,0.0,0.0,0.0,0.0,1.0,1.0,2.0,2.0,3.0,3.0,4.0,4.0,5.0,5.0,6.0,7.0,7.0,7.0,8.0,8.0,9.0,9.0,9.0,10.0,10.0,10.0,11.0,11.0,11.0,11.0,12.0,12.0,12.0,12.0,13.0,13.0,13.0,14.0,14.0,14.0,14.0,15.0,15.0,15.0,15.0,16.0,16.0,16.0,16.0,17.0,17.0,17.0,18.0,18.0,18.0,18.0,19.0,19.0,19.0,20.0,20.0,20.0,20.0,21.0,21.0,21.0,22.0,22.0,22.0,23.0,23.0,23.179999999999836,24.0,24.0,25.0,25.0,25.0,26.0,27.0,27.0,28.0,28.0,29.0,29.0,30.0,31.0,32.0,33.0,34.0,39.0,0.0,2000.517647087574,2000.8196078538895,3000.1294117718935,3000.341176480055,3000.4941176474094,3000.5882353186607,3000.666666686535,3000.7529411911964,3000.850980401039,3001.0,147.7828826904297,155.37221069335936,160.2813461303711,164.1478057861328,167.5817413330078,170.91807250976564,174.45245361328125,179.1226531982422,190.10963439941406,346.21044921875,219.87354,0.0,test_data/Useful/Validation/2 inches at 1ft/20241020_162413.jpg,301.0,198.0,32.90099321458619
48,0.0,0.0,0.0,0.0,0.0,0.0,0.0,0.0,0.0,0.0,0.0,0.0,0.0,0.0,0.0,1.0,1.0,2.0,3.0,3.0,4.0,4.0,5.0,5.0,6.0,6.0,7.0,7.0,8.0,8.0,9.0,9.0,10.0,10.0,10.0,10.0,11.0,11.0,11.0,11.0,12.0,12.0,12.0,13.0,13.0,13.0,13.0,14.0,14.0,14.0,14.0,15.0,15.0,15.0,16.0,16.0,16.0,17.0,17.0,17.0,17.0,18.0,18.0,18.0,19.0,19.0,19.0,19.0,20.0,20.0,20.0,20.0,21.0,21.0,21.0,22.0,22.0,22.0,23.0,23.0,23.0,24.0,24.0,25.0,25.0,25.139999999999873,26.0,26.0,27.0,27.0,28.0,29.0,29.0,30.0,31.0,31.0,32.0,33.0,35.0,42.0,0.0,2000.447058826685,2000.800000011921,3000.1098039224744,3000.32549020648,3000.474509805441,3000.572549045086,3000.6588235497475,3000.7529411911964,3000.8588235378265,3001.0,150.13382110595703,157.74317626953126,162.63551330566406,166.46018981933594,169.79547882080078,172.99066162109375,176.4347351074219,180.7877380371094,190.25973510742188,346.1827087402344,218.7384,0.0,test_data/Useful/Validation/2 inches at 1ft/20241020_162414.jpg,290.0,207.0,30.159346782867342
49,0.0,0.0,0.0,0.0,0.0,0.0,0.0,0.0,0.0,0.0,0.0,0.0,0.0,0.0,1.0,1.0,2.0,3.0,3.0,4.0,4.0,5.0,5.0,6.0,6.0,7.0,7.0,8.0,8.0,9.0,9.0,10.0,10.0,10.0,10.0,11.0,11.0,11.0,12.0,12.0,12.0,12.0,13.0,13.0,14.0,14.0,14.0,14.0,15.0,15.0,15.0,16.0,16.0,16.0,16.0,17.0,17.0,17.0,17.0,18.0,18.0,18.0,18.0,19.0,19.0,19.340000000000146,20.0,20.0,21.0,21.0,21.0,22.0,22.0,22.0,23.0,23.0,23.0,24.0,24.0,24.0,25.0,25.0,25.0,26.0,26.0,27.0,27.0,27.0,28.0,28.0,28.0,29.0,30.0,30.0,31.0,32.0,33.0,34.0,36.0,41.0,0.0,2000.32549020648,2000.7294117808342,2001.0,3000.286274522543,3000.4509803950787,3000.560784339905,3000.65098041296,3000.7490196228027,3000.8588235378265,3001.0,150.36517333984375,157.9751434326172,162.8715362548828,166.67193603515625,170.02081298828125,173.2587432861328,176.6643798828125,180.98372497558594,190.64292907714844,346.2008972167969,218.54547,0.0,test_data/Useful/Validation/2 inches at 1ft/20241020_162416.jpg,288.0,194.0,30.86913879460867
50,0.0,0.0,0.0,0.0,0.0,0.0,0.0,0.0,0.0,0.0,0.0,0.0,0.0,0.0,1.0,1.0,2.0,2.0,3.0,3.0,4.0,4.0,5.0,6.0,6.0,6.0,7.0,7.0,8.0,9.0,9.0,10.0,10.0,10.0,10.0,11.0,11.0,11.0,12.0,12.0,12.0,12.0,13.0,13.0,13.0,14.0,14.0,14.0,14.0,15.0,15.0,15.0,16.0,16.0,16.0,16.0,17.0,17.0,17.0,18.0,18.0,18.0,18.0,19.0,19.0,19.0,20.0,20.0,20.0,21.0,21.0,21.0,21.0,22.0,22.0,22.0,23.0,23.0,23.0,24.0,24.0,24.0,25.0,25.0,25.0,26.0,26.0,27.0,27.0,28.0,28.0,29.0,29.0,30.0,30.0,31.0,32.0,33.0,35.0,43.0,0.0,2000.2392156869173,2000.6588235497475,2000.878431379795,3000.258823543787,3000.4549019634724,3000.5647059082985,3000.6431372761726,3000.7254902124405,3000.827450990677,3001.0,144.8707244873047,152.60794067382812,157.63357543945312,161.6226348876953,165.21507263183594,168.76805419921874,172.7613067626953,178.10911865234377,190.37799072265625,346.2428283691406,220.37161,0.0,test_data/Useful/Validation/2 inches at 1ft/20241020_162417.jpg,300.0,184.0,30.187333013951655
51,0.0,0.0,0.0,0.0,0.0,0.0,0.0,0.0,0.0,0.9000000000000057,1.0,1.0,2.0,3.0,3.0,4.0,5.0,5.0,6.0,6.0,7.0,7.0,8.0,8.0,9.0,9.0,10.0,10.0,11.0,11.0,11.0,11.0,12.0,12.0,13.0,13.0,13.0,14.0,14.0,14.0,14.589999999999918,15.0,15.0,15.0,16.0,16.0,16.0,16.519999999999982,17.0,17.0,17.0,18.0,18.0,18.0,19.0,19.0,19.0,19.0,20.0,20.0,20.0,20.0,21.0,21.0,21.0,22.0,22.0,22.0,22.0,23.0,23.0,23.0,24.0,24.0,24.0,24.0,25.0,25.0,25.0,26.0,26.0,26.0,27.0,27.0,28.0,28.0,28.0,29.0,29.0,30.0,30.0,30.0,31.0,32.0,32.0,33.0,34.0,35.0,37.0,44.0,0.0,2000.3960784375668,2000.717647075653,2000.9803921580315,3000.2784313857555,3000.4509803950787,3000.560784339905,3000.65098041296,3000.7490196228027,3000.8627451062202,3001.0,150.7528533935547,158.299072265625,163.2003173828125,167.06900024414062,170.39419555664062,173.69973754882812,177.12545776367188,181.48855590820312,191.55740356445312,346.22906494140625,220.33545,0.0,test_data/Useful/Validation/2 inches at 1ft/20241020_162419.jpg,332.0,197.0,26.70561380843663
52,0.0,0.0,0.0,0.0,0.0,0.0,0.0,0.0,0.0,0.0,0.0,0.0,0.0,1.0,1.0,2.0,2.0,3.0,4.0,4.0,5.0,5.0,6.0,6.0,7.0,7.0,8.0,8.0,9.0,9.0,10.0,10.0,10.0,11.0,11.0,11.0,11.0,12.0,12.0,12.0,13.0,13.0,13.0,13.0,14.0,14.0,14.0,14.0,15.0,15.0,15.0,16.0,16.0,16.0,16.0,17.0,17.0,17.0,18.0,18.0,18.0,18.0,19.0,19.0,19.0,20.0,20.0,20.0,21.0,21.0,21.0,22.0,22.0,22.0,23.0,23.0,23.0,24.0,24.0,24.0,25.0,25.0,25.0,26.0,26.0,26.0,27.0,27.0,28.0,28.0,29.0,29.0,30.0,30.0,31.0,32.0,32.0,34.0,35.0,40.0,0.0,2000.4235294163227,2000.7294117808342,2000.9843137264252,3000.286274522543,3000.46274510026,3000.572549045086,3000.6588235497475,3000.7529411911964,3000.8627451062202,3001.0,150.0396713256836,157.74605407714844,162.64578399658203,166.50131530761718,169.83704376220703,173.0355224609375,176.42376403808595,180.8533477783203,190.8785171508789,346.258056640625,219.32518,0.0,test_data/Useful/Validation/2 inches at 1ft/20241020_162420.jpg,274.0,186.0,30.391599191255743
53,0.0,0.0,0.0,0.0,0.0,0.0,0.0,0.0,0.0,0.0,0.0,0.0,0.0,0.0,1.0,1.0,1.0,2.0,3.0,3.0,4.0,5.0,5.0,5.0,6.0,6.0,7.0,7.0,8.0,9.0,9.0,9.0,10.0,10.0,10.0,11.0,11.0,11.0,12.0,12.0,12.0,12.0,13.0,13.0,13.0,14.0,14.0,14.0,14.0,15.0,15.0,15.0,16.0,16.0,16.0,17.0,17.0,17.0,17.409999999999854,18.0,18.0,18.0,19.0,19.0,19.0,20.0,20.0,20.0,21.0,21.0,21.0,21.0,22.0,22.0,23.0,23.0,23.0,23.0,24.0,24.0,25.0,25.0,25.0,26.0,26.0,26.0,27.0,27.0,28.0,28.0,29.0,29.0,30.0,31.0,31.0,32.0,33.0,34.0,35.00999999999976,43.0,0.0,2000.4274509847164,2000.784313738346,3000.090196080506,3000.337254911661,3000.4941176474094,3000.596078455448,3000.6862745285034,3000.7803921699524,3000.890196084976,3001.0,150.6153594970703,158.33698120117188,163.17951202392578,166.99685974121093,170.32979583740234,173.53887939453125,176.9320297241211,181.3212890625,190.7569122314453,346.2879638671875,219.11516,0.0,test_data/Useful/Validation/2 inches at 1ft/20241020_162422.jpg,327.0,200.0,29.443988809276938
54,0.0,0.0,0.0,0.0,0.0,0.0,0.0,0.0,0.0,0.0,0.0,0.0,0.0,1.0,1.0,2.0,3.0,3.0,4.0,4.0,5.0,6.0,6.0,7.0,8.0,8.0,8.0,9.0,9.0,10.0,10.0,10.0,11.0,11.0,11.0,11.0,12.0,12.0,12.0,13.0,13.0,13.0,13.0,14.0,14.0,14.0,15.0,15.0,15.0,15.5,16.0,16.0,16.0,17.0,17.0,17.0,17.0,18.0,18.0,18.0,19.0,19.0,19.0,19.0,20.0,20.0,20.0,21.0,21.0,22.0,22.0,22.0,22.0,23.0,23.0,23.0,24.0,24.0,25.0,25.0,25.0,26.0,26.0,26.0,27.0,27.0,27.0,28.0,28.0,29.0,29.0,30.0,30.0,31.0,32.0,32.0,33.0,34.0,36.0,41.0,0.0,2000.3607843220234,2000.7098039388657,2000.960784316063,3000.286274522543,3000.4666666686535,3000.5764706134796,3000.662745118141,3000.75686275959,3000.866666674614,3001.0,149.92641906738282,157.51998901367188,162.3850311279297,166.1736297607422,169.53309631347656,172.75653076171875,176.19830322265625,180.56716918945312,190.59327697753906,346.2674560546875,219.44197,0.0,test_data/Useful/Validation/2 inches at 1ft/20241020_162423.jpg,308.0,195.0,25.977795815473453
55,0.0,0.0,0.0,0.0,0.0,0.0,0.0,0.0,0.0,0.0,0.0,0.0,1.0,1.0,2.0,2.0,3.0,4.0,4.0,5.0,5.0,6.0,6.0,7.0,7.0,8.0,8.0,8.0,9.0,9.0,10.0,10.0,10.0,10.660000000000082,11.0,11.0,11.0,12.0,12.0,12.0,13.0,13.0,13.0,14.0,14.0,14.0,14.529999999999973,15.0,15.0,15.0,16.0,16.0,16.0,16.460000000000036,17.0,17.0,17.0,18.0,18.0,18.0,18.0,19.0,19.0,19.0,20.0,20.0,20.0,20.0,21.0,21.0,21.0,22.0,22.0,22.0,23.0,23.0,23.0,24.0,24.0,24.0,25.0,25.0,25.0,26.0,26.0,27.0,27.0,28.0,28.0,29.0,29.0,30.0,30.0,31.0,31.0,32.0,33.0,34.0,36.0,42.0,0.0,2000.5058823823929,2000.8078431487083,3000.074509806931,3000.313725501299,3000.4784313738346,3000.5764706134796,3000.662745118141,3000.75686275959,3000.8705882430077,3001.0,150.33137054443358,158.10796813964845,163.0094436645508,166.8007080078125,170.14202117919922,173.3740051269531,176.7807205200195,181.25098876953126,191.03386993408202,346.2529296875,219.17169,0.0,test_data/Useful/Validation/2 inches at 1ft/20241020_162428.jpg,315.0,200.0,29.027940962351558
56,0.0,0.0,0.0,0.0,0.0,0.0,0.0,0.0,0.0,0.0,1.0,1.0,2.0,3.0,3.0,4.0,4.0,5.0,5.0,6.0,6.0,7.0,8.0,8.0,8.0,9.0,9.0,10.0,10.0,10.0,11.0,11.0,12.0,12.0,12.0,12.0,13.0,13.0,13.0,14.0,14.0,14.0,14.0,15.0,15.0,15.0,16.0,16.0,16.0,16.0,17.0,17.0,17.0,18.0,18.0,18.0,19.0,19.0,19.0,20.0,20.0,20.0,20.0,21.0,21.0,21.0,22.0,22.0,22.0,22.299999999999955,23.0,23.0,23.0,24.0,24.0,24.0,25.0,25.0,25.0,26.0,26.0,26.0,27.0,27.0,27.0,28.0,28.0,28.0,29.0,29.0,30.0,30.0,31.0,31.0,32.0,33.0,34.0,35.0,36.0,42.0,0.0,2000.4352941215038,2000.7882353067398,3000.0705882385373,3000.3058823645115,3000.46274510026,3000.568627476692,3000.6549019813538,3000.7529411911964,3000.8627451062202,3001.0,150.85336151123047,158.5011444091797,163.36912536621094,167.2215576171875,170.56138610839844,173.7965087890625,177.2718963623047,181.5465270996094,191.19522094726562,346.2262268066406,219.14984,0.0,test_data/Useful/Validation/2 inches at 1ft/20241020_162430.jpg,317.0,199.0,34.45309014627314
57,0.0,0.0,0.0,0.0,0.0,0.0,0.0,0.0,0.0,0.0,0.0,0.0,0.0,1.0,1.0,2.0,2.0,3.0,4.0,4.0,5.0,5.0,6.0,6.0,7.0,8.0,8.0,8.0,9.0,10.0,10.0,10.0,10.0,11.0,11.0,11.0,12.0,12.0,12.0,13.0,13.0,13.0,13.0,14.0,14.0,14.0,15.0,15.0,15.0,15.0,16.0,16.0,16.0,17.0,17.0,17.0,18.0,18.0,18.0,18.0,19.0,19.0,19.0,20.0,20.0,20.0,21.0,21.0,21.0,21.299999999999955,22.0,22.0,22.0,23.0,23.0,23.0,24.0,24.0,24.0,25.0,25.0,25.0,26.0,26.0,26.0,27.0,27.0,28.0,28.0,28.09999999999991,29.0,29.0,30.0,31.0,31.049999999999727,32.0,33.0,34.0,35.0,42.0,0.0,2000.2392156869173,2000.6862745285034,2000.9568627476692,3000.227450981736,3000.407843142748,3000.529411792755,3000.623529434204,3000.7254902124405,3000.839215695858,3001.0,150.52057495117188,158.2152557373047,163.0843963623047,166.92567443847656,170.29885864257812,173.53693542480468,176.96034088134766,181.28203125,190.7662353515625,346.1545104980469,219.40732,0.0,test_data/Useful/Validation/2 inches at 1ft/20241020_162431.jpg,314.0,207.0,33.93926483829851
58,0.0,0.0,0.0,0.0,0.0,0.0,0.0,0.0,0.0,0.0,0.0,0.0,0.0,0.0,1.0,1.0,2.0,2.0,3.0,3.0,4.0,4.0,5.0,5.0,6.0,7.0,7.0,7.0,8.0,8.0,9.0,9.0,10.0,10.0,10.0,11.0,11.0,11.0,12.0,12.0,12.0,12.0,13.0,13.0,13.0,14.0,14.0,14.0,15.0,15.0,15.0,15.0,16.0,16.0,16.0,17.0,17.0,17.0,17.0,18.0,18.0,18.0,19.0,19.0,19.0,20.0,20.0,20.0,20.309999999999945,21.0,21.0,21.0,22.0,22.0,23.0,23.0,23.0,24.0,24.0,24.0,25.0,25.0,25.0,26.0,26.0,26.0,27.0,27.0,28.0,28.0,29.0,29.0,30.0,30.0,31.0,32.0,32.0,34.0,35.00999999999976,42.0,0.0,1000.9960784316063,2000.6196078658104,2000.89411765337,3000.176470592618,3000.364705890417,3000.505882382393,3000.6039215922356,3000.7098039388657,3000.8313725590706,3001.0,150.55393981933594,158.13595581054688,162.97813415527344,166.80587768554688,170.1839599609375,173.36752319335938,176.82907104492188,181.1856231689453,190.83941345214845,346.1010437011719,219.72878,0.0,test_data/Useful/Validation/2 inches at 1ft/20241020_162433.jpg,315.0,207.0,28.103507956713116
59,0.0,0.0,0.0,0.0,0.0,0.0,0.0,0.0,0.0,0.0,0.0,0.0,1.0,1.0,2.0,3.0,3.0,3.0,4.0,4.0,5.0,5.0,6.0,6.0,7.0,8.0,8.0,8.0,9.0,9.0,10.0,10.0,10.0,11.0,11.0,11.0,11.0,12.0,12.0,12.0,13.0,13.0,13.0,14.0,14.0,14.0,14.0,15.0,15.0,15.0,16.0,16.0,16.0,17.0,17.0,17.0,18.0,18.0,18.0,18.0,19.0,19.0,19.0,20.0,20.0,20.0,20.0,21.0,21.0,21.0,22.0,22.0,22.0,22.0,23.0,23.0,23.0,24.0,24.0,25.0,25.0,25.0,25.0,26.0,26.0,27.0,27.0,27.0,28.0,28.0,29.0,29.0,30.0,30.0,31.0,32.0,33.0,34.0,35.0,41.0,0.0,1000.9686274528503,2000.611764729023,2000.8862745165825,3000.1686274558306,3000.3607843220234,3000.501960813999,3000.6078431606293,3000.717647075653,3000.839215695858,3001.0,150.71725311279297,158.3762969970703,163.31178283691406,167.0940399169922,170.46347045898438,173.68060302734375,177.11489868164062,181.4225616455078,191.06234741210938,346.1376953125,219.16939,0.0,test_data/Useful/Validation/2 inches at 1ft/20241020_162434.jpg,306.0,196.0,28.82528010616649
60,0.0,0.0,0.0,0.0,0.0,0.0,0.0,0.0,0.0,1.0,1.0,2.0,2.0,3.0,4.0,4.0,5.0,5.0,6.0,6.0,7.0,8.0,8.0,9.0,9.0,10.0,10.0,11.0,11.0,12.0,12.0,12.0,13.0,13.0,13.0,14.0,14.0,14.620000000000005,15.0,15.0,16.0,16.0,16.0,16.0,17.0,17.0,17.0,18.0,18.0,18.0,18.0,19.0,19.0,19.460000000000036,20.0,20.0,20.0,20.419999999999845,21.0,21.0,21.0,22.0,22.0,22.0,23.0,23.0,23.0,23.0,24.0,24.0,24.0,25.0,25.0,25.0,26.0,26.0,26.0,27.0,27.0,27.0,28.0,28.0,28.0,29.0,29.0,29.0,30.0,30.0,30.0,31.0,31.0,32.0,32.0,33.0,33.0,34.0,35.0,36.0,37.0,43.0,0.0,1000.8745098114014,2000.572549045086,2000.8196078538895,3000.1686274558306,3000.4509803950787,3000.5803921818733,3000.6823529601097,3000.78823530674,3000.89411765337,3001.0,152.2641143798828,159.8737335205078,164.69358825683594,168.5283203125,171.8461456298828,175.04947814941406,178.47893981933595,182.71442260742188,191.9114990234375,346.333251953125,219.02618,0.0,test_data/Useful/Validation/2 inches at 1ft/20241020_162602.jpg,306.0,199.0,22.89451288739639
61,0.0,0.0,0.0,0.0,0.0,0.0,0.0,0.0,0.0,0.0,0.0,0.0,1.0,1.0,2.0,2.0,3.0,3.0,4.0,4.0,5.0,6.0,6.0,7.0,7.0,8.0,8.0,9.0,9.0,10.0,10.0,10.0,11.0,11.0,11.0,11.0,12.0,12.0,12.0,13.0,13.0,13.0,14.0,14.0,14.0,14.0,15.0,15.0,15.0,16.0,16.0,16.0,17.0,17.0,17.0,17.0,18.0,18.0,18.0,19.0,19.0,19.0,19.0,20.0,20.0,21.0,21.0,21.0,22.0,22.0,22.0,23.0,23.0,23.0,24.0,24.0,24.0,24.0,25.0,25.0,25.190000000000055,26.0,26.0,27.0,27.0,27.0,28.0,28.0,29.0,29.0,29.0,30.0,31.0,31.0,32.0,33.0,33.0,34.0,36.0,42.0,0.0,1000.7921568751335,2000.556862771511,2000.800000011921,3000.2000000029802,3000.458823531866,3000.584313750267,3000.678431391716,3000.7686274647713,3000.8705882430077,3001.0,150.52130126953125,158.215380859375,163.11746520996093,166.98690185546874,170.39794921875,173.6287078857422,177.10055847167968,181.50244750976563,191.388671875,346.28125,219.27115,0.0,test_data/Useful/Validation/2 inches at 1ft/20241020_162604.jpg,327.0,206.0,28.22794826212793
62,0.0,0.0,0.0,0.0,0.0,0.0,0.0,0.0,0.0,1.0,1.0,2.0,2.0,3.0,3.0,4.0,4.0,5.0,5.0,6.0,6.0,7.0,7.0,8.0,8.0,9.0,10.0,10.0,10.0,11.0,11.0,11.0,12.0,12.0,12.0,12.0,13.0,13.0,13.0,14.0,14.0,14.0,15.0,15.0,15.0,16.0,16.0,16.0,17.0,17.0,17.0,17.0,18.0,18.0,18.0,19.0,19.0,19.0,20.0,20.0,20.0,20.0,21.0,21.0,21.0,21.0,22.0,22.0,22.0,23.0,23.0,23.0,23.0,24.0,24.0,24.0,25.0,25.0,25.0,26.0,26.0,26.0,27.0,27.0,27.0,28.0,28.0,29.0,29.0,30.0,30.0,30.0,31.0,32.0,32.0,33.0,34.0,35.0,36.0,44.0,0.0,1000.7803921699524,2000.5294117927551,2000.7568627595901,3000.1529411822557,3000.43137255311,3000.5647059082985,3000.6588235497475,3000.7529411911964,3000.854901969433,3001.0,151.06863098144532,158.67230224609375,163.52088012695313,167.31644592285156,170.70147705078125,173.9242706298828,177.38031616210938,181.75425415039064,191.85753479003907,346.2269592285156,219.56049,0.0,test_data/Useful/Validation/2 inches at 1ft/20241020_162605.jpg,319.0,197.0,24.860995425248596
63,0.0,0.0,0.0,0.0,0.0,0.0,0.0,0.0,0.0,0.0,0.0,0.0,0.0,0.0,0.0,0.0,0.0,1.0,1.0,2.0,3.0,3.0,4.0,4.0,5.0,5.0,6.0,6.0,7.0,7.0,8.0,9.0,9.0,10.0,10.0,10.0,11.0,11.0,11.0,12.0,12.0,12.0,12.0,13.0,13.0,13.0,14.0,14.0,14.0,14.0,15.0,15.0,16.0,16.0,16.0,16.440000000000055,17.0,17.0,18.0,18.0,18.0,19.0,19.0,19.0,20.0,20.0,20.0,21.0,21.0,21.0,22.0,22.0,22.0,22.0,23.0,23.0,23.0,24.0,24.0,24.0,25.0,25.0,25.0,26.0,26.0,27.0,27.0,27.0,28.0,28.0,29.0,29.0,30.0,31.0,31.0,32.0,33.0,34.01999999999998,37.0,41.0,0.0,1000.8235294222832,2000.5803921818733,2000.8274509906769,3000.2078431397676,3000.4666666686535,3000.5882353186607,3000.6862745285034,3000.784313738346,3000.89411765337,3001.0,151.50298156738282,159.17020263671876,164.01956176757812,167.88943481445312,171.2600860595703,174.43569946289062,177.8534698486328,182.14191284179688,191.14120483398438,346.3488464355469,219.15971,0.0,test_data/Useful/Validation/2 inches at 1ft/20241020_162607.jpg,287.0,185.0,26.061445774735677
64,0.0,0.0,0.0,0.0,0.0,0.0,0.0,0.0,0.0,1.0,1.0,2.0,3.0,3.0,4.0,5.0,5.0,6.0,7.0,7.0,8.0,8.0,9.0,10.0,10.0,10.0,11.0,11.0,11.0,12.0,12.0,12.0,13.0,13.0,13.0,14.0,14.0,14.0,15.0,15.0,15.0,16.0,16.0,16.0,17.0,17.0,17.0,18.0,18.0,18.0,19.0,19.0,19.0,20.0,20.0,20.0,20.0,21.0,21.0,21.0,21.0,22.0,22.0,22.0,23.0,23.0,23.0,23.0,24.0,24.0,24.0,25.0,25.0,25.0,25.0,26.0,26.0,26.0,27.0,27.0,27.0,27.0,28.0,28.0,29.0,29.0,29.0,30.0,30.0,30.0,31.0,31.0,32.0,32.0,33.0,33.0,34.0,35.0,37.0,41.0,0.0,1000.9921568632126,2000.584313750267,2000.7960784435272,3000.1843137294054,3000.458823531866,3000.5803921818733,3000.6745098233223,3000.772549033165,3000.878431379795,3001.0,151.74837188720704,159.3225341796875,164.26433563232422,168.0406036376953,171.41839599609375,174.63756713867187,178.05894470214844,182.37179565429688,191.9660629272461,346.29949951171875,220.11446,0.0,test_data/Useful/Validation/2 inches at 1ft/20241020_162609.jpg,299.0,181.0,31.361338812496562
65,0.0,0.0,0.0,0.0,0.0,0.0,0.0,0.0,1.0,2.0,3.0,4.0,4.0,5.0,6.0,6.0,7.0,8.0,8.0,9.0,9.0,10.0,10.0,10.0,11.0,11.0,12.0,12.0,12.0,13.0,13.0,13.0,14.0,14.0,14.0,15.0,15.0,15.0,16.0,16.0,16.0,16.0,17.0,17.0,17.0,18.0,18.0,18.0,19.0,19.0,19.0,19.0,20.0,20.0,20.0,21.0,21.0,21.0,21.0,22.0,22.0,22.0,22.0,22.0,23.0,23.0,23.0,23.0,24.0,24.0,24.0,25.0,25.0,25.0,25.0,26.0,26.0,26.0,26.0,27.0,27.0,27.0,28.0,28.0,28.0,29.0,29.0,30.0,30.0,30.0,31.0,31.0,32.0,32.0,33.0,33.0,34.0,35.0,36.00999999999976,44.0,0.0,1000.866666674614,2000.5882353186607,2000.8039215803146,3000.1803921610117,3000.458823531866,3000.5882353186607,3000.6823529601097,3000.7803921699524,3000.890196084976,3001.0,151.51046600341797,159.28341674804688,164.19253845214843,168.01943359375,171.40149688720703,174.6071014404297,177.9677993774414,182.30235290527344,191.9369354248047,346.3548583984375,220.48938,0.0,test_data/Useful/Validation/2 inches at 1ft/20241020_162610.jpg,307.0,196.0,24.650024117210155
66,0.0,0.0,0.0,0.0,0.0,0.0,0.0,0.0,0.0,0.0,0.0,0.0,1.0,2.0,2.0,3.0,3.0,4.0,5.0,5.0,6.0,6.0,7.0,8.0,8.0,9.0,9.0,10.0,10.0,10.0,11.0,11.0,11.0,12.0,12.0,12.0,13.0,13.0,13.0,14.0,14.0,14.579999999999927,15.0,15.0,15.0,16.0,16.0,17.0,17.0,17.0,18.0,18.0,18.0,18.0,19.0,19.0,19.0,20.0,20.0,20.0,21.0,21.0,21.0,21.0,22.0,22.0,22.0,23.0,23.0,23.0,23.0,24.0,24.0,24.0,25.0,25.0,25.0,26.0,26.0,26.0,27.0,27.0,28.0,28.0,28.0,29.0,29.0,30.0,30.0,30.0,31.0,31.0,32.0,33.0,33.0,34.0,35.0,36.0,37.0,42.0,0.0,1000.8431372642517,2000.5607843399048,2000.839215695858,3000.1843137294054,3000.4431372582912,3000.5764706134796,3000.678431391716,3000.7803921699524,3000.890196084976,3001.0,151.75960540771484,159.41804809570314,164.3022216796875,168.08816528320312,171.4781036376953,174.70877380371093,178.0942855834961,182.32821655273438,191.664794921875,346.2996826171875,219.42657,0.0,test_data/Useful/Validation/2 inches at 1ft/20241020_162710.jpg,301.0,185.0,34.27654750237279
67,0.0,0.0,0.0,0.0,0.0,0.0,0.0,0.0,0.0,0.0,0.0,0.0,0.0,1.0,1.0,2.0,2.0,3.0,3.0,4.0,5.0,6.0,6.0,7.0,7.0,8.0,8.0,9.0,10.0,10.0,10.0,11.0,11.0,11.0,12.0,12.0,12.0,13.0,13.0,13.0,14.0,14.0,14.0,15.0,15.0,15.0,15.0,16.0,16.0,16.0,17.0,17.0,17.0,18.0,18.0,18.0,18.0,19.0,19.0,19.0,20.0,20.0,20.0,21.0,21.0,21.0,22.0,22.0,22.0,22.0,23.0,23.0,24.0,24.0,24.0,25.0,25.0,25.0,26.0,26.0,26.0,27.0,27.0,27.0,28.0,28.0,28.13000000000011,29.0,29.0,30.0,30.0,31.0,32.0,32.0,33.0,34.0,35.0,36.0,37.0,43.0,0.0,1000.866666674614,2000.54509806633,2000.8039215803146,3000.137254908681,3000.4392156898975,3000.5803921818733,3000.6862745285034,3000.78823530674,3000.89411765337,3001.0,151.82130432128906,159.46194458007812,164.30816650390625,168.13352966308594,171.5035858154297,174.71746215820312,178.0669387817383,182.31216430664062,191.46347045898438,346.32379150390625,218.7326,0.0,test_data/Useful/Validation/2 inches at 1ft/20241020_162712.jpg,298.0,190.0,28.962904174681977
68,0.0,0.0,0.0,0.0,0.0,0.0,0.0,0.0,0.0,0.0,0.0,1.0,1.0,2.0,2.0,3.0,3.0,4.0,4.0,5.0,6.0,6.0,7.0,7.0,8.0,8.0,8.0,9.0,9.0,10.0,10.0,11.0,11.0,11.0,12.0,12.0,12.0,13.0,13.0,13.0,14.0,14.0,14.0,15.0,15.0,15.0,16.0,16.0,16.0,17.0,17.0,17.0,18.0,18.0,18.0,18.0,19.0,19.0,19.0,20.0,20.0,20.0,21.0,21.0,21.0,22.0,22.0,22.0,23.0,23.0,23.0,23.0,24.0,24.0,24.0,25.0,25.0,26.0,26.0,26.0,26.0,27.0,27.0,27.0,28.0,28.0,28.0,29.0,29.0,29.0,30.0,30.0,31.0,32.0,33.0,33.0,34.0,35.0,37.0,42.0,0.0,1000.8235294222832,2000.5490196347237,2000.7803921699524,3000.1450980454683,3000.4431372582912,3000.584313750267,3000.6862745285034,3000.78823530674,3000.89411765337,3001.0,151.42681884765625,159.0287628173828,163.8602294921875,167.6796112060547,171.0418701171875,174.20733032226562,177.63937377929688,181.99073791503906,191.42347717285156,346.308349609375,219.19525,0.0,test_data/Useful/Validation/2 inches at 1ft/20241020_162714.jpg,314.0,205.0,32.995972292597756
69,0.0,0.0,0.0,0.0,0.0,0.0,0.0,0.0,0.0,0.0,0.0,0.0,1.0,1.0,2.0,2.0,3.0,3.0,4.0,5.0,5.0,5.0,6.0,7.0,7.0,8.0,8.0,9.0,9.0,10.0,10.0,10.0,11.0,11.0,11.0,12.0,12.0,13.0,13.0,13.0,14.0,14.0,14.0,14.0,15.0,15.0,15.0,16.0,16.0,16.0,17.0,17.0,17.0,18.0,18.0,18.0,19.0,19.0,19.0,20.0,20.0,20.0,21.0,21.0,21.0,21.0,22.0,22.0,22.0,23.0,23.0,23.0,23.269999999999982,24.0,24.0,24.0,25.0,25.0,25.0,26.0,26.0,26.0,27.0,27.0,27.0,28.0,28.0,28.0,29.0,29.0,30.0,30.0,31.0,31.0,32.0,33.0,34.0,35.0,37.0,45.0,0.0,1000.905882358551,2000.5686274766922,2000.8274509906769,3000.1725490242243,3000.419607847929,3000.556862771511,3000.662745118141,3000.772549033165,3000.8862745165825,3001.0,151.7042236328125,159.2317657470703,164.1056671142578,167.95513916015625,171.3163833618164,174.50986938476564,177.92758483886718,182.20195312500002,191.36643981933594,346.2597961425781,218.77647,0.0,test_data/Useful/Validation/2 inches at 1ft/20241020_162715.jpg,288.0,182.0,32.176159032658596
70,0.0,0.0,0.0,0.0,0.0,0.0,0.0,0.0,0.0,0.0,1.0,2.0,2.0,3.0,3.0,4.0,4.830000000000041,5.0,6.0,6.0,7.0,7.0,8.0,9.0,9.0,10.0,10.0,10.0,11.0,11.0,11.0,12.0,12.0,12.0,13.0,13.0,13.0,14.0,14.0,14.0,15.0,15.0,15.0,15.0,16.0,16.0,16.0,17.0,17.0,17.0,17.0,18.0,18.0,18.0,19.0,19.0,19.0,20.0,20.0,20.0,20.0,21.0,21.0,21.0,22.0,22.0,22.0,23.0,23.0,23.0,24.0,24.0,24.0,25.0,25.0,25.0,25.0,26.0,26.0,26.0,27.0,27.0,27.0,28.0,28.0,29.0,29.0,29.0,30.0,30.0,31.0,31.0,32.0,32.0,33.0,33.0,34.0,35.01999999999998,37.0,42.0,0.0,1000.8352941274643,2000.5529412031174,2000.8156862854958,3000.1568627506495,3000.4392156898975,3000.5764706134796,3000.678431391716,3000.784313738346,3000.890196084976,3001.0,151.77403259277344,159.4213134765625,164.2334777832031,168.04429931640624,171.36559295654297,174.6108154296875,178.03143310546875,182.3442840576172,191.69248962402344,346.31634521484375,220.04642,0.0,test_data/Useful/Validation/2 inches at 1ft/20241020_162717.jpg,306.0,189.0,27.21477089625497
71,0.0,0.0,0.0,0.0,0.0,0.0,0.0,0.0,0.0,1.0,2.0,2.0,3.0,3.0,4.0,5.0,5.0,6.0,7.0,7.0,7.0,8.0,8.0,9.0,9.0,10.0,10.0,11.0,11.0,11.0,11.0,12.0,12.0,12.0,13.0,13.0,13.0,14.0,14.0,14.0,15.0,15.0,15.0,16.0,16.0,16.0,17.0,17.0,17.0,17.5,18.0,18.0,18.0,19.0,19.0,19.0,19.0,20.0,20.0,20.0,21.0,21.0,21.0,21.0,22.0,22.0,22.0,23.0,23.0,23.0,23.0,24.0,24.0,24.0,25.0,25.0,25.0,25.0,26.0,26.0,27.0,27.0,27.0,28.0,28.0,28.0,29.0,29.0,29.0,30.0,30.0,31.0,31.0,32.0,32.0,33.0,34.0,35.0,37.0,41.0,0.0,1000.8431372642517,2000.54509806633,2000.7960784435272,3000.1529411822557,3000.435294121504,3000.572549045086,3000.666666686535,3000.7686274647713,3000.8745098114014,3001.0,151.3668670654297,159.0022186279297,163.94177703857423,167.76182556152344,171.13516235351562,174.36013793945312,177.7767791748047,182.13975524902344,191.81942749023438,346.288330078125,220.17438,0.0,test_data/Useful/Validation/2 inches at 1ft/20241020_162719.jpg,320.0,207.0,27.96005179128315
72,0.0,0.0,0.0,0.0,0.0,0.0,0.0,0.0,1.0,1.9000000000000057,2.0,3.0,3.0,4.0,5.0,5.0,6.0,6.0,7.0,7.0,8.0,8.0,9.0,9.0,10.0,10.0,10.0,11.0,11.0,12.0,12.0,12.0,13.0,13.0,13.0,14.0,14.0,14.0,15.0,15.0,15.0,16.0,16.0,16.0,17.0,17.0,17.0,18.0,18.0,18.0,19.0,19.0,19.0,19.0,20.0,20.0,20.0,21.0,21.0,21.0,22.0,22.0,22.0,22.0,23.0,23.0,23.0,23.0,24.0,24.0,24.0,25.0,25.0,25.0,25.0,26.0,26.0,26.0,27.0,27.0,27.0,28.0,28.0,28.0,28.0,29.0,29.0,30.0,30.0,30.0,31.0,31.079999999999927,32.0,33.0,34.0,34.0,35.0,36.0,37.0,44.0,0.0,1000.933333337307,2000.5882353186607,2000.8313725590706,3000.1803921610117,3000.458823531866,3000.5921568870544,3000.694117665291,3000.796078443527,3000.9019607901573,3001.0,152.41403198242188,160.08140563964844,164.84678497314454,168.64971923828125,171.99191284179688,175.14173889160156,178.56967163085938,182.91769409179688,192.0823974609375,346.340576171875,219.16339,0.0,test_data/Useful/Validation/2 inches at 1ft/20241020_162721.jpg,326.0,207.0,26.66211468122556
73,0.0,0.0,0.0,0.0,0.0,0.0,0.0,0.0,0.0,0.0,1.0,1.8799999999999955,2.0,3.0,3.0,4.0,5.0,5.0,6.0,6.0,7.0,7.0,8.0,9.0,9.0,10.0,10.0,10.0,11.0,11.0,11.0,12.0,12.0,12.0,13.0,13.0,13.0,14.0,14.0,14.0,15.0,15.0,15.0,16.0,16.0,16.0,16.0,17.0,17.0,17.0,18.0,18.0,18.0,18.0,19.0,19.0,19.0,19.0,20.0,20.0,20.0,20.0,21.0,21.0,21.0,21.0,22.0,22.0,22.0,23.0,23.0,23.0,24.0,24.0,24.0,24.0,25.0,25.0,25.0,26.0,26.0,26.0,27.0,27.0,27.0,28.0,28.0,29.0,29.0,29.0,30.0,30.0,31.0,32.0,32.0,33.0,34.0,35.0,37.0,40.0,0.0,1000.8313725590706,2000.572549045086,2000.7882353067398,3000.1568627506495,3000.4509803950787,3000.5882353186607,3000.6862745285034,3000.7803921699524,3000.882352948189,3001.0,150.3607666015625,158.05945434570313,162.9009811401367,166.7408203125,170.1111297607422,173.4017791748047,176.86959228515624,181.3296630859375,191.290771484375,346.3190002441406,220.2694,0.0,test_data/Useful/Validation/2 inches at 1ft/20241020_162722.jpg,306.0,196.0,30.037425482957605
74,0.0,0.0,0.0,0.0,0.0,0.0,0.0,0.0,0.0,0.9000000000000057,1.0,2.0,3.0,3.0,4.0,4.0,5.0,5.0,6.0,6.0,7.0,8.0,8.0,9.0,9.75,10.0,10.0,10.0,11.0,11.0,12.0,12.0,12.0,13.0,13.0,13.0,14.0,14.0,14.0,15.0,15.0,15.0,15.0,16.0,16.0,16.0,17.0,17.0,17.0,18.0,18.0,18.0,18.0,19.0,19.0,19.0,20.0,20.0,20.0,20.0,21.0,21.0,21.0,21.0,22.0,22.0,22.0,23.0,23.0,23.0,24.0,24.0,24.0,25.0,25.0,25.0,26.0,26.0,26.0,26.0,27.0,27.0,28.0,28.0,28.0,28.0,29.0,29.0,30.0,30.0,30.0,31.0,31.0,32.0,33.0,33.0,34.0,35.0,37.0,42.0,0.0,1000.8901960849762,2000.5647059082985,2000.8078431487083,3000.1215686276555,3000.4117647111416,3000.560784339905,3000.662745118141,3000.772549033165,3000.8862745165825,3001.0,152.143310546875,159.69691467285156,164.5907745361328,168.42286682128906,171.7121124267578,174.9246826171875,178.30270233154297,182.6612731933594,191.82436981201172,346.28857421875,219.69727,0.0,test_data/Useful/Validation/2 inches at 1ft/20241020_162724.jpg,337.0,212.0,28.42106593343497
75,0.0,0.0,0.0,0.0,0.0,0.0,0.0,0.0,0.0,0.0,0.0,0.0,0.0,1.0,1.0,2.0,3.0,3.0,4.0,4.0,5.0,5.0,6.0,6.0,7.0,7.0,8.0,8.0,9.0,9.0,10.0,10.0,10.0,11.0,11.0,11.0,12.0,12.0,12.0,12.0,13.0,13.0,13.0,13.0,14.0,14.0,14.529999999999973,15.0,15.0,15.0,16.0,16.0,16.0,17.0,17.0,17.0,17.0,18.0,18.0,18.0,19.0,19.0,19.0,20.0,20.0,20.0,20.0,20.0,21.0,21.0,21.0,22.0,22.0,22.0,23.0,23.0,23.0,24.0,24.0,24.0,25.0,25.0,25.0,26.0,26.0,27.0,27.0,27.0,28.0,28.0,29.0,29.0,30.0,31.0,31.049999999999727,32.0,33.0,34.0,36.0,44.0,0.0,2000.188235297799,2000.639215707779,2000.8627451062202,3000.2901960909367,3000.5098039507866,3000.6156862974167,3000.694117665291,3000.7764706015587,3000.8705882430077,3001.0,147.84613037109375,155.44911499023436,160.33091583251954,164.192236328125,167.59841918945312,170.97535705566406,174.6666259765625,179.53363037109375,191.0538330078125,346.30474853515625,220.9083,0.0,test_data/Useful/Validation/2 inches at 1ft/20241020_162726.jpg,340.0,218.0,27.961407311518144
76,0.0,0.0,0.0,0.0,0.0,0.0,0.0,0.0,0.0,0.0,0.0,0.0,1.0,2.0,2.0,3.0,4.0,4.0,4.0,5.0,5.0,6.0,6.0,7.0,7.0,8.0,8.0,9.0,9.0,10.0,10.0,11.0,11.0,11.0,11.0,12.0,12.0,12.0,13.0,13.0,13.0,14.0,14.0,14.0,15.0,15.0,15.0,16.0,16.0,16.0,17.0,17.0,17.0,17.0,18.0,18.0,18.0,19.0,19.0,19.0,19.0,20.0,20.0,20.0,21.0,21.0,21.0,21.0,22.0,22.0,22.0,22.279999999999973,23.0,23.0,23.0,24.0,24.0,24.0,24.0,25.0,25.0,26.0,26.0,26.0,27.0,27.0,28.0,28.0,29.0,29.0,30.0,30.0,31.0,31.0,32.0,33.0,34.0,35.0,36.0,41.0,0.0,1000.9568627476692,2000.6313725709915,2000.8627451062202,3000.2392156869173,3000.4823529422283,3000.6039215922356,3000.694117665291,3000.78823530674,3000.8862745165825,3001.0,150.03883514404296,157.7428009033203,162.59828338623046,166.44573059082032,169.81586456298828,173.11990356445312,176.52947998046875,180.90900268554688,191.15664672851562,346.33062744140625,220.01146,0.0,test_data/Useful/Validation/2 inches at 1ft/20241020_162727.jpg,343.0,216.0,34.37984281630278
77,0.0,0.0,0.0,0.0,0.0,0.0,0.0,0.0,0.0,0.0,1.0,1.0,2.0,3.0,3.849999999999966,4.0,5.0,5.0,6.0,6.0,7.0,7.0,8.0,8.0,9.0,10.0,10.0,10.0,10.0,11.0,11.0,11.0,12.0,12.0,12.0,13.0,13.0,13.0,14.0,14.0,14.0,15.0,15.0,15.0,16.0,16.0,16.0,16.0,17.0,17.0,17.0,17.0,18.0,18.0,18.0,19.0,19.0,19.0,20.0,20.0,20.0,20.0,21.0,21.0,21.0,22.0,22.0,22.0,22.0,23.0,23.0,23.0,24.0,24.0,24.0,24.0,25.0,25.0,26.0,26.0,26.0,26.0,27.0,27.0,28.0,28.0,28.0,29.0,29.0,29.0,30.0,30.0,31.0,31.0,32.0,33.0,34.0,35.0,37.0,41.0,0.0,2000.188235297799,2000.6431372761726,2000.8627451062202,3000.2352941185236,3000.498039215803,3000.6196078658104,3000.7098039388657,3000.800000011921,3000.8980392217636,3001.0,150.3208236694336,157.9961395263672,162.83636474609375,166.64410400390625,169.9873504638672,173.17529296875,176.61634826660156,181.07977294921875,191.5399169921875,346.3832092285156,220.15567,0.0,test_data/Useful/Validation/2 inches at 1ft/20241020_162728.jpg,311.0,199.0,34.09972074076119
78,0.0,0.0,0.0,0.0,0.0,0.0,0.0,0.0,0.0,0.0,0.0,0.0,1.0,1.0,2.0,2.0,3.0,3.0,4.0,5.0,5.0,6.0,6.0,7.0,7.0,8.0,8.0,8.0,9.0,9.0,10.0,10.0,10.0,11.0,11.0,11.0,12.0,12.0,12.0,12.0,13.0,13.0,14.0,14.0,14.0,14.0,15.0,15.0,15.0,16.0,16.0,16.0,16.0,17.0,17.0,17.0,18.0,18.0,18.0,19.0,19.0,19.0,19.0,20.0,20.0,20.0,20.0,21.0,21.0,21.0,22.0,22.0,22.0,23.0,23.0,24.0,24.0,24.0,24.0,25.0,25.0,26.0,26.0,26.0,27.0,27.0,28.0,28.0,28.0,29.0,29.0,30.0,30.0,31.0,31.0,32.0,33.0,35.0,36.0,40.0,0.0,1000.8862745165825,2000.611764729023,2000.8235294222832,3000.1803921610117,3000.4823529422283,3000.611764729023,3000.7019608020782,3000.78823530674,3000.8862745165825,3001.0,148.88677978515625,156.57791137695312,161.53936767578125,165.39328002929688,168.77706909179688,172.02281494140624,175.5652069091797,180.1247314453125,190.89276123046875,346.3811950683594,219.80328,0.0,test_data/Useful/Validation/2 inches at 1ft/20241020_162729.jpg,306.0,193.0,35.124304045292305
79,0.0,0.0,0.0,0.0,0.0,0.0,0.0,0.0,0.0,0.0,0.0,0.0,0.0,1.0,1.0,2.0,3.0,3.0,4.0,4.0,5.0,5.0,6.0,6.0,7.0,7.0,8.0,8.0,9.0,9.0,10.0,10.0,10.0,11.0,11.0,11.0,12.0,12.0,12.0,13.0,13.0,13.0,14.0,14.0,14.0,15.0,15.0,15.0,16.0,16.0,16.0,16.480000000000018,17.0,17.0,17.0,18.0,18.0,18.0,19.0,19.0,19.0,20.0,20.0,20.0,21.0,21.0,21.0,21.0,22.0,22.0,22.0,23.0,23.0,23.0,24.0,24.0,24.0,25.0,25.0,25.0,26.0,26.0,26.0,27.0,27.0,27.0,28.0,28.0,29.0,29.0,29.0,30.0,31.0,31.0,32.0,33.0,33.0,34.0,36.0,42.0,0.0,1000.8745098114014,2000.5921568870544,2000.8156862854958,3000.176470592618,3000.474509805441,3000.6078431606293,3000.6980392336845,3000.78823530674,3000.8862745165825,3001.0,148.9496322631836,156.62915954589843,161.4728775024414,165.34591674804688,168.71807861328125,172.03841552734374,175.61281127929686,180.19776611328126,190.93226165771486,346.3558654785156,219.62157,0.0,test_data/Useful/Validation/2 inches at 1ft/20241020_162730.jpg,342.0,195.0,30.717091272101214
80,0.0,0.0,0.0,0.0,0.0,0.0,0.0,0.0,0.0,0.0,0.0,1.0,1.0,2.0,3.0,3.0,4.0,5.0,5.0,6.0,6.0,7.0,8.0,8.0,9.0,9.0,10.0,10.0,10.0,11.0,11.0,11.0,12.0,12.0,12.0,13.0,13.0,14.0,14.0,14.0,15.0,15.0,15.0,16.0,16.0,16.0,17.0,17.0,17.0,17.0,18.0,18.0,18.0,19.0,19.0,19.0,19.0,20.0,20.0,20.0,20.0,21.0,21.0,21.0,22.0,22.0,22.0,22.0,23.0,23.0,23.0,24.0,24.0,24.0,24.0,25.0,25.0,25.0,26.0,26.0,26.0,26.0,27.0,27.0,27.0,28.0,28.0,28.0,29.0,29.0,30.0,30.0,31.0,31.059999999999945,32.0,33.0,34.0,35.0,37.0,42.0,0.0,1000.7882353067398,2000.5333333611488,2000.7686274647713,3000.137254908681,3000.4274509847164,3000.572549045086,3000.666666686535,3000.760784327984,3000.8627451062202,3001.0,149.82308502197264,157.47698974609375,162.35995483398438,166.13755798339844,169.54031372070312,172.79922485351562,176.3040008544922,180.79415893554688,191.11509704589844,346.2569580078125,220.14417,0.0,test_data/Useful/Validation/2 inches at 1ft/20241020_163002.jpg,282.0,178.0,28.620196231426753
81,0.0,0.0,0.0,0.0,0.0,0.0,0.0,0.0,0.0,0.0,0.0,0.0,0.0,1.0,1.0,2.0,2.0,3.0,3.0,4.0,5.0,5.0,6.0,6.0,7.0,8.0,8.0,9.0,9.0,10.0,10.0,10.0,11.0,11.0,12.0,12.0,12.0,12.0,13.0,13.0,13.0,14.0,14.0,14.0,15.0,15.0,15.0,16.0,16.0,16.0,16.0,17.0,17.0,17.0,18.0,18.0,18.0,18.0,19.0,19.0,19.0,20.0,20.0,20.0,21.0,21.0,21.0,22.0,22.0,22.0,23.0,23.0,23.0,24.0,24.0,24.0,25.0,25.0,26.0,26.0,26.0,26.0,27.0,27.0,28.0,28.0,28.0,29.0,29.0,30.0,30.0,31.0,31.0,32.0,32.0,33.0,34.0,35.0,37.0,43.0,0.0,1000.7607843279839,2000.4117647111416,2000.7019608020782,2000.9882352948189,3000.352941185236,3000.5372549295425,3000.65098041296,3000.7647058963776,3000.882352948189,3001.0,151.70205688476562,159.42628479003906,164.2762908935547,168.11341857910156,171.45024871826172,174.64122314453124,178.05335998535156,182.24078369140625,191.3875732421875,346.2843322753906,218.92776,0.0,test_data/Useful/Validation/2 inches at 1ft/20241020_163003.jpg,299.0,192.0,33.474935132091964
82,0.0,0.0,0.0,0.0,0.0,0.0,0.0,0.0,0.0,0.0,0.0,1.0,2.0,2.0,3.0,4.0,4.0,5.0,5.0,6.0,6.0,7.0,7.0,8.0,8.0,9.0,9.0,10.0,10.0,11.0,11.0,11.0,12.0,12.0,12.0,13.0,13.0,14.0,14.0,14.0,14.0,15.0,15.0,15.0,16.0,16.0,16.0,17.0,17.0,17.0,17.0,18.0,18.0,18.0,19.0,19.0,19.0,19.0,20.0,20.0,20.0,21.0,21.0,21.0,21.350000000000136,22.0,22.0,22.0,23.0,23.0,23.289999999999964,24.0,24.0,24.0,25.0,25.0,25.0,26.0,26.0,27.0,27.0,27.0,28.0,28.0,29.0,29.0,29.0,30.0,30.0,30.0,31.0,31.0,32.0,32.0,33.0,34.0,34.0,36.0,37.0,43.0,0.0,1000.7882353067398,2000.4549019634724,2000.7411764860153,3000.0941176488996,3000.3960784375668,3000.5529412031174,3000.6588235497475,3000.7686274647713,3000.882352948189,3001.0,151.4892318725586,159.15919799804686,164.01767272949218,167.83919372558594,171.18134307861328,174.3691833496094,177.80960083007812,182.10739135742188,191.51730346679688,346.2519836425781,219.05388,0.0,test_data/Useful/Validation/2 inches at 1ft/20241020_163004.jpg,328.0,212.0,30.76102181133078
83,0.0,0.0,0.0,0.0,0.0,0.0,0.0,0.0,0.0,0.0,0.0,1.0,1.0,2.0,2.0,3.0,4.0,4.0,5.0,5.0,6.0,6.0,7.0,7.0,8.0,8.0,9.0,9.0,10.0,10.0,10.0,11.0,11.0,11.0,12.0,12.0,12.0,13.0,13.0,13.0,13.0,14.0,14.0,14.0,15.0,15.0,15.0,16.0,16.0,16.0,17.0,17.0,17.0,18.0,18.0,18.0,19.0,19.0,19.0,19.0,20.0,20.0,20.0,21.0,21.0,21.0,22.0,22.0,22.0,22.0,23.0,23.0,23.0,24.0,24.0,24.0,25.0,25.0,25.0,26.0,26.0,26.0,27.0,27.0,27.0,28.0,28.0,28.0,29.0,29.09999999999991,30.0,31.0,31.0,32.0,32.0,33.0,33.0,34.01999999999998,36.0,43.0,0.0,1000.811764717102,2000.5137255191803,2000.8196078538895,3000.192156866193,3000.435294121504,3000.568627476692,3000.666666686535,3000.772549033165,3000.882352948189,3001.0,151.43297424316407,159.0199951171875,163.8587188720703,167.6477813720703,170.95700073242188,174.19168090820312,177.63003540039062,181.9514617919922,191.6586151123047,346.22271728515625,219.63197,0.0,test_data/Useful/Validation/2 inches at 1ft/20241020_163005.jpg,313.0,199.0,30.611228887069892
84,0.0,0.0,0.0,0.0,0.0,0.0,0.0,0.0,0.0,0.0,0.0,0.0,0.0,1.0,1.0,2.0,2.0,3.0,3.0,4.0,4.0,5.0,5.0,6.0,6.0,7.0,7.0,8.0,9.0,9.0,10.0,10.0,10.0,11.0,11.0,12.0,12.0,12.0,12.0,13.0,13.0,13.0,14.0,14.0,14.0,15.0,15.0,15.0,15.0,16.0,16.0,16.0,17.0,17.0,17.0,17.0,18.0,18.0,18.0,19.0,19.0,19.0,20.0,20.0,20.0,21.0,21.0,21.0,21.0,22.0,22.0,22.0,23.0,23.0,23.0,24.0,24.0,25.0,25.0,25.0,26.0,26.0,27.0,27.0,27.0,28.0,28.0,28.0,29.0,29.0,30.0,31.0,31.0,32.0,33.0,33.0,34.0,35.0,36.0,44.0,0.0,1000.772549033165,2000.4941176474094,2000.7647058963776,3000.137254908681,3000.376470595598,3000.5254902243614,3000.627451002598,3000.733333349228,3000.850980401039,3001.0,151.17530975341796,158.7684326171875,163.698486328125,167.51437377929688,170.91069793701172,174.10330810546876,177.56593017578126,181.82498168945312,191.04931640625,346.1221008300781,218.80893,0.0,test_data/Useful/Validation/2 inches at 1ft/20241020_163006.jpg,310.0,197.0,35.31960468918706
85,0.0,0.0,0.0,0.0,0.0,0.0,0.0,0.0,0.0,0.0,0.0,1.0,1.0,2.0,2.0,3.0,3.0,4.0,5.0,6.0,6.0,7.0,7.0,8.0,8.0,9.0,9.0,10.0,10.0,10.0,11.0,11.0,11.0,12.0,12.0,12.0,13.0,13.0,13.0,14.0,14.0,14.0,15.0,15.0,15.0,15.0,16.0,16.0,16.0,17.0,17.0,17.0,17.0,18.0,18.0,18.0,19.0,19.0,19.0,19.0,20.0,20.0,20.0,20.0,21.0,21.0,21.0,22.0,22.0,22.0,22.0,23.0,23.0,23.0,24.0,24.0,24.0,25.0,25.0,25.0,26.0,26.0,27.0,27.0,27.0,28.0,28.0,29.0,29.0,29.0,30.0,30.0,31.0,32.0,32.0,33.0,34.0,35.0,36.00999999999976,44.0,0.0,1000.7333333492279,2000.4392156898975,2000.7098039388657,3000.058823529631,3000.3294117748737,3000.505882382393,3000.6156862974167,3000.721568644047,3000.839215695858,3001.0,150.58065643310547,158.1864776611328,163.12652587890625,166.92901611328125,170.2123260498047,173.45468139648438,176.94558715820312,181.2474365234375,191.00868225097656,346.1316223144531,219.4501,0.0,test_data/Useful/Validation/2 inches at 1ft/20241020_163007.jpg,313.0,208.0,32.96582783037591
86,0.0,0.0,0.0,0.0,0.0,0.0,0.0,0.0,0.0,0.0,0.0,0.0,0.0,0.0,0.0,1.0,1.0,2.0,3.0,3.0,4.0,4.0,5.0,5.0,5.0,6.0,6.730000000000018,7.0,8.0,8.0,9.0,9.0,10.0,10.0,10.0,11.0,11.0,11.0,12.0,12.0,12.0,13.0,13.0,13.0,14.0,14.0,14.0,14.0,15.0,15.0,15.0,15.0,16.0,16.0,16.0,17.0,17.0,17.0,18.0,18.0,18.0,19.0,19.0,19.0,20.0,20.0,20.0,21.0,21.0,21.0,22.0,22.0,22.0,23.0,23.0,23.0,24.0,24.0,24.0,25.0,25.0,25.179999999999836,26.0,26.0,27.0,27.0,28.0,28.0,29.0,29.0,29.0,30.0,31.0,31.0,32.0,33.0,34.0,35.0,37.0,43.0,0.0,1000.8000000119209,2000.5058823823929,2000.7686274647713,3000.0980392172933,3000.368627458811,3000.529411792755,3000.635294139385,3000.7411764860153,3000.8627451062202,3001.0,151.23336181640624,158.8338623046875,163.72848510742188,167.54021911621095,170.9105224609375,174.11766662597657,177.5714874267578,181.86490478515626,191.39932250976562,346.1925048828125,219.13055,0.0,test_data/Useful/Validation/2 inches at 1ft/20241020_163009.jpg,317.0,189.0,27.565718451991224
87,0.0,0.0,0.0,0.0,0.0,0.0,0.0,0.0,0.0,0.0,0.0,0.0,0.0,1.0,2.0,2.0,3.0,3.0,4.0,4.0,5.0,6.0,6.0,7.0,7.0,8.0,8.0,8.0,9.0,9.0,10.0,10.0,10.0,11.0,11.0,11.0,11.0,12.0,12.0,12.0,13.0,13.0,13.0,14.0,14.0,14.0,15.0,15.0,15.0,16.0,16.0,16.0,16.0,17.0,17.0,17.0,18.0,18.0,18.0,19.0,19.0,19.0,19.0,20.0,20.0,20.0,21.0,21.0,21.0,21.0,22.0,22.0,22.0,23.0,23.0,23.0,24.0,24.0,25.0,25.0,25.0,26.0,26.0,26.0,27.0,27.0,28.0,28.0,29.0,29.0,30.0,30.0,31.0,31.0,32.0,33.0,34.0,35.0,37.0,43.0,0.0,1000.8784313797951,2000.5529412031174,2000.811764717102,3000.1568627506495,3000.4156862795353,3000.556862771511,3000.6549019813538,3000.75686275959,3000.866666674614,3001.0,150.43330841064454,158.16456604003906,163.14035034179688,166.94430541992188,170.33021545410156,173.5446014404297,177.0258331298828,181.33764038085937,191.1276397705078,346.2146301269531,219.14888,0.0,test_data/Useful/Validation/2 inches at 1ft/20241020_163010.jpg,299.0,186.0,25.430221541032378
88,0.0,0.0,0.0,0.0,0.0,0.0,0.0,0.0,0.0,0.0,0.0,0.0,0.0,1.0,1.0,2.0,2.0,3.0,4.0,4.0,5.0,5.0,6.0,6.0,7.0,7.0,7.0,8.0,8.0,9.0,9.0,10.0,10.0,11.0,11.0,11.0,11.0,12.0,12.0,12.0,13.0,13.0,13.0,13.0,14.0,14.0,14.0,15.0,15.0,15.0,16.0,16.0,16.0,17.0,17.0,17.0,17.0,18.0,18.0,18.0,19.0,19.0,19.0,19.0,20.0,20.0,20.0,21.0,21.0,21.0,22.0,22.0,22.0,23.0,23.0,23.0,24.0,24.0,24.0,25.0,25.0,25.0,26.0,26.0,26.0,27.0,27.0,27.11999999999989,28.0,28.0,29.0,30.0,30.0,31.0,32.0,32.039999999999964,33.0,35.0,36.0,42.0,0.0,1000.7490196228027,2000.517647087574,2000.8039215803146,3000.149019613862,3000.403921574354,3000.5490196347237,3000.65098041296,3000.75686275959,3000.866666674614,3001.0,150.90492248535156,158.50477905273436,163.37325592041014,167.15020751953125,170.54730987548828,173.797119140625,177.22901916503906,181.53473815917968,190.9312942504883,346.201416015625,218.53691,0.0,test_data/Useful/Validation/2 inches at 1ft/20241020_163012.jpg,324.0,202.0,29.09701655978871
89,0.0,0.0,0.0,0.0,0.0,0.0,0.0,0.0,0.0,0.0,0.0,0.0,0.0,0.0,1.0,1.0,2.0,2.0,3.0,3.0,4.0,4.0,5.0,5.0,6.0,6.0,7.0,7.0,8.0,8.0,9.0,9.0,10.0,10.0,10.0,10.0,11.0,11.0,11.0,12.0,12.0,12.0,13.0,13.0,13.0,13.0,14.0,14.0,15.0,15.0,15.0,15.0,16.0,16.0,16.0,17.0,17.0,17.0,17.0,18.0,18.0,18.0,19.0,19.0,19.0,20.0,20.0,20.0,21.0,21.0,21.0,21.0,22.0,22.0,23.0,23.0,23.0,24.0,24.0,24.0,25.0,25.0,26.0,26.0,26.0,27.0,27.0,28.0,28.0,29.0,29.0,30.0,30.0,31.0,31.0,32.0,33.0,34.01999999999998,36.0,44.0,0.0,1000.7490196228027,2000.4980392158031,2000.800000011921,3000.1294117718935,3000.3843137323856,3000.5411764979362,3000.65098041296,3000.75686275959,3000.8705882430077,3001.0,151.3072052001953,158.979638671875,163.87999572753907,167.668798828125,170.9764404296875,174.2099151611328,177.6193084716797,181.9132843017578,191.40794372558594,346.18212890625,218.57536,0.0,test_data/Useful/Validation/2 inches at 1ft/20241020_163013.jpg,321.0,215.0,28.82816691608966
90,0.0,0.0,0.0,0.0,0.0,0.0,0.0,0.0,0.0,0.0,0.0,0.0,0.0,0.0,1.0,1.0,2.0,2.0,3.0,4.0,4.0,5.0,5.0,6.0,6.0,7.0,7.0,8.0,9.0,9.0,10.0,10.0,10.0,10.0,11.0,11.0,11.0,11.0,12.0,12.0,13.0,13.0,13.0,13.0,14.0,14.0,14.0,14.0,15.0,15.0,16.0,16.0,16.0,16.0,17.0,17.0,17.0,18.0,18.0,18.0,18.0,19.0,19.0,20.0,20.0,20.0,21.0,21.0,21.0,22.0,22.0,22.0,23.0,23.0,23.0,24.0,24.0,24.0,25.0,25.0,25.0,26.0,26.0,26.0,27.0,27.0,28.0,28.0,29.0,29.0,29.0,30.0,31.0,31.0,32.0,33.0,34.0,35.0,37.0,41.0,0.0,1000.7882353067398,2000.5098039507866,2000.7921568751335,3000.1098039224744,3000.380392163992,3000.5372549295425,3000.6470588445663,3000.760784327984,3000.8745098114014,3001.0,151.77033081054688,159.48076782226562,164.36830139160156,168.18441772460938,171.5106964111328,174.7274169921875,178.1081314086914,182.34222412109375,191.34805908203126,346.21588134765625,218.45044,0.0,test_data/Useful/Validation/2 inches at 1ft/20241020_163014.jpg,292.0,195.0,31.404111443914925
91,0.0,0.0,0.0,0.0,0.0,0.0,0.0,0.0,0.0,0.0,0.0,0.0,0.0,0.0,0.0,1.0,1.0,2.0,2.0,3.0,3.0,4.0,4.0,5.0,5.0,6.0,6.0,7.0,7.0,8.0,8.0,9.0,9.0,9.0,10.0,10.0,10.629999999999995,11.0,11.0,12.0,12.0,12.0,13.0,13.0,13.0,14.0,14.0,14.0,14.0,15.0,15.0,15.0,16.0,16.0,16.0,16.0,17.0,17.0,17.0,18.0,18.0,18.0,19.0,19.0,19.0,20.0,20.0,20.0,21.0,21.0,21.0,22.0,22.0,22.0,23.0,23.0,24.0,24.0,24.0,25.0,25.0,25.0,26.0,26.0,26.0,27.0,27.0,28.0,28.0,29.0,29.0,30.0,30.0,31.0,32.0,33.0,34.0,35.0,36.0,40.0,0.0,1000.7490196228027,2000.5058823823929,2000.8078431487083,3000.164705887437,3000.407843142748,3000.5490196347237,3000.65098041296,3000.75686275959,3000.8705882430077,3001.0,150.89968872070312,158.53062438964844,163.38339233398438,167.17578735351563,170.50112915039062,173.70201110839844,177.1223602294922,181.35484313964844,190.63519287109375,346.1935729980469,218.2424,0.0,test_data/Useful/Validation/2 inches at 1ft/20241020_163015.jpg,286.0,188.0,34.540645257828714
92,0.0,0.0,0.0,0.0,0.0,0.0,0.0,0.0,0.0,0.0,0.0,0.0,0.0,0.0,0.0,1.0,1.0,2.0,2.8100000000000023,3.0,4.0,4.0,5.0,5.0,6.0,7.0,7.0,8.0,9.0,9.0,10.0,10.0,10.0,10.0,11.0,11.0,11.0,12.0,12.0,13.0,13.0,13.0,14.0,14.0,14.0,14.0,15.0,15.0,15.0,16.0,16.0,16.0,17.0,17.0,17.0,18.0,18.0,18.0,18.0,19.0,19.0,19.0,20.0,20.0,20.0,21.0,21.0,21.0,22.0,22.0,22.0,23.0,23.0,23.0,24.0,24.0,24.0,25.0,25.0,25.0,26.0,26.0,26.0,27.0,27.0,28.0,28.0,28.0,29.0,29.0,30.0,30.0,30.0,31.0,32.0,32.0,34.0,34.01999999999998,36.0,42.0,0.0,1000.7921568751335,2000.5490196347237,2000.8196078538895,3000.164705887437,3000.4117647111416,3000.5529412031174,3000.6549019813538,3000.7647058963776,3000.8745098114014,3001.0,151.57014007568358,159.31597290039062,164.14619140625,167.9459228515625,171.29798889160156,174.4761962890625,177.82432556152344,182.11036376953126,191.34136962890625,346.22442626953125,218.74513,0.0,test_data/Useful/Validation/2 inches at 1ft/20241020_163017.jpg,304.0,184.0,31.273920320814604
93,0.0,0.0,0.0,0.0,0.0,0.0,0.0,0.0,0.0,0.0,0.0,0.0,1.0,2.0,2.0,3.0,4.0,4.0,5.0,5.0,6.0,6.0,7.0,7.0,8.0,9.0,9.0,9.0,10.0,10.0,11.0,11.0,11.0,11.0,12.0,12.0,12.0,13.0,13.0,13.0,13.0,14.0,14.0,14.0,15.0,15.0,15.0,16.0,16.0,16.0,16.0,16.0,17.0,17.0,17.0,18.0,18.0,18.0,18.0,19.0,19.0,19.0,20.0,20.0,20.0,21.0,21.0,21.0,22.0,22.0,22.0,23.0,23.0,23.0,24.0,24.0,24.0,25.0,25.0,25.0,25.0,26.0,26.0,27.0,27.0,27.0,27.0,28.0,28.0,29.0,29.0,30.0,30.0,31.0,32.0,33.0,34.0,35.0,37.0,42.0,0.0,1000.8627451062202,2000.6078431606293,2000.866666674614,3000.270588248968,3000.4784313738346,3000.5882353186607,3000.6745098233223,3000.760784327984,3000.8588235378265,3001.0,149.7237335205078,157.39038696289063,162.2578887939453,166.1218292236328,169.4757080078125,172.7302978515625,176.25841827392577,180.75218200683594,191.32489013671875,346.2079162597656,219.74805,0.0,test_data/Useful/Validation/2 inches at 1ft/20241020_163018.jpg,333.0,220.0,30.367038657335993
94,0.0,0.0,0.0,0.0,0.0,0.0,0.0,0.0,0.0,0.0,0.0,0.0,1.0,1.0,2.0,3.0,3.0,4.0,5.0,5.0,6.0,6.0,7.0,7.0,8.0,8.740000000000009,9.0,9.0,10.0,10.0,10.0,10.680000000000064,11.0,11.0,11.0,12.0,12.0,12.0,13.0,13.0,13.0,13.0,14.0,14.0,14.0,15.0,15.0,15.0,16.0,16.0,16.0,16.0,17.0,17.0,17.0,18.0,18.0,18.0,18.0,19.0,19.0,19.0,19.0,20.0,20.0,20.0,21.0,21.0,21.0,21.0,22.0,22.0,23.0,23.0,23.0,24.0,24.0,24.0,24.0,25.0,25.0,25.0,26.0,26.0,27.0,27.0,27.0,28.0,28.0,29.0,29.0,30.0,30.0,31.0,31.049999999999727,32.0,33.0,34.0,36.0,44.0,0.0,1000.8313725590706,2000.5686274766922,2000.811764717102,3000.1843137294054,3000.43137255311,3000.5647059082985,3000.6549019813538,3000.745098054409,3000.8470588326454,3001.0,149.97666931152344,157.55575561523438,162.419921875,166.27700805664062,169.63497924804688,172.8709716796875,176.35134887695312,180.7233428955078,191.1217041015625,346.2099914550781,219.89577,0.0,test_data/Useful/Validation/2 inches at 1ft/20241020_163019.jpg,334.0,214.0,25.83705865435421
95,0.0,0.0,0.0,0.0,0.0,0.0,0.0,0.0,0.0,0.0,1.0,2.0,3.0,3.0,4.0,4.0,5.0,6.0,6.0,7.0,7.789999999999964,8.0,9.0,9.0,10.0,10.0,10.0,11.0,11.0,11.0,12.0,12.0,12.0,13.0,13.0,13.0,14.0,14.0,14.0,15.0,15.0,15.0,16.0,16.0,16.0,17.0,17.0,17.0,17.0,18.0,18.0,18.0,19.0,19.0,19.0,19.0,20.0,20.0,20.0,20.0,21.0,21.0,21.0,22.0,22.0,22.0,23.0,23.0,23.0,23.0,24.0,24.0,24.0,25.0,25.0,25.0,25.0,26.0,26.0,27.0,27.0,27.0,27.0,28.0,28.0,29.0,29.0,29.11999999999989,30.0,30.0,31.0,31.0,32.0,32.0,33.0,34.0,34.0,36.0,37.00999999999976,45.0,0.0,1000.8156862854958,2000.5529412031174,2000.7803921699524,3000.137254908681,3000.4235294163227,3000.5647059082985,3000.6588235497475,3000.7490196228027,3000.854901969433,3001.0,149.29071807861328,157.04031372070312,161.9726821899414,165.82835693359374,169.19915008544922,172.4890380859375,176.07362365722656,180.7570770263672,191.65310668945312,346.2618408203125,220.19157,0.0,test_data/Useful/Validation/2 inches at 1ft/20241020_163020.jpg,325.0,190.0,28.598876699617314
96,0.0,0.0,0.0,0.0,0.0,0.0,0.0,0.0,0.0,0.0,0.0,1.0,2.0,2.0,3.0,3.840000000000032,4.0,5.0,6.0,6.0,7.0,7.0,8.0,8.0,9.0,9.0,10.0,10.0,10.0,10.0,11.0,11.0,12.0,12.0,12.0,12.0,13.0,13.0,13.0,14.0,14.0,14.0,15.0,15.0,15.0,16.0,16.0,16.0,16.0,17.0,17.0,17.0,17.0,18.0,18.0,18.0,19.0,19.0,19.0,19.0,19.389999999999873,20.0,20.0,20.0,21.0,21.0,21.0,21.0,22.0,22.0,23.0,23.0,23.0,23.0,24.0,24.0,24.0,25.0,25.0,25.0,26.0,26.0,26.0,27.0,27.0,27.139999999999873,28.0,28.0,29.0,29.0,30.0,30.0,31.0,31.0,32.0,33.0,33.0,35.0,36.0,41.0,0.0,1000.7490196228027,2000.4901960790157,2000.7568627595901,3000.1098039224744,3000.3960784375668,3000.5490196347237,3000.6470588445663,3000.745098054409,3000.850980401039,3001.0,149.89027557373046,157.515966796875,162.3365478515625,166.13634643554687,169.54598236083984,172.76815795898438,176.22549438476562,180.72083129882813,191.1220703125,346.2179870605469,220.54193,0.0,test_data/Useful/Validation/2 inches at 1ft/20241020_163021.jpg,302.0,192.0,33.820789889964175
97,0.0,0.0,0.0,0.0,0.0,0.0,0.0,0.0,0.0,0.0,0.0,0.0,0.0,0.0,1.0,1.0,2.0,2.0,2.0,3.0,4.0,4.0,5.0,5.0,6.0,6.0,7.0,7.0,8.0,9.0,9.0,9.0,10.0,10.0,10.0,11.0,11.0,11.0,12.0,12.0,12.0,12.0,13.0,13.0,13.0,14.0,14.0,14.0,15.0,15.0,15.0,15.480000000000018,16.0,16.0,16.0,17.0,17.0,17.0,18.0,18.0,18.0,18.0,19.0,19.0,19.0,19.340000000000146,20.0,20.0,20.0,21.0,21.0,22.0,22.0,22.0,22.0,23.0,23.0,23.0,24.0,24.0,25.0,25.0,26.0,26.0,26.0,27.0,27.0,28.0,28.0,28.0,29.0,29.0,30.0,31.0,31.0,32.0,33.0,34.0,35.00999999999976,40.0,0.0,1000.772549033165,2000.556862771511,2000.8274509906769,3000.192156866193,3000.4117647111416,3000.54509806633,3000.639215707779,3000.733333349228,3000.8431372642517,3001.0,149.45124359130858,157.1610565185547,162.00114898681642,165.79930419921874,169.15895080566406,172.370458984375,175.90431518554686,180.3759765625,190.75262451171875,346.1513671875,219.42676,0.0,test_data/Useful/Validation/2 inches at 1ft/20241020_163022.jpg,337.0,214.0,30.365164843577066
98,0.0,0.0,0.0,0.0,0.0,0.0,0.0,0.0,0.0,0.0,0.0,0.0,0.0,0.8600000000000136,1.0,2.0,2.0,3.0,4.0,4.0,5.0,5.0,6.0,6.0,7.0,7.0,8.0,8.0,9.0,9.0,10.0,10.0,10.0,11.0,11.0,11.0,11.0,12.0,12.0,12.0,13.0,13.0,13.0,13.0,14.0,14.0,14.0,15.0,15.0,15.0,15.0,16.0,16.0,16.0,17.0,17.0,17.0,17.0,18.0,18.0,18.0,19.0,19.0,19.0,20.0,20.0,20.0,21.0,21.0,21.0,21.0,22.0,22.0,22.0,23.0,23.0,23.0,23.220000000000027,24.0,24.0,25.0,25.0,25.0,25.0,26.0,26.0,27.0,27.0,28.0,28.0,29.0,29.0,30.0,31.0,31.0,32.0,33.0,34.0,36.0,42.0,0.0,1000.7137255072594,2000.4313725531101,2000.7254902124405,3000.1294117718935,3000.368627458811,3000.5215686559677,3000.6196078658104,3000.717647075653,3000.823529422283,3001.0,149.57965087890625,157.20106506347656,162.07077026367188,165.92666625976562,169.3175048828125,172.53836059570312,175.97595977783203,180.47164916992188,190.72976684570312,346.11328125,219.65662,0.0,test_data/Useful/Validation/2 inches at 1ft/20241020_163023.jpg,263.0,166.0,26.347607347070827
99,0.0,0.0,0.0,0.0,0.0,0.0,0.0,0.0,0.0,0.0,0.0,0.0,1.0,1.0,2.0,3.0,3.0,4.0,5.0,5.0,6.0,6.0,7.0,8.0,8.0,9.0,9.0,10.0,10.0,10.0,11.0,11.0,11.0,12.0,12.0,12.0,13.0,13.0,13.0,13.0,14.0,14.0,14.0,15.0,15.0,15.0,16.0,16.0,16.0,17.0,17.0,17.0,17.0,18.0,18.0,18.0,18.0,19.0,19.0,19.0,20.0,20.0,20.0,20.0,21.0,21.0,21.0,22.0,22.0,22.0,23.0,23.0,23.0,23.0,24.0,24.0,24.0,25.0,25.0,26.0,26.0,26.0,27.0,27.0,27.0,28.0,28.0,28.0,29.0,29.0,30.0,30.0,31.0,31.0,32.0,33.0,34.0,35.0,37.0,44.0,0.0,1000.6980392336845,2000.2745098173618,2000.6274510025978,2000.8745098114014,3000.2549019753933,3000.4784313738346,3000.6039215922356,3000.7137255072594,3000.839215695858,3001.0,150.3300338745117,157.9826690673828,162.82071990966796,166.66720581054688,170.04672241210938,173.27572631835938,176.74561309814453,181.05266113281252,191.11280822753906,346.2208251953125,219.57243,0.0,test_data/Useful/Validation/2 inches at 1ft/20241020_163024.jpg,304.0,181.0,31.20986429677191
100,0.0,0.0,0.0,0.0,0.0,0.0,0.0,0.0,0.0,0.0,0.0,0.0,0.0,0.0,1.0,1.0,1.830000000000041,2.0,3.0,3.0,4.0,4.0,5.0,6.0,6.0,7.0,7.0,8.0,8.0,8.0,9.0,9.0,10.0,10.0,10.0,10.0,11.0,11.0,11.0,11.0,12.0,12.0,12.0,13.0,13.0,13.0,14.0,14.0,14.0,15.0,15.0,15.0,15.470000000000027,16.0,16.0,16.0,17.0,17.0,17.0,18.0,18.0,18.0,18.0,19.0,19.0,19.0,20.0,20.0,20.0,21.0,21.0,21.0,22.0,22.0,22.0,23.0,23.0,23.220000000000027,24.0,24.0,25.0,25.0,25.0,26.0,26.0,27.0,27.0,28.0,28.0,29.0,29.0,30.0,30.070000000000164,31.0,32.0,32.0,34.0,35.0,36.0,41.0,0.0,1000.7843137383461,2000.5019608139992,2000.8235294222832,3000.133333340287,3000.3882353007793,3000.54509806633,3000.6549019813538,3000.7647058963776,3000.882352948189,3001.0,150.5649612426758,158.1763153076172,163.08753356933593,166.91227111816406,170.21751403808594,173.45240173339843,176.87985229492188,181.19019775390626,190.81175231933594,346.24298095703125,219.04556,0.0,test_data/Useful/Validation/2 inches at 1ft/20241020_163025.jpg,320.0,199.0,25.580714701415495
101,0.0,0.0,0.0,0.0,0.0,0.0,0.0,0.0,0.0,0.0,0.0,0.0,0.0,1.0,1.0,2.0,2.0,3.0,3.0,4.0,4.0,5.0,5.0,6.0,6.0,7.0,7.0,8.0,8.0,9.0,9.0,10.0,10.0,10.0,11.0,11.0,11.0,12.0,12.0,12.0,12.0,13.0,13.0,13.0,14.0,14.0,14.0,15.0,15.0,15.0,16.0,16.0,16.0,17.0,17.0,17.0,18.0,18.0,18.0,19.0,19.0,19.0,20.0,20.0,20.0,21.0,21.0,21.0,21.0,22.0,22.0,22.0,23.0,23.0,23.0,24.0,24.0,24.0,25.0,25.0,25.0,26.0,26.0,27.0,27.0,27.0,28.0,28.0,29.0,29.0,30.0,30.0,31.0,31.0,32.0,33.0,34.0,35.0,36.00999999999976,44.0,0.0,1000.8823529481888,2000.5803921818733,2000.8980392217636,3000.2117647081614,3000.4392156898975,3000.572549045086,3000.6705882549286,3000.7764706015587,3000.890196084976,3001.0,150.9992202758789,158.57608032226562,163.47386474609374,167.32720947265625,170.647216796875,173.87503356933593,177.32675018310547,181.63919067382812,191.0696258544922,346.2582092285156,218.98822,0.0,test_data/Useful/Validation/2 inches at 1ft/20241020_163026.jpg,324.0,205.0,27.577596199892763
102,0.0,0.0,0.0,0.0,0.0,0.0,0.0,0.0,0.0,0.0,0.0,0.0,0.0,0.0,1.0,1.0,2.0,2.0,3.0,3.0,4.0,4.0,5.0,6.0,6.0,7.0,7.0,8.0,9.0,9.0,9.0,10.0,10.0,10.0,10.649999999999977,11.0,11.0,11.0,12.0,12.0,12.0,13.0,13.0,13.0,14.0,14.0,14.0,14.0,15.0,15.0,15.0,16.0,16.0,16.0,17.0,17.0,17.0,17.0,18.0,18.0,19.0,19.0,19.0,19.0,20.0,20.0,20.0,21.0,21.0,21.0,21.0,22.0,22.0,22.0,23.0,23.0,23.0,24.0,24.0,25.0,25.0,25.0,25.0,26.0,26.0,27.0,27.0,27.0,28.0,29.0,29.0,30.0,30.0,31.0,32.0,33.0,34.0,34.01999999999998,37.0,42.0,0.0,1000.9215686321259,2000.6156862974167,2000.9137254953384,3000.2509804069996,3000.4549019634724,3000.572549045086,3000.666666686535,3000.7647058963776,3000.878431379795,3001.0,150.26052856445312,157.9607696533203,162.8063201904297,166.68756103515625,169.990966796875,173.26051330566406,176.7454833984375,181.1399169921875,191.12649536132812,346.2264709472656,218.8338,0.0,test_data/Useful/Validation/2 inches at 1ft/20241020_163027.jpg,312.0,186.0,26.90173205207372
103,0.0,0.0,0.0,0.0,0.0,0.0,0.0,0.0,0.0,0.0,0.0,0.0,0.0,0.0,0.0,1.0,1.0,2.0,2.0,3.0,4.0,4.0,5.0,5.0,6.0,6.0,7.0,7.0,8.0,8.0,9.0,9.0,10.0,10.0,10.0,11.0,11.0,11.0,11.0,12.0,12.0,12.0,13.0,13.0,13.0,13.0,14.0,14.0,14.0,15.0,15.0,15.0,16.0,16.0,16.0,16.0,16.0,17.0,17.0,17.0,18.0,18.0,18.0,19.0,19.0,19.0,19.0,20.0,20.0,20.0,21.0,21.0,21.0,21.0,22.0,22.0,22.0,23.0,23.0,23.0,24.0,24.0,25.0,25.0,25.0,26.0,26.0,27.0,27.0,28.0,28.0,29.0,29.0,30.0,31.0,32.0,33.0,34.0,36.0,43.0,0.0,1000.8745098114014,2000.5803921818733,2000.811764717102,3000.188235297799,3000.4392156898975,3000.572549045086,3000.6588235497475,3000.7529411911964,3000.8588235378265,3001.0,146.30923614501953,153.99557495117188,159.0064208984375,162.92494201660156,166.50625610351562,169.9862518310547,173.7701416015625,178.88232421875,190.638916015625,346.24639892578125,220.00761,0.0,test_data/Useful/Validation/2 inches at 1ft/20241020_163028.jpg,352.0,212.0,32.55853449031672
104,0.0,0.0,0.0,0.0,0.0,0.0,0.0,0.0,0.0,0.0,0.0,0.0,0.0,0.8600000000000136,1.0,2.0,2.0,3.0,3.0,4.0,4.0,5.0,5.0,6.0,6.0,7.0,7.0,8.0,8.0,9.0,9.0,9.0,10.0,10.0,11.0,11.0,11.0,12.0,12.0,12.0,12.0,13.0,13.0,13.0,13.0,14.0,14.0,14.0,15.0,15.0,15.0,15.0,16.0,16.0,16.0,17.0,17.0,17.0,18.0,18.0,18.0,19.0,19.0,19.0,19.0,20.0,20.0,20.0,20.309999999999945,21.0,21.0,22.0,22.0,22.0,22.0,23.0,23.0,24.0,24.0,24.0,25.0,25.0,25.0,26.0,26.0,26.0,27.0,27.0,27.0,28.0,29.0,29.0,29.0,30.0,31.0,32.0,32.0,34.0,35.00999999999976,43.0,0.0,1000.8274509906769,2000.556862771511,2000.8078431487083,3000.1686274558306,3000.4117647111416,3000.5529412031174,3000.65098041296,3000.745098054409,3000.8588235378265,3001.0,148.79828186035155,156.3517822265625,161.26043090820312,165.0894012451172,168.4765853881836,171.7858123779297,175.37525024414063,179.96627197265624,190.78286743164062,346.2255554199219,219.54054,0.0,test_data/Useful/Validation/2 inches at 1ft/20241020_163029.jpg,281.0,175.0,27.614822443255456
0,0.0,0.0,0.0,1.0,2.0,3.0,4.0,5.0,6.0,7.0,7.0,8.0,9.0,9.0,10.0,11.0,11.0,11.819999999999993,12.0,12.0,13.0,13.0,13.769999999999982,14.0,14.0,15.0,15.0,15.0,16.0,16.0,16.0,17.0,17.0,17.0,18.0,18.0,18.0,19.0,19.0,19.0,20.0,20.0,20.0,20.0,21.0,21.0,21.0,21.0,21.0,21.0,22.0,22.0,22.0,22.0,22.450000000000045,23.0,23.0,23.0,23.0,24.0,24.0,24.0,24.0,25.0,25.0,25.0,25.0,26.0,26.0,26.0,26.0,27.0,27.0,27.0,27.0,28.0,28.0,28.0,28.0,29.0,29.0,29.0,29.0,30.0,30.0,30.0,30.0,31.0,31.0,31.0,32.0,32.0,33.0,33.0,34.0,34.0,35.0,36.0,38.0,42.0,21.0,2000.3333333432674,2000.8078431487083,3000.090196080506,3000.3058823645115,3000.4509803950787,3000.5529412031174,3000.6431372761726,3000.733333349228,3000.8470588326454,3001.0,151.19549102783202,158.88949279785157,163.80360260009766,167.5881103515625,170.95613861083984,174.1966064453125,177.70655975341796,182.21156005859376,192.84716796875,346.2039489746094,222.60017,0.0,test_data/Useful/Validation/2 inches at 2ft/20241020_170600.jpg,366.0,212.0,58.95331664703173
1,0.0,0.0,0.0,0.0,0.0,1.0,2.0,3.0,4.0,4.0,5.0,6.0,7.0,7.0,8.0,9.0,9.0,10.0,10.0,10.0,11.0,11.0,11.0,12.0,12.0,12.0,13.0,13.0,13.0,14.0,14.0,14.0,14.0,15.0,15.0,15.0,16.0,16.0,16.0,16.0,17.0,17.0,17.0,17.0,18.0,18.0,18.0,18.0,19.0,19.0,19.0,19.0,20.0,20.0,20.0,21.0,21.0,21.0,21.0,22.0,22.0,22.0,22.0,22.0,23.0,23.0,23.0,23.0,24.0,24.0,24.0,25.0,25.0,25.0,25.0,26.0,26.0,26.0,26.0,26.200000000000045,27.0,27.0,27.0,28.0,28.0,29.0,29.0,29.0,30.0,30.0,31.0,31.0,31.0,32.0,32.0,33.0,34.0,35.0,36.0,42.0,0.0,2000.4980392158031,2000.7882353067398,3000.101960785687,3000.3176470696926,3000.458823531866,3000.5529412031174,3000.627451002598,3000.705882370472,3000.796078443527,3001.0,145.99959716796874,153.65921936035156,158.67162475585937,162.6135498046875,166.1017608642578,169.50369262695312,173.2990264892578,178.494580078125,192.167236328125,346.1441650390625,223.2118,0.0,test_data/Useful/Validation/2 inches at 2ft/20241020_170601.jpg,401.0,204.0,62.9511103000554
2,0.0,0.0,0.0,0.0,0.0,1.0,2.0,3.0,4.0,4.0,5.0,6.0,7.0,7.0,8.0,9.0,9.0,10.0,10.0,11.0,11.0,11.0,12.0,12.0,12.0,13.0,13.0,13.0,14.0,14.0,14.0,14.680000000000064,15.0,15.0,15.0,16.0,16.0,16.0,16.0,17.0,17.0,17.0,17.0,18.0,18.0,18.0,18.0,19.0,19.0,19.0,19.0,20.0,20.0,20.0,20.0,21.0,21.0,21.0,21.0,22.0,22.0,22.0,22.0,23.0,23.0,23.0,23.0,24.0,24.0,24.0,24.0,25.0,25.0,25.0,25.0,26.0,26.0,26.0,26.0,26.0,27.0,27.0,27.0,28.0,28.0,28.0,29.0,29.0,30.0,30.0,30.0,31.0,31.0,32.0,32.0,32.0,33.0,34.0,36.0,40.0,0.0,1000.8588235378265,2000.5882353186607,2000.8588235378265,3000.188235297799,3000.368627458811,3000.498039215803,3000.5921568870544,3000.6862745285034,3000.7921568751335,3001.0,148.43283386230468,156.04853515625,160.91532287597656,164.77789306640625,168.1361541748047,171.4215850830078,174.9619140625,179.70474243164062,192.28976440429688,346.118408203125,222.96451,0.0,test_data/Useful/Validation/2 inches at 2ft/20241020_170602.jpg,383.0,223.0,61.74276849215142
3,0.0,0.0,0.0,0.0,0.0,0.0,1.0,2.0,2.0,3.0,4.0,5.0,6.0,6.0,7.0,7.0,8.0,8.0,9.0,10.0,10.0,10.0,10.0,11.0,11.0,11.0,12.0,12.0,12.0,13.0,13.0,13.0,14.0,14.0,14.0,15.0,15.0,15.0,15.0,16.0,16.0,16.0,16.0,17.0,17.0,17.0,17.0,18.0,18.0,18.0,18.0,19.0,19.0,19.0,20.0,20.0,20.0,20.0,21.0,21.0,21.0,21.0,22.0,22.0,22.0,22.0,23.0,23.0,23.0,23.0,23.0,24.0,24.0,24.0,24.0,25.0,25.0,25.0,26.0,26.0,26.0,26.0,27.0,27.0,27.0,27.139999999999873,28.0,28.0,29.0,29.0,30.0,30.0,30.0,31.0,31.0,32.0,33.0,34.0,36.0,41.0,0.0,1000.7843137383461,2000.5215686559677,2000.8470588326454,3000.2196078449488,3000.4000000059605,3000.5215686559677,3000.611764729023,3000.7019608020782,3000.8078431487083,3001.0,147.2643585205078,154.927978515625,159.82181091308593,163.69121398925782,167.12327575683594,170.45343017578125,173.9790496826172,178.77923583984375,191.47605895996094,346.1453552246094,223.1763,0.0,test_data/Useful/Validation/2 inches at 2ft/20241020_170603.jpg,365.0,206.0,60.21085332257235
4,0.0,0.0,0.0,0.0,0.0,1.0,2.0,3.0,4.0,4.0,5.0,6.0,7.0,7.0,8.0,8.0,9.0,9.0,10.0,11.0,11.0,11.0,12.0,12.0,13.0,13.0,13.0,14.0,14.0,14.0,15.0,15.0,15.0,15.0,16.0,16.0,16.0,17.0,17.0,17.0,17.0,18.0,18.0,18.0,19.0,19.0,19.0,20.0,20.0,20.0,20.0,21.0,21.0,21.0,21.0,22.0,22.0,22.0,22.0,23.0,23.0,23.0,23.0,24.0,24.0,24.0,24.0,25.0,25.0,25.0,25.0,26.0,26.0,26.0,26.0,27.0,27.0,27.0,27.0,28.0,28.0,28.0,28.0,29.0,29.0,29.0,30.0,30.0,30.0,31.0,31.0,32.0,32.0,33.0,33.0,34.0,35.0,36.0,38.0,42.0,0.0,1000.8509804010391,2000.6156862974167,2000.9529411792755,3000.2509804069996,3000.4235294163227,3000.5411764979362,3000.635294139385,3000.7372549176216,3000.8588235378265,3001.0,150.8302474975586,158.44906005859374,163.38373870849608,167.19219970703125,170.59774780273438,173.81797790527344,177.22698974609375,181.66795349121094,192.3557891845703,346.18780517578125,222.01036,0.0,test_data/Useful/Validation/2 inches at 2ft/20241020_170604.jpg,350.0,187.0,62.33259802946905
5,0.0,0.0,0.0,0.0,1.0,2.0,3.0,3.0,5.0,5.0,6.0,7.0,8.0,8.0,9.0,9.0,10.0,10.0,10.0,11.0,11.0,12.0,12.0,12.0,13.0,13.0,13.0,14.0,14.0,15.0,15.0,15.0,15.0,16.0,16.0,16.0,17.0,17.0,17.0,18.0,18.0,18.0,18.0,19.0,19.0,19.0,20.0,20.0,20.0,20.0,21.0,21.0,21.0,21.0,22.0,22.0,22.0,22.0,23.0,23.0,23.0,23.0,23.0,24.0,24.0,24.0,24.0,25.0,25.0,25.0,25.0,25.0,26.0,26.0,26.0,26.0,27.0,27.0,27.0,27.0,28.0,28.0,28.0,29.0,29.0,29.0,30.0,30.0,30.0,31.0,31.0,32.0,32.0,32.0,33.0,34.0,35.0,35.0,37.0,44.0,23.0,1000.745098054409,2000.5098039507866,2000.8627451062202,3000.2392156869173,3000.43137255311,3000.5529412031174,3000.6431372761726,3000.7372549176216,3000.850980401039,3001.0,149.91424560546875,157.51626586914062,162.42001495361328,166.27812500000002,169.67410278320312,172.9498291015625,176.40036010742188,181.081787109375,192.7861328125,346.22784423828125,222.83905,0.0,test_data/Useful/Validation/2 inches at 2ft/20241020_170605.jpg,385.0,205.0,61.74587623561626
6,0.0,0.0,0.0,0.0,2.0,2.0,4.0,4.0,5.0,6.0,7.0,7.0,8.0,9.0,9.0,10.0,10.0,11.0,11.0,11.0,12.0,12.0,12.769999999999982,13.0,13.0,14.0,14.0,14.0,15.0,15.0,15.0,16.0,16.0,16.0,16.0,17.0,17.0,17.0,17.0,17.0,18.0,18.0,18.0,19.0,19.0,19.0,19.0,20.0,20.0,20.0,20.0,21.0,21.0,21.0,21.0,22.0,22.0,22.0,22.0,23.0,23.0,23.0,23.0,24.0,24.0,24.0,24.0,24.0,25.0,25.0,25.0,25.0,26.0,26.0,26.0,26.0,27.0,27.0,27.0,27.0,28.0,28.0,28.0,29.0,29.0,29.0,30.0,30.0,30.0,31.0,31.0,31.0,32.0,32.0,33.0,34.0,34.0,35.0,37.0,42.0,24.0,1000.8196078538895,2000.6196078658104,2000.9176470637321,3000.2901960909367,3000.4666666686535,3000.572549045086,3000.6549019813538,3000.745098054409,3000.850980401039,3001.0,148.87261962890625,156.57862854003906,161.469384765625,165.34267883300782,168.7216796875,171.97681884765626,175.57436981201172,180.3616943359375,192.67111206054688,346.25347900390625,223.0246,0.0,test_data/Useful/Validation/2 inches at 2ft/20241020_170606.jpg,359.0,193.0,64.41537158025166
7,0.0,0.0,0.0,0.0,0.0,0.0,1.0,1.0,2.0,3.0,4.0,5.0,5.0,6.0,6.0,7.0,7.0,8.0,8.0,9.0,9.0,10.0,10.0,10.0,11.0,11.0,12.0,12.0,12.0,12.0,13.0,13.0,13.0,14.0,14.0,14.0,15.0,15.0,15.0,15.0,16.0,16.0,16.0,16.0,17.0,17.0,17.0,17.0,18.0,18.0,18.0,18.0,19.0,19.0,19.0,19.0,20.0,20.0,20.0,20.0,21.0,21.0,21.0,22.0,22.0,22.0,22.0,23.0,23.0,23.0,23.0,23.0,24.0,24.0,24.0,25.0,25.0,25.0,25.0,26.0,26.0,26.0,27.0,27.0,27.0,28.0,28.0,28.0,29.0,29.0,29.0,30.0,30.0,31.0,31.0,32.0,33.0,34.0,35.0,42.0,0.0,1000.7764706015587,2000.5647059082985,2000.8431372642517,3000.1725490242243,3000.380392163992,3000.5215686559677,3000.6196078658104,3000.717647075653,3000.8352941274643,3001.0,149.12613525390626,156.69072265625002,161.57116088867187,165.42190551757812,168.73043823242188,172.00534057617188,175.543212890625,180.1596221923828,191.68478393554688,346.21636962890625,222.47876,0.0,test_data/Useful/Validation/2 inches at 2ft/20241020_170607.jpg,389.0,234.0,64.9895430266616
8,0.0,0.0,0.0,0.0,0.0,0.0,0.0,1.0,1.0,2.0,3.0,4.0,4.8700000000000045,5.0,6.0,7.0,7.0,8.0,9.0,9.0,10.0,10.0,11.0,11.0,11.0,12.0,12.0,12.0,13.0,13.0,13.0,13.0,14.0,14.0,14.0,15.0,15.0,15.0,15.0,16.0,16.0,16.0,17.0,17.0,17.0,17.0,18.0,18.0,18.0,19.0,19.0,19.0,19.0,20.0,20.0,20.0,20.0,21.0,21.0,21.0,21.0,22.0,22.0,22.0,22.0,23.0,23.0,23.0,23.0,24.0,24.0,24.0,25.0,25.0,25.0,25.0,26.0,26.0,26.0,27.0,27.0,27.0,27.0,28.0,28.0,28.0,29.0,29.0,29.0,30.0,30.0,31.0,31.0,31.0,32.0,33.0,34.0,35.0,37.0,42.0,0.0,1000.8078431487083,2000.5960784554482,2000.8705882430077,3000.2078431397676,3000.4156862795353,3000.5490196347237,3000.639215707779,3000.733333349228,3000.8470588326454,3001.0,149.4882354736328,157.09239196777344,162.0396530151367,165.8873718261719,169.28282165527344,172.52488708496094,176.11421661376954,180.68099060058594,192.1055450439453,346.2332458496094,222.2975,0.0,test_data/Useful/Validation/2 inches at 2ft/20241020_170608.jpg,354.0,206.0,59.216468636018405
9,0.0,0.0,0.0,0.0,0.0,1.0,2.0,3.0,4.0,5.0,5.0,6.0,7.0,8.0,9.0,9.0,10.0,10.0,11.0,11.0,12.0,12.0,12.0,13.0,13.0,14.0,14.0,14.0,15.0,15.0,15.0,16.0,16.0,16.0,17.0,17.0,17.0,18.0,18.0,18.0,18.0,19.0,19.0,19.0,19.0,20.0,20.0,20.0,20.0,21.0,21.0,21.0,22.0,22.0,22.0,22.0,23.0,23.0,23.0,23.0,24.0,24.0,24.0,24.0,24.350000000000136,25.0,25.0,25.0,25.0,26.0,26.0,26.0,26.0,27.0,27.0,27.0,27.0,28.0,28.0,28.0,29.0,29.0,29.0,30.0,30.0,30.0,30.0,31.0,31.0,31.0,32.0,32.0,33.0,33.0,34.0,34.0,35.0,36.01999999999998,38.0,45.0,0.0,1000.972549021244,2000.6431372761726,2000.8980392217636,3000.2196078449488,3000.4392156898975,3000.5647059082985,3000.662745118141,3000.7647058963776,3000.878431379795,3001.0,151.60387420654297,159.27337951660155,164.16751098632812,167.96337890625,171.31036376953125,174.6206787109375,178.03744049072264,182.43116455078126,192.95401000976562,346.29986572265625,221.66048,0.0,test_data/Useful/Validation/2 inches at 2ft/20241020_170610.jpg,334.0,186.0,57.93396956129075
10,0.0,0.0,0.0,2.0,3.0,4.0,4.0,5.920000000000016,6.0,7.0,8.0,9.0,9.0,10.0,10.0,11.0,11.0,11.0,12.0,12.0,13.0,13.0,13.0,14.0,14.0,14.0,15.0,15.0,15.0,16.0,16.0,16.0,17.0,17.0,17.0,18.0,18.0,18.0,19.0,19.0,19.0,20.0,20.0,20.0,20.0,21.0,21.0,21.0,21.0,22.0,22.0,22.0,22.0,22.0,23.0,23.0,23.0,23.0,24.0,24.0,24.0,24.0,25.0,25.0,25.0,25.0,26.0,26.0,26.0,26.0,27.0,27.0,27.0,27.0,28.0,28.0,28.0,28.0,28.0,29.0,29.0,29.0,30.0,30.0,30.0,31.0,31.0,31.0,32.0,32.0,32.0,33.0,33.0,34.0,34.0,35.0,36.0,37.0,38.0,45.0,26.0,1000.8509804010391,2000.611764729023,2000.8823529481888,3000.2470588237047,3000.458823531866,3000.5764706134796,3000.666666686535,3000.7647058963776,3000.8705882430077,3001.0,151.34802703857423,159.08898010253907,163.93994903564453,167.76691589355468,171.1223602294922,174.36852111816407,177.92169799804685,182.41087036132814,193.44297790527344,346.30926513671875,222.6499,0.0,test_data/Useful/Validation/2 inches at 2ft/20241020_170611.jpg,360.0,182.0,57.91523021294617
11,0.0,0.0,0.0,0.0,1.0,2.0,3.0,4.0,5.0,6.0,7.0,7.0,8.0,9.0,9.0,10.0,10.0,11.0,11.0,12.0,12.0,12.0,13.0,13.0,13.75,14.0,14.0,14.0,15.0,15.0,16.0,16.0,16.0,16.0,17.0,17.0,17.0,17.0,18.0,18.0,18.0,19.0,19.0,19.0,20.0,20.0,20.0,20.0,21.0,21.0,21.0,21.0,22.0,22.0,22.0,22.0,23.0,23.0,23.0,23.0,24.0,24.0,24.0,24.0,25.0,25.0,25.0,25.0,26.0,26.0,26.0,26.0,27.0,27.0,27.0,27.0,28.0,28.0,28.0,28.0,29.0,29.0,29.0,30.0,30.0,30.0,31.0,31.0,31.0,32.0,32.0,32.0,33.0,34.0,34.0,35.0,36.0,36.0,38.0,43.0,0.0,1000.811764717102,2000.5686274766922,2000.7921568751335,3000.188235297799,3000.46274510026,3000.5921568870544,3000.678431391716,3000.7647058963776,3000.866666674614,3001.0,150.09721984863282,157.74631042480468,162.56586608886718,166.4237060546875,169.76768493652344,173.06898498535156,176.63363647460938,181.29945373535156,193.4088897705078,346.375732421875,223.10031,0.0,test_data/Useful/Validation/2 inches at 2ft/20241020_170612(0).jpg,358.0,176.0,65.82127037879826
12,0.0,0.0,0.0,0.0,1.0,2.0,3.0,4.0,5.0,6.0,7.0,8.0,8.0,9.0,10.0,10.0,11.0,11.0,12.0,12.0,12.0,13.0,13.0,14.0,14.0,14.0,15.0,15.0,15.0,16.0,16.0,16.0,17.0,17.0,17.0,18.0,18.0,18.0,18.0,19.0,19.0,19.0,19.0,20.0,20.0,20.0,21.0,21.0,21.0,21.0,22.0,22.0,22.0,22.0,23.0,23.0,23.0,23.0,24.0,24.0,24.0,24.0,24.0,25.0,25.0,25.0,25.0,26.0,26.0,26.0,26.0,26.0,27.0,27.0,27.0,27.0,28.0,28.0,28.0,29.0,29.0,29.0,29.0,29.0,30.0,30.0,31.0,31.0,31.0,32.0,32.0,32.07999999999993,33.0,33.0,34.0,35.0,35.029999999999745,36.0,38.0,43.0,0.0,1000.8313725590706,2000.5960784554482,2000.839215695858,3000.258823543787,3000.4823529422283,3000.596078455448,3000.6823529601097,3000.7647058963776,3000.8588235378265,3001.0,149.53873748779296,157.2203582763672,162.06914672851562,165.92718505859375,169.34912109375,172.64479064941406,176.30722045898438,181.18753051757812,193.469970703125,346.3380126953125,222.93623,0.0,test_data/Useful/Validation/2 inches at 2ft/20241020_170612.jpg,404.0,204.0,65.41624557117845
13,0.0,0.0,0.0,1.0,2.0,3.0,4.0,6.0,7.0,8.0,9.0,10.0,10.870000000000005,11.0,11.0,12.0,12.0,13.0,13.0,13.0,14.0,14.0,14.0,15.0,15.0,16.0,16.0,16.0,17.0,17.0,17.0,18.0,18.0,18.0,19.0,19.0,19.0,19.620000000000005,20.0,20.0,20.0,20.0,21.0,21.0,21.0,21.0,22.0,22.0,22.0,23.0,23.0,23.0,23.0,24.0,24.0,24.0,24.0,25.0,25.0,25.0,25.0,25.0,26.0,26.0,26.0,26.0,26.0,27.0,27.0,27.0,27.0,27.0,28.0,28.0,28.0,29.0,29.0,29.0,29.0,30.0,30.0,30.0,30.170000000000073,31.0,31.0,31.0,32.0,32.0,33.0,33.0,33.0,34.0,34.0,35.0,35.0,36.0,36.0,38.0,38.0,43.0,25.0,1000.8235294222832,2000.572549045086,2000.8745098114014,3000.258823543787,3000.4784313738346,3000.596078455448,3000.690196096897,3000.78823530674,3000.89411765337,3001.0,152.51917877197266,160.2149200439453,165.00238037109375,168.8386688232422,172.21089935302734,175.52130126953125,178.96315002441406,183.40505981445312,193.74606323242188,346.36334228515625,221.65952,0.0,test_data/Useful/Validation/2 inches at 2ft/20241020_170613.jpg,369.0,192.0,61.368941556173006
14,0.0,0.0,0.0,1.0,2.0,4.0,5.0,6.0,7.0,7.0,8.0,9.0,10.0,10.0,11.0,11.0,12.0,12.0,13.0,13.0,14.0,14.0,14.0,15.0,15.0,15.0,16.0,16.0,16.0,17.0,17.0,17.0,17.0,18.0,18.0,18.0,19.0,19.0,19.0,19.0,20.0,20.0,20.0,21.0,21.0,21.0,21.0,22.0,22.0,22.0,22.0,22.480000000000018,23.0,23.0,23.0,24.0,24.0,24.0,24.0,24.0,25.0,25.0,25.0,25.0,26.0,26.0,26.0,26.0,27.0,27.0,27.0,27.0,28.0,28.0,28.0,28.0,29.0,29.0,29.0,29.0,30.0,30.0,30.0,31.0,31.0,31.0,31.0,32.0,32.0,32.09999999999991,33.0,33.0,34.0,34.0,35.0,35.0,36.0,37.0,38.0,44.0,22.0,1000.9215686321259,2000.6274510025978,2000.9294117689133,3000.286274522543,3000.486274510622,3000.600000023842,3000.694117665291,3000.7921568751335,3000.8980392217636,3001.0,152.68553161621094,160.38619384765624,165.24473571777344,169.09500122070312,172.54208374023438,175.71139526367188,179.18115234375,183.49945068359375,193.4967041015625,346.3514709472656,221.35147,0.0,test_data/Useful/Validation/2 inches at 2ft/20241020_170614.jpg,337.0,163.0,58.2755638803101
15,0.0,0.0,0.0,1.0,2.0,3.0,4.930000000000007,6.0,7.0,8.0,8.0,9.0,10.0,10.0,11.0,11.0,12.0,12.0,13.0,13.0,13.0,14.0,14.0,14.0,15.0,15.0,15.0,15.0,16.0,16.0,16.0,17.0,17.0,17.0,18.0,18.0,18.0,18.0,19.0,19.0,19.0,20.0,20.0,20.0,20.0,21.0,21.0,21.0,21.0,22.0,22.0,22.0,22.0,23.0,23.0,23.0,23.0,24.0,24.0,24.0,24.0,24.0,25.0,25.0,25.0,25.0,26.0,26.0,26.0,26.0,27.0,27.0,27.0,27.0,27.0,28.0,28.0,28.0,28.0,29.0,29.0,29.0,29.0,30.0,30.0,30.0,31.0,31.0,32.0,32.0,32.0,33.0,33.0,34.0,34.0,35.0,35.0,36.0,37.0,41.0,26.0,1000.8470588326454,2000.6039215922356,2000.8705882430077,3000.2666666805744,3000.4901960790157,3000.6078431606293,3000.6980392336845,3000.78823530674,3000.890196084976,3001.0,151.70663757324218,159.43914794921875,164.32614135742188,168.14077758789062,171.49889373779297,174.7521179199219,178.20489349365235,182.66089477539063,193.38218688964844,346.3963317871094,221.84776,0.0,test_data/Useful/Validation/2 inches at 2ft/20241020_170615.jpg,366.0,208.0,60.34254151046605
16,0.0,0.0,0.0,1.0,2.0,4.0,5.0,6.0,7.0,8.0,8.0,9.0,10.0,10.0,11.0,11.0,12.0,12.0,12.0,13.0,13.0,13.0,14.0,14.0,15.0,15.0,15.0,16.0,16.0,16.0,17.0,17.0,17.0,18.0,18.0,18.0,19.0,19.0,19.0,20.0,20.0,20.0,21.0,21.0,21.0,21.0,22.0,22.0,22.0,22.0,22.0,23.0,23.0,23.0,23.0,24.0,24.0,24.0,24.0,24.0,25.0,25.0,25.0,25.0,25.0,26.0,26.0,26.0,26.0,27.0,27.0,27.0,27.0,28.0,28.0,28.0,29.0,29.0,29.0,29.0,30.0,30.0,30.0,30.0,31.0,31.0,31.0,32.0,32.0,32.0,33.0,33.0,33.0,34.0,34.0,35.0,36.0,37.0,38.0,43.0,24.0,1000.811764717102,2000.5764706134796,2000.8313725590706,3000.258823543787,3000.498039215803,3000.6156862974167,3000.7019608020782,3000.7921568751335,3000.8862745165825,3001.0,151.76156921386718,159.32077026367188,164.13043060302735,168.00170288085937,171.3742218017578,174.603271484375,178.14100646972656,182.60565185546875,193.62130737304688,346.40057373046875,222.35603,0.0,test_data/Useful/Validation/2 inches at 2ft/20241020_170616(0).jpg,350.0,203.0,64.54074230704525
17,0.0,0.0,0.0,1.0,2.0,4.0,5.0,6.0,7.0,8.0,9.0,10.0,10.0,10.860000000000014,11.0,11.0,12.0,12.0,13.0,13.0,14.0,14.0,15.0,15.0,15.0,16.0,16.0,16.0,17.0,17.0,17.0,17.0,18.0,18.0,18.0,18.0,19.0,19.0,19.0,19.0,20.0,20.0,20.0,21.0,21.0,21.0,21.0,22.0,22.0,22.0,22.49000000000001,23.0,23.0,23.0,24.0,24.0,24.0,24.0,24.0,25.0,25.0,25.0,25.0,26.0,26.0,26.0,26.0,27.0,27.0,27.0,27.0,28.0,28.0,28.0,28.0,29.0,29.0,29.0,29.0,29.0,30.0,30.0,30.0,30.0,31.0,31.0,31.0,32.0,32.0,32.0,33.0,33.0,34.0,34.0,35.0,35.0,36.0,37.0,38.0,42.0,29.0,1000.8156862854958,2000.5764706134796,2000.8509804010391,3000.2352941185236,3000.4784313738346,3000.6039215922356,3000.6980392336845,3000.796078443527,3000.8980392217636,3001.0,152.61244201660156,160.21473693847656,165.07371673583984,168.83907470703124,172.18811798095703,175.42356872558594,178.92149353027344,183.34121704101562,193.63356018066406,346.4141845703125,221.77942,0.0,test_data/Useful/Validation/2 inches at 2ft/20241020_170616.jpg,345.0,176.0,61.053395521160326
18,0.0,0.0,0.0,2.0,3.0,4.0,5.0,6.0,7.0,8.0,9.0,10.0,10.0,11.0,11.0,12.0,12.0,13.0,13.0,14.0,14.0,15.0,15.0,15.0,16.0,16.0,17.0,17.0,17.0,18.0,18.0,18.0,19.0,19.0,19.0,19.0,20.0,20.0,20.0,20.0,21.0,21.0,21.0,21.0,22.0,22.0,22.0,22.0,22.0,23.0,23.0,23.0,23.0,23.0,24.0,24.0,24.0,24.0,24.409999999999854,25.0,25.0,25.0,25.0,26.0,26.0,26.0,26.0,27.0,27.0,27.0,27.0,28.0,28.0,28.0,28.0,29.0,29.0,29.0,29.0,30.0,30.0,30.0,30.0,31.0,31.0,31.0,32.0,32.0,32.0,33.0,33.0,33.0,34.0,34.0,35.0,36.0,36.0,37.0,38.0,46.0,22.0,1000.7647058963776,2000.447058826685,2000.745098054409,3000.058823529631,3000.407843142748,3000.5647059082985,3000.6745098233223,3000.7803921699524,3000.89411765337,3001.0,152.80750732421876,160.4881561279297,165.3980499267578,169.23305969238282,172.6367950439453,175.877197265625,179.26892852783203,183.6338653564453,193.62918090820312,346.4061279296875,221.69969,0.0,test_data/Useful/Validation/2 inches at 2ft/20241020_170617.jpg,316.0,162.0,59.733200358238534
19,0.0,0.0,1.0,2.0,4.0,5.0,6.0,7.0,8.0,8.900000000000006,9.0,10.0,10.0,11.0,11.0,12.0,12.0,13.0,13.0,13.0,14.0,14.779999999999973,15.0,15.0,15.0,16.0,16.0,16.0,17.0,17.0,17.68999999999994,18.0,18.0,19.0,19.0,19.0,20.0,20.0,20.0,20.0,21.0,21.0,21.0,21.0,22.0,22.0,22.0,22.0,23.0,23.0,23.0,23.0,24.0,24.0,24.0,24.0,25.0,25.0,25.0,25.0,25.0,26.0,26.0,26.0,26.0,27.0,27.0,27.0,27.0,27.0,28.0,28.0,28.0,28.0,28.0,29.0,29.0,29.0,29.0,30.0,30.0,30.0,30.0,31.0,31.0,31.0,32.0,32.0,32.0,33.0,33.0,34.0,34.0,34.0,35.0,36.0,36.029999999999745,37.0,39.0,43.0,28.0,1000.7254902124405,2000.2745098173618,2000.6823529601097,2000.9411764740944,3000.403921574354,3000.5803921818733,3000.6823529601097,3000.7803921699524,3000.882352948189,3001.0,150.81858825683594,158.48748779296875,163.41650390625,167.2830078125,170.6759796142578,173.9877197265625,177.5146697998047,182.21396484375,193.86187744140625,346.45489501953125,222.74359,0.0,test_data/Useful/Validation/2 inches at 2ft/20241020_170618.jpg,348.0,195.0,62.75086268468371
20,0.0,0.0,0.0,0.0,1.0,2.0,2.0,3.0,4.0,5.0,5.0,6.0,6.0,7.0,7.0,8.0,8.0,9.0,9.0,10.0,10.0,10.0,11.0,11.0,11.0,12.0,12.0,12.0,13.0,13.0,13.0,14.0,14.0,14.0,14.649999999999977,15.0,15.0,15.0,15.0,16.0,16.0,16.0,16.0,17.0,17.0,17.0,18.0,18.0,18.0,19.0,19.0,19.0,20.0,20.0,20.0,20.0,21.0,21.0,21.0,21.0,22.0,22.0,22.0,22.0,23.0,23.0,23.0,23.0,24.0,24.0,24.0,24.0,24.0,25.0,25.0,25.0,25.230000000000018,26.0,26.0,26.0,27.0,27.0,27.0,27.159999999999854,28.0,28.0,28.0,29.0,29.0,30.0,30.0,31.0,31.0,32.0,32.04999999999973,33.0,34.0,35.0,36.0,44.0,0.0,2000.380392163992,2000.745098054409,3000.0980392172933,3000.32549020648,3000.4784313738346,3000.5803921818733,3000.662745118141,3000.745098054409,3000.8352941274643,3001.0,148.83494873046874,156.431640625,161.35513305664062,165.236572265625,168.64785766601562,172.02552795410156,175.6576385498047,180.37332153320312,191.99502563476562,346.1702880859375,221.78839,0.0,test_data/Useful/Validation/2 inches at 2ft/20241020_170953_057.jpg,381.0,214.0,61.51693537648191
21,0.0,0.0,0.0,0.0,0.0,0.0,1.0,1.920000000000016,3.0,4.0,4.0,5.0,5.0,6.0,7.0,7.0,8.0,9.0,9.0,10.0,10.0,10.0,11.0,11.0,11.0,12.0,12.0,12.0,13.0,13.0,13.0,14.0,14.0,14.0,15.0,15.0,15.0,15.0,16.0,16.0,16.0,17.0,17.0,17.0,17.0,18.0,18.0,18.0,18.0,19.0,19.0,19.0,19.0,20.0,20.0,20.0,21.0,21.0,21.0,21.0,22.0,22.0,22.0,22.0,23.0,23.0,23.0,23.0,24.0,24.0,24.0,24.0,25.0,25.0,25.0,25.0,26.0,26.0,26.0,26.0,27.0,27.0,27.0,27.0,28.0,28.0,28.0,29.0,29.0,29.0,30.0,30.0,31.0,31.0,32.0,33.0,34.0,34.01999999999998,36.0,42.0,0.0,2000.3882353007793,2000.7490196228027,3000.1058823540807,3000.3294117748737,3000.4823529422283,3000.584313750267,3000.662745118141,3000.745098054409,3000.8352941274643,3001.0,148.69754943847656,156.4247283935547,161.3249053955078,165.170703125,168.58685302734375,171.93344116210938,175.5561065673828,180.3103790283203,191.8025360107422,346.1802978515625,221.7851,0.0,test_data/Useful/Validation/2 inches at 2ft/20241020_170953_058.jpg,354.0,201.0,57.55418667037741
22,0.0,0.0,0.0,0.0,0.0,0.0,1.0,2.0,2.0,3.0,4.0,4.0,5.0,6.0,6.0,7.0,8.0,8.0,9.0,9.800000000000011,10.0,10.0,11.0,11.0,12.0,12.0,12.0,12.0,13.0,13.0,14.0,14.0,14.0,14.660000000000082,15.0,15.0,15.0,16.0,16.0,16.0,16.0,17.0,17.0,17.0,17.0,18.0,18.0,18.0,18.0,19.0,19.0,19.0,19.0,20.0,20.0,20.0,20.0,21.0,21.0,21.0,21.0,22.0,22.0,22.0,22.0,23.0,23.0,23.0,23.0,24.0,24.0,24.0,25.0,25.0,25.0,25.0,25.0,26.0,26.0,26.0,26.0,27.0,27.0,27.0,28.0,28.0,28.0,29.0,29.0,30.0,30.0,30.0,31.0,31.0,32.0,33.0,33.0,34.0,36.0,43.0,0.0,2000.3960784375668,2000.7490196228027,3000.1098039224744,3000.337254911661,3000.486274510622,3000.5882353186607,3000.666666686535,3000.745098054409,3000.8352941274643,3001.0,147.85462951660156,155.4801025390625,160.35836791992188,164.2387481689453,167.706787109375,171.11212463378905,174.81149139404297,179.75084533691407,191.9426727294922,346.1878662109375,221.81993,0.0,test_data/Useful/Validation/2 inches at 2ft/20241020_170953_059.jpg,383.0,211.0,61.167452853024585
23,0.0,0.0,0.0,0.0,0.0,0.0,1.0,2.0,3.0,3.0,4.0,5.0,5.0,6.0,6.0,7.0,8.0,8.0,9.0,9.0,10.0,10.0,10.0,10.759999999999991,11.0,11.0,12.0,12.0,12.0,13.0,13.0,13.0,14.0,14.0,14.0,15.0,15.0,15.0,15.0,16.0,16.0,16.0,16.0,17.0,17.0,17.0,18.0,18.0,18.0,18.0,19.0,19.0,19.0,19.0,20.0,20.0,20.0,20.0,20.0,21.0,21.0,21.0,21.0,22.0,22.0,22.0,23.0,23.0,23.0,23.0,24.0,24.0,24.0,24.0,25.0,25.0,25.0,25.0,25.0,26.0,26.0,26.0,27.0,27.0,27.0,28.0,28.0,28.0,29.0,29.0,30.0,30.0,31.0,31.0,32.0,32.0,33.0,34.01999999999998,37.0,44.0,0.0,2000.4156862795353,2000.7490196228027,3000.1098039224744,3000.341176480055,3000.4901960790157,3000.5882353186607,3000.666666686535,3000.7411764860153,3000.8313725590706,3001.0,146.44367370605468,154.18078002929687,159.14859161376953,163.11632385253907,166.6749496459961,170.13995361328125,173.95501708984375,179.171875,191.86683654785156,346.1903076171875,222.13312,0.0,test_data/Useful/Validation/2 inches at 2ft/20241020_170953_060.jpg,381.0,222.0,58.72511258882414
24,0.0,0.0,0.0,0.0,0.0,0.0,0.0,1.0,2.0,3.0,4.0,4.0,5.0,6.0,6.0,7.0,8.0,8.0,9.0,9.0,9.0,10.0,10.0,11.0,11.0,12.0,12.0,12.0,13.0,13.0,13.0,13.0,14.0,14.0,14.0,15.0,15.0,15.0,15.0,16.0,16.0,16.0,16.0,17.0,17.0,17.0,17.0,18.0,18.0,18.0,19.0,19.0,19.0,19.0,20.0,20.0,20.0,20.0,21.0,21.0,21.0,21.0,22.0,22.0,22.0,23.0,23.0,23.0,23.0,23.299999999999955,24.0,24.0,24.0,25.0,25.0,25.0,25.0,26.0,26.0,26.0,26.0,27.0,27.0,27.0,28.0,28.0,28.0,29.0,29.0,29.0,30.0,30.0,31.0,31.0,32.0,33.0,34.0,35.0,36.0,43.0,0.0,2000.3843137323856,2000.7411764860153,3000.086274512112,3000.3215686380863,3000.4784313738346,3000.5803921818733,3000.662745118141,3000.7411764860153,3000.8352941274643,3001.0,148.2112579345703,155.9032775878906,160.8267059326172,164.70091247558594,168.09320068359375,171.46530456542968,174.99281158447266,179.84979858398438,191.886181640625,346.18426513671875,221.90752,0.0,test_data/Useful/Validation/2 inches at 2ft/20241020_170953_061.jpg,373.0,203.0,60.11886945583215
25,0.0,0.0,0.0,0.0,0.0,0.0,2.0,3.0,3.0,4.0,4.0,5.0,6.0,6.0,7.0,7.0,8.0,8.0,9.0,10.0,10.0,10.0,11.0,11.0,12.0,12.0,12.0,13.0,13.0,13.0,13.0,14.0,14.0,14.0,15.0,15.0,15.0,15.0,16.0,16.0,16.0,17.0,17.0,17.0,17.0,18.0,18.0,18.0,18.0,18.5,19.0,19.0,19.0,19.0,20.0,20.0,20.0,21.0,21.0,21.0,21.0,21.0,22.0,22.0,22.0,22.0,23.0,23.0,23.0,23.0,24.0,24.0,24.0,24.0,24.0,25.0,25.0,25.0,26.0,26.0,26.0,27.0,27.0,27.0,27.0,28.0,28.0,29.0,29.0,29.0,30.0,30.0,31.0,31.0,32.0,32.0,33.0,34.0,36.0,40.0,0.0,2000.4039215743542,2000.7490196228027,3000.0980392172933,3000.3333333432674,3000.486274510622,3000.584313750267,3000.666666686535,3000.745098054409,3000.8352941274643,3001.0,147.81617889404296,155.56255798339845,160.42330322265624,164.31363830566406,167.78094482421875,171.14761352539062,174.83739471435547,179.8460235595703,192.22207641601562,346.1983947753906,222.0289,0.0,test_data/Useful/Validation/2 inches at 2ft/20241020_170953_062.jpg,396.0,238.0,58.416108234230585
26,0.0,0.0,0.0,0.0,0.0,1.0,2.0,3.0,4.0,4.0,5.0,5.0,6.0,7.0,8.0,8.0,9.0,9.0,10.0,10.0,11.0,11.0,12.0,12.0,12.0,13.0,13.0,13.0,14.0,14.0,14.0,14.0,15.0,15.0,15.0,15.0,16.0,16.0,16.0,17.0,17.0,17.0,17.0,17.0,18.0,18.0,18.0,19.0,19.0,19.0,19.0,20.0,20.0,20.0,20.0,21.0,21.0,21.0,21.0,22.0,22.0,22.0,22.0,22.0,23.0,23.0,23.0,23.0,24.0,24.0,24.0,25.0,25.0,25.0,25.0,26.0,26.0,26.0,27.0,27.0,27.0,27.0,28.0,28.0,28.0,28.0,29.0,29.0,29.0,30.0,30.0,31.0,31.0,32.0,32.0,33.0,34.0,34.01999999999998,36.0,43.0,0.0,2000.364705890417,2000.733333349228,3000.054901961237,3000.309803932905,3000.470588237047,3000.5764706134796,3000.662745118141,3000.745098054409,3000.839215695858,3001.0,149.02525329589844,156.72996520996094,161.6004638671875,165.43618774414062,168.86444091796875,172.1553192138672,175.7638397216797,180.50506591796875,192.16265869140625,346.19439697265625,222.21582,0.0,test_data/Useful/Validation/2 inches at 2ft/20241020_170953_063.jpg,357.0,214.0,58.46908896211283
27,0.0,0.0,0.0,0.0,0.0,1.0,1.0,2.0,3.0,4.0,4.0,5.0,5.0,6.0,6.0,7.0,7.0,8.0,8.0,9.0,10.0,10.0,10.0,11.0,11.0,12.0,12.0,12.0,13.0,13.0,13.0,14.0,14.0,14.0,15.0,15.0,15.0,15.0,16.0,16.0,16.0,16.0,17.0,17.0,17.0,17.0,17.0,18.0,18.0,18.0,19.0,19.0,19.0,20.0,20.0,20.0,21.0,21.0,21.0,21.0,21.0,22.0,22.0,22.0,23.0,23.0,23.0,23.0,23.0,24.0,24.0,24.0,24.0,25.0,25.0,25.0,25.0,26.0,26.0,26.0,27.0,27.0,27.0,28.0,28.0,28.0,29.0,29.0,29.0,30.0,30.0,31.0,31.0,32.0,33.0,33.0,34.0,35.0,36.0,45.0,0.0,2000.364705890417,2000.7294117808342,3000.058823529631,3000.3215686380863,3000.4784313738346,3000.584313750267,3000.662745118141,3000.7411764860153,3000.8352941274643,3001.0,147.7315216064453,155.4652557373047,160.39047241210938,164.27871704101562,167.77398681640625,171.16514587402344,174.92129821777343,179.93649291992188,192.2224578857422,346.20147705078125,222.32767,0.0,test_data/Useful/Validation/2 inches at 2ft/20241020_170953_064.jpg,357.0,194.0,57.33514455163342
28,0.0,0.0,0.0,0.0,0.0,0.0,0.0,1.0,2.0,3.0,4.0,5.0,6.0,6.0,7.0,8.0,8.0,9.0,10.0,10.0,10.0,11.0,11.0,11.0,12.0,12.0,12.0,13.0,13.0,13.0,14.0,14.0,14.0,15.0,15.0,15.0,15.0,16.0,16.0,16.0,16.0,17.0,17.0,17.0,17.0,18.0,18.0,18.0,19.0,19.0,19.0,19.0,20.0,20.0,20.0,20.440000000000055,21.0,21.0,21.0,22.0,22.0,22.0,22.0,23.0,23.0,23.0,23.0,24.0,24.0,24.0,24.0,25.0,25.0,25.0,25.0,26.0,26.0,26.0,27.0,27.0,27.0,28.0,28.0,28.0,28.0,29.0,29.0,29.0,30.0,30.0,31.0,31.0,32.0,32.0,33.0,33.0,34.0,36.0,37.0,41.0,0.0,2000.3490196168423,2000.7294117808342,3000.043137256056,3000.3058823645115,3000.470588237047,3000.5764706134796,3000.6588235497475,3000.745098054409,3000.839215695858,3001.0,149.14508056640625,156.84942626953125,161.72293090820312,165.57748413085938,168.95391845703125,172.25050354003906,175.8145538330078,180.51432189941406,192.09913635253906,346.1953430175781,221.80981,0.0,test_data/Useful/Validation/2 inches at 2ft/20241020_170953_065.jpg,371.0,209.0,63.26287420275659
29,0.0,0.0,0.0,0.0,0.0,1.0,2.0,2.920000000000016,3.0,4.0,5.0,6.0,7.0,7.0,8.0,9.0,9.0,10.0,10.0,10.0,11.0,11.0,12.0,12.0,12.0,12.0,13.0,13.0,13.0,14.0,14.0,14.0,15.0,15.0,15.0,16.0,16.0,16.0,17.0,17.0,17.0,18.0,18.0,18.0,18.0,19.0,19.0,19.0,19.0,20.0,20.0,20.0,20.0,21.0,21.0,21.0,21.0,22.0,22.0,22.0,22.0,23.0,23.0,23.0,23.0,24.0,24.0,24.0,25.0,25.0,25.0,25.0,26.0,26.0,26.0,27.0,27.0,27.0,27.0,28.0,28.0,28.0,28.0,29.0,29.0,29.0,30.0,30.0,30.0,30.0,31.0,31.0,32.0,32.0,33.0,34.0,34.0,35.0,36.00999999999976,42.0,0.0,2000.32549020648,2000.7254902124405,3000.043137256056,3000.301960796118,3000.46274510026,3000.5764706134796,3000.6588235497475,3000.745098054409,3000.8431372642517,3001.0,150.01490783691406,157.71897888183594,162.57554626464844,166.4043426513672,169.8133544921875,173.08656311035156,176.5847930908203,181.13438415527344,192.1341094970703,346.18634033203125,221.52422,0.0,test_data/Useful/Validation/2 inches at 2ft/20241020_170953_066.jpg,343.0,200.0,62.020176791191865
30,0.0,0.0,0.0,0.0,0.0,0.0,1.0,2.0,3.0,4.0,4.0,5.0,6.0,6.0,7.0,7.840000000000032,8.0,9.0,9.0,10.0,10.0,10.0,11.0,11.0,12.0,12.0,12.0,13.0,13.0,13.0,14.0,14.0,14.0,14.0,15.0,15.0,15.0,16.0,16.0,16.0,16.0,17.0,17.0,17.0,18.0,18.0,18.0,18.0,19.0,19.0,19.0,19.0,20.0,20.0,20.0,20.0,21.0,21.0,21.0,21.399999999999864,22.0,22.0,22.0,22.0,23.0,23.0,23.0,24.0,24.0,24.0,24.0,25.0,25.0,25.0,25.0,26.0,26.0,26.0,26.0,27.0,27.0,27.0,28.0,28.0,28.0,29.0,29.0,29.0,30.0,30.0,30.0,31.0,31.0,32.0,32.0,33.0,34.0,35.0,37.0,40.0,0.0,2000.3411764800549,2000.7254902124405,3000.0392156876624,3000.3058823645115,3000.4666666686535,3000.5764706134796,3000.662745118141,3000.745098054409,3000.839215695858,3001.0,149.32025146484375,156.99120483398437,161.93853912353515,165.81100463867188,169.18746948242188,172.49179077148438,176.05364990234375,180.66087341308594,192.12109375,346.196533203125,221.97437,0.0,test_data/Useful/Validation/2 inches at 2ft/20241020_170953_067.jpg,365.0,210.0,56.79804888960447
31,0.0,0.0,0.0,0.0,0.0,1.0,2.0,3.0,4.0,4.0,5.0,6.0,7.0,7.0,8.0,9.0,9.0,10.0,10.0,11.0,11.0,11.0,12.0,12.0,13.0,13.0,13.0,14.0,14.0,14.0,15.0,15.0,15.0,15.0,16.0,16.0,16.0,17.0,17.0,17.0,17.0,18.0,18.0,18.0,18.0,19.0,19.0,19.0,20.0,20.0,20.0,20.0,21.0,21.0,21.0,21.0,22.0,22.0,22.0,22.0,23.0,23.0,23.0,23.0,24.0,24.0,24.0,24.0,24.0,25.0,25.0,25.0,25.0,26.0,26.0,26.0,27.0,27.0,27.0,27.0,27.0,28.0,28.0,28.0,29.0,29.0,29.0,30.0,30.0,31.0,31.0,31.0,32.0,32.0,33.0,34.0,34.0,35.0,37.0,42.0,0.0,2000.3411764800549,2000.7254902124405,3000.0392156876624,3000.3058823645115,3000.470588237047,3000.5764706134796,3000.662745118141,3000.745098054409,3000.839215695858,3001.0,149.56669158935546,157.34616088867188,162.17996215820312,166.0517120361328,169.4313201904297,172.7321350097656,176.2623077392578,180.87606811523438,192.26706542968753,346.195068359375,222.01059,0.0,test_data/Useful/Validation/2 inches at 2ft/20241020_170953_068.jpg,347.0,200.0,63.65414995188806
32,0.0,0.0,0.0,0.0,0.0,1.0,2.0,3.0,4.0,5.0,5.0,6.0,7.0,7.0,8.0,8.0,9.0,10.0,10.0,10.0,11.0,11.0,12.0,12.0,12.0,12.0,13.0,13.0,13.0,14.0,14.0,14.0,15.0,15.0,15.0,15.0,16.0,16.0,16.0,17.0,17.0,17.0,18.0,18.0,18.0,18.0,19.0,19.0,19.0,20.0,20.0,20.0,20.0,21.0,21.0,21.0,21.0,22.0,22.0,22.0,22.0,23.0,23.0,23.0,23.0,24.0,24.0,24.0,24.0,25.0,25.0,25.0,25.0,26.0,26.0,26.0,26.0,27.0,27.0,27.0,28.0,28.0,28.0,29.0,29.0,29.0,30.0,30.0,30.0,31.0,31.0,32.0,32.0,33.0,33.0,34.0,35.0,36.0,37.0,44.0,0.0,2000.352941185236,2000.7215686440468,3000.0352941192687,3000.309803932905,3000.474509805441,3000.5803921818733,3000.662745118141,3000.745098054409,3000.839215695858,3001.0,149.09861907958984,156.8026153564453,161.7093536376953,165.56393737792968,168.98873901367188,172.32565307617188,175.90086364746094,180.63495483398438,192.45103454589844,346.20367431640625,222.00798,0.0,test_data/Useful/Validation/2 inches at 2ft/20241020_170953_069.jpg,330.0,197.0,70.0
33,0.0,0.0,0.0,0.0,0.0,1.0,2.0,3.0,4.0,4.0,5.0,6.0,6.0,7.0,7.0,8.0,8.830000000000041,9.0,10.0,10.0,11.0,11.0,11.0,12.0,12.0,12.0,13.0,13.0,13.0,14.0,14.0,14.0,14.0,15.0,15.0,15.0,16.0,16.0,16.0,17.0,17.0,17.0,17.0,18.0,18.0,18.0,19.0,19.0,19.0,19.0,20.0,20.0,20.0,20.0,21.0,21.0,21.0,21.0,22.0,22.0,22.0,22.0,23.0,23.0,23.0,23.0,24.0,24.0,24.0,24.0,25.0,25.0,25.0,25.0,26.0,26.0,26.0,26.0,27.0,27.0,27.0,27.0,28.0,28.0,29.0,29.0,29.0,29.0,30.0,30.0,31.0,31.0,31.0,32.0,32.0,33.0,34.0,35.0,37.0,41.0,0.0,2000.3450980484486,2000.7254902124405,3000.0509803928435,3000.313725501299,3000.474509805441,3000.584313750267,3000.662745118141,3000.7490196228027,3000.8431372642517,3001.0,149.13671875,156.810546875,161.73617248535157,165.6295959472656,169.0935287475586,172.40693359375,175.95484619140626,180.61062622070312,192.1245574951172,346.20550537109375,222.13168,0.0,test_data/Useful/Validation/2 inches at 2ft/20241020_170953_070.jpg,372.0,219.0,57.50323979100918
34,0.0,0.0,0.0,0.0,1.0,2.0,3.0,3.920000000000016,4.0,5.0,6.0,6.0,7.0,7.860000000000014,8.0,9.0,9.0,10.0,10.0,11.0,11.0,11.0,12.0,12.0,12.0,13.0,13.0,13.0,14.0,14.0,14.0,15.0,15.0,15.0,15.0,16.0,16.0,16.0,17.0,17.0,17.0,17.0,18.0,18.0,18.0,18.0,18.0,19.0,19.0,19.0,19.0,20.0,20.0,20.0,21.0,21.0,21.0,22.0,22.0,22.0,22.0,23.0,23.0,23.0,23.0,24.0,24.0,24.0,24.0,25.0,25.0,25.0,25.269999999999982,26.0,26.0,26.0,27.0,27.0,27.0,27.0,27.0,28.0,28.0,28.0,29.0,29.0,29.0,30.0,30.0,30.0,31.0,32.0,32.0,32.0,33.0,33.0,34.0,35.0,37.0,44.0,0.0,2000.3333333432674,2000.7254902124405,3000.04705882445,3000.301960796118,3000.4666666686535,3000.5764706134796,3000.662745118141,3000.7490196228027,3000.8470588326454,3001.0,150.1436538696289,157.71009826660156,162.66683959960938,166.53724670410156,169.84632873535156,173.1010284423828,176.6446762084961,181.22274475097657,192.2244873046875,346.1932678222656,221.72662,0.0,test_data/Useful/Validation/2 inches at 2ft/20241020_170953_071.jpg,330.0,190.0,58.97895485838894
35,0.0,0.0,0.0,0.0,0.0,1.0,2.0,3.0,4.0,4.0,5.0,6.0,6.8700000000000045,7.0,8.0,8.0,9.0,9.0,10.0,10.0,11.0,11.0,11.0,12.0,12.0,12.0,13.0,13.0,13.0,14.0,14.0,14.0,14.0,15.0,15.0,15.0,15.0,16.0,16.0,16.0,16.0,17.0,17.0,17.0,18.0,18.0,18.0,18.0,19.0,19.0,19.0,20.0,20.0,20.0,20.0,21.0,21.0,21.0,21.0,22.0,22.0,22.0,22.0,22.0,23.0,23.0,23.0,23.0,24.0,24.0,24.0,24.279999999999973,25.0,25.0,25.0,26.0,26.0,26.0,27.0,27.0,27.0,27.0,28.0,28.0,28.0,29.0,29.0,29.0,30.0,30.0,31.0,31.0,31.070000000000164,32.0,33.0,33.0,34.0,36.0,37.0,41.0,0.0,2000.3568627536297,2000.7294117808342,3000.06274510175,3000.3176470696926,3000.4823529422283,3000.584313750267,3000.666666686535,3000.7490196228027,3000.839215695858,3001.0,148.65309143066406,156.3573760986328,161.3274383544922,165.24447631835938,168.66659545898438,171.96571350097656,175.6074020385742,180.41078186035156,192.2725067138672,346.2047119140625,222.03061,0.0,test_data/Useful/Validation/2 inches at 2ft/20241020_170953_072.jpg,348.0,204.0,54.424285366245826
36,0.0,0.0,0.0,0.0,0.0,1.0,2.0,3.0,4.0,5.0,5.0,6.0,7.0,7.0,8.0,8.840000000000032,9.0,10.0,10.0,10.0,11.0,11.0,12.0,12.0,12.0,13.0,13.0,13.0,14.0,14.0,14.0,14.0,15.0,15.0,15.0,15.0,16.0,16.0,16.0,16.0,17.0,17.0,17.0,17.0,18.0,18.0,18.0,18.0,19.0,19.0,19.0,19.480000000000018,20.0,20.0,20.0,21.0,21.0,21.0,21.0,22.0,22.0,22.0,22.0,23.0,23.0,23.0,23.0,24.0,24.0,24.0,24.0,25.0,25.0,25.0,25.0,26.0,26.0,26.0,27.0,27.0,27.0,28.0,28.0,28.0,29.0,29.0,29.0,30.0,30.0,30.0,31.0,31.0,32.0,33.0,33.0,34.0,34.0,35.0,38.0,45.0,0.0,2000.3686274588108,2000.7294117808342,3000.0666666701436,3000.32549020648,3000.486274510622,3000.5882353186607,3000.666666686535,3000.745098054409,3000.839215695858,3001.0,147.47413482666016,155.1551055908203,160.06586456298828,163.9900360107422,167.4757080078125,170.89783935546876,174.67308959960937,179.82670593261722,192.32225036621094,346.2109680175781,222.18686,0.0,test_data/Useful/Validation/2 inches at 2ft/20241020_170953_073.jpg,346.0,215.0,60.00246919679831
37,0.0,0.0,0.0,0.0,0.0,1.0,2.0,2.920000000000016,4.0,4.0,5.0,6.0,6.0,7.0,8.0,8.0,9.0,9.0,10.0,10.0,10.0,11.0,11.0,11.0,12.0,12.0,12.0,13.0,13.0,13.699999999999932,14.0,14.0,14.0,15.0,15.0,15.0,16.0,16.0,16.0,17.0,17.0,17.0,18.0,18.0,18.0,18.0,19.0,19.0,19.0,19.0,20.0,20.0,20.0,20.0,21.0,21.0,21.0,21.0,22.0,22.0,22.0,22.0,23.0,23.0,23.0,23.0,24.0,24.0,24.0,24.0,25.0,25.0,25.0,25.0,26.0,26.0,26.0,26.0,27.0,27.0,27.0,27.0,28.0,28.0,28.0,29.0,29.0,30.0,30.0,30.09999999999991,31.0,31.0,32.0,32.0,33.0,33.039999999999964,34.0,35.0,37.0,42.0,0.0,2000.3607843220234,2000.7294117808342,3000.0666666701436,3000.3176470696926,3000.4784313738346,3000.584313750267,3000.666666686535,3000.7490196228027,3000.8431372642517,3001.0,149.34789428710937,156.96947021484374,161.85590209960938,165.708154296875,169.10809326171875,172.41452026367188,175.99423217773438,180.668212890625,192.238525390625,346.203125,221.96292,0.0,test_data/Useful/Validation/2 inches at 2ft/20241020_170953_074.jpg,373.0,219.0,61.054723447815576
38,0.0,0.0,0.0,0.0,0.0,1.0,2.0,3.0,4.0,5.0,5.0,6.0,7.0,7.0,8.0,8.0,9.0,10.0,10.0,10.0,11.0,11.0,11.0,12.0,12.0,12.0,13.0,13.0,13.0,14.0,14.0,14.0,15.0,15.0,15.0,15.639999999999986,16.0,16.0,16.0,17.0,17.0,17.0,17.0,18.0,18.0,18.0,19.0,19.0,19.0,19.0,20.0,20.0,20.0,20.0,21.0,21.0,21.0,21.0,21.0,22.0,22.0,22.0,22.0,23.0,23.0,23.0,23.0,24.0,24.0,24.0,24.0,25.0,25.0,25.0,25.0,26.0,26.0,26.0,26.0,27.0,27.0,27.0,27.0,28.0,28.0,28.0,29.0,29.0,29.0,30.0,30.0,30.0,31.0,31.0,32.0,33.0,33.029999999999745,34.01999999999998,36.0,42.0,0.0,2000.3843137323856,2000.7372549176216,3000.0823529437184,3000.3294117748737,3000.4901960790157,3000.5921568870544,3000.6705882549286,3000.7490196228027,3000.8431372642517,3001.0,148.03024291992188,155.80838012695312,160.7482437133789,164.58375244140626,168.02764892578125,171.42335510253906,175.104248046875,180.0733642578125,192.1184539794922,346.21270751953125,222.4769,0.0,test_data/Useful/Validation/2 inches at 2ft/20241020_170953_075.jpg,371.0,221.0,64.56452654162779
39,0.0,0.0,0.0,0.0,0.0,0.0,1.0,2.0,3.0,4.0,4.0,5.0,6.0,7.0,7.0,8.0,8.0,9.0,9.0,10.0,10.0,10.0,11.0,11.0,12.0,12.0,12.0,13.0,13.0,13.0,14.0,14.0,14.0,15.0,15.0,15.0,15.0,15.620000000000005,16.0,16.0,16.0,17.0,17.0,17.0,18.0,18.0,18.0,19.0,19.0,19.0,19.0,19.0,20.0,20.0,20.0,20.0,21.0,21.0,21.0,22.0,22.0,22.0,23.0,23.0,23.0,23.0,23.0,24.0,24.0,24.0,24.0,25.0,25.0,25.0,26.0,26.0,26.0,26.0,27.0,27.0,27.0,28.0,28.0,28.0,28.0,29.0,29.0,30.0,30.0,30.0,31.0,31.0,32.0,32.0,32.0,33.0,34.0,35.0,36.00999999999976,43.0,0.0,2000.3882353007793,2000.7411764860153,3000.0941176488996,3000.3333333432674,3000.4901960790157,3000.5882353186607,3000.6705882549286,3000.7529411911964,3000.8431372642517,3001.0,148.62720184326173,156.2409423828125,161.2096160888672,165.0872589111328,168.53041076660156,171.88125610351562,175.5450912475586,180.37903747558596,192.33782958984375,346.20269775390625,222.1209,0.0,test_data/Useful/Validation/2 inches at 2ft/20241020_170953_076.jpg,328.0,181.0,57.95857758854561
40,0.0,0.0,0.0,0.0,0.0,2.0,3.0,4.0,5.0,6.0,7.0,8.0,8.0,9.0,9.0,10.0,10.0,11.0,11.0,12.0,12.0,12.0,13.0,13.0,13.0,14.0,14.0,14.0,15.0,15.0,15.0,16.0,16.0,16.0,17.0,17.0,17.0,17.0,18.0,18.0,18.0,19.0,19.0,19.0,19.0,20.0,20.0,20.0,20.50999999999999,21.0,21.0,21.0,22.0,22.0,22.0,22.0,23.0,23.0,23.0,23.0,23.0,24.0,24.0,24.0,24.0,25.0,25.0,25.0,26.0,26.0,26.0,26.0,27.0,27.0,27.0,27.0,28.0,28.0,28.0,28.0,29.0,29.0,29.0,30.0,30.0,30.0,31.0,31.0,31.0,32.0,32.0,32.07999999999993,33.0,34.0,34.0,35.0,36.0,37.0,38.0,44.0,0.0,1000.8588235378265,2000.6705882549286,2000.905882358551,3000.3176470696926,3000.5098039507866,3000.6156862974167,3000.6980392336845,3000.7764706015587,3000.8627451062202,3001.0,150.2926025390625,158.02188110351562,162.85006866455078,166.69927978515625,170.11510467529297,173.40882568359376,176.9605255126953,181.61241149902344,192.99398803710938,346.3342590332031,222.19408,0.0,test_data/Useful/Validation/2 inches at 2ft/20241020_171005_017.jpg,355.0,196.0,62.81417312388909
41,0.0,0.0,0.0,0.0,0.0,1.0,2.0,3.0,4.0,5.0,6.0,7.0,7.0,8.0,9.0,10.0,10.0,10.0,11.0,11.0,12.0,12.0,12.0,13.0,13.0,13.0,14.0,14.0,14.0,15.0,15.0,15.0,16.0,16.0,17.0,17.0,17.0,17.0,18.0,18.0,18.0,18.0,19.0,19.0,19.0,20.0,20.0,20.0,20.0,21.0,21.0,21.0,21.0,21.0,22.0,22.0,22.0,23.0,23.0,23.0,23.0,23.0,24.0,24.0,24.0,24.0,25.0,25.0,25.0,25.0,26.0,26.0,26.0,26.0,27.0,27.0,27.0,28.0,28.0,28.0,28.0,29.0,29.0,29.0,29.0,30.0,30.0,30.0,31.0,31.0,32.0,32.0,32.0,33.0,34.0,34.0,35.0,35.01999999999998,37.0,42.0,0.0,1000.8509804010391,2000.6588235497475,2000.89411765337,3000.3058823645115,3000.505882382393,3000.6156862974167,3000.6980392336845,3000.7764706015587,3000.8627451062202,3001.0,150.33901977539062,157.9698944091797,162.8289031982422,166.70452880859375,170.0924072265625,173.3470001220703,176.8744659423828,181.513671875,192.95730590820312,346.3420104980469,222.3535,0.0,test_data/Useful/Validation/2 inches at 2ft/20241020_171005_018.jpg,364.0,190.0,57.955755862358835
42,0.0,0.0,0.0,0.0,1.0,2.0,3.0,3.0,4.0,5.0,6.0,7.0,8.0,8.860000000000014,9.0,10.0,10.0,10.0,11.0,11.0,12.0,12.0,12.0,13.0,13.0,13.740000000000009,14.0,14.0,14.0,15.0,15.0,15.0,16.0,16.0,17.0,17.0,17.0,18.0,18.0,18.0,18.0,19.0,19.0,19.0,20.0,20.0,20.0,20.0,21.0,21.0,21.0,21.0,22.0,22.0,22.0,22.0,23.0,23.0,23.0,23.0,24.0,24.0,24.0,25.0,25.0,25.0,25.0,26.0,26.0,26.0,26.0,26.0,27.0,27.0,27.0,28.0,28.0,28.0,28.0,28.0,29.0,29.0,29.0,30.0,30.0,30.0,31.0,31.0,31.0,31.09999999999991,32.0,32.0,33.0,33.0,34.0,35.0,35.0,36.0,38.0,44.0,26.0,1000.8431372642517,2000.6588235497475,2000.878431379795,3000.309803932905,3000.5137255191803,3000.6196078658104,3000.6980392336845,3000.772549033165,3000.854901969433,3001.0,147.73147583007812,155.4041748046875,160.3455810546875,164.308154296875,167.86563873291016,171.33531799316407,175.2638916015625,180.414306640625,193.19839477539062,346.35205078125,222.61635,0.0,test_data/Useful/Validation/2 inches at 2ft/20241020_171005_019.jpg,360.0,192.0,59.396705752117136
43,0.0,0.0,0.0,0.0,1.0,2.0,3.0,5.0,5.0,6.0,6.0,7.0,8.0,8.0,9.0,9.0,10.0,10.0,11.0,11.0,12.0,12.0,13.0,13.0,13.0,14.0,14.0,15.0,15.0,15.0,15.0,16.0,16.0,16.0,17.0,17.0,17.0,18.0,18.0,18.0,18.0,19.0,19.0,19.0,19.0,20.0,20.0,20.0,21.0,21.0,21.0,21.0,22.0,22.0,22.0,22.0,23.0,23.0,23.0,23.0,24.0,24.0,24.0,24.0,25.0,25.0,25.0,25.0,25.0,26.0,26.0,26.0,26.0,27.0,27.0,27.0,28.0,28.0,28.0,28.0,29.0,29.0,29.0,30.0,30.0,30.0,31.0,31.0,31.0,32.0,32.0,32.0,33.0,33.0,34.0,34.0,35.0,36.0,38.0,44.0,25.0,1000.8352941274643,2000.6431372761726,2000.8705882430077,3000.274509817362,3000.4901960790157,3000.611764729023,3000.694117665291,3000.7764706015587,3000.8627451062202,3001.0,150.29710388183594,158.02679443359375,162.88963317871094,166.7544738769531,170.10708618164062,173.35183715820312,176.9014892578125,181.50794982910156,192.76100158691406,346.34283447265625,222.23697,0.0,test_data/Useful/Validation/2 inches at 2ft/20241020_171005_020.jpg,333.0,185.0,59.947534068134246
44,0.0,0.0,0.0,0.0,1.9500000000000028,3.0,3.930000000000007,4.0,5.0,6.0,7.0,7.0,8.0,9.0,9.0,10.0,10.0,11.0,11.0,11.0,12.0,12.0,13.0,13.0,13.0,14.0,14.0,15.0,15.0,15.0,16.0,16.0,16.0,16.0,17.0,17.0,17.0,17.0,18.0,18.0,18.0,19.0,19.0,19.0,20.0,20.0,20.0,20.0,21.0,21.0,21.0,21.0,21.0,22.0,22.0,22.0,22.0,22.0,23.0,23.0,23.0,23.0,24.0,24.0,24.0,24.0,25.0,25.0,25.0,25.0,26.0,26.0,26.0,26.0,27.0,27.0,27.0,27.0,28.0,28.0,28.0,28.0,29.0,29.0,29.0,30.0,30.0,30.0,31.0,31.0,32.0,32.0,32.0,33.0,34.0,34.0,35.0,36.0,37.0,42.0,21.0,1000.8235294222832,2000.639215707779,2000.8627451062202,3000.286274522543,3000.501960813999,3000.6156862974167,3000.694117665291,3000.7764706015587,3000.8588235378265,3001.0,148.91010589599608,156.5417022705078,161.43594360351562,165.3302764892578,168.7919464111328,172.16470336914062,175.8070068359375,180.7091064453125,192.9468994140625,346.35748291015625,222.47519,0.0,test_data/Useful/Validation/2 inches at 2ft/20241020_171005_021.jpg,360.0,203.0,54.63626361285916
45,0.0,0.0,0.0,0.0,0.0,1.0,2.0,3.0,4.0,5.0,5.0,6.0,7.0,8.0,8.0,9.0,10.0,10.0,11.0,11.0,11.0,12.0,12.0,13.0,13.0,13.0,14.0,14.0,14.0,15.0,15.0,15.0,16.0,16.0,16.0,17.0,17.0,17.0,17.0,18.0,18.0,18.0,19.0,19.0,19.0,19.0,20.0,20.0,20.0,21.0,21.0,21.0,22.0,22.0,22.0,22.0,23.0,23.0,23.0,23.0,24.0,24.0,24.0,24.0,24.0,25.0,25.0,25.0,25.0,26.0,26.0,26.0,26.0,27.0,27.0,27.0,27.0,28.0,28.0,28.0,28.0,29.0,29.0,29.0,30.0,30.0,30.0,31.0,31.0,31.0,32.0,32.0,32.0,33.0,34.0,34.0,35.0,36.0,37.0,41.0,0.0,1000.8196078538895,2000.6313725709915,2000.8509804010391,3000.2549019753933,3000.4823529422283,3000.6078431606293,3000.6862745285034,3000.7686274647713,3000.854901969433,3001.0,149.09645080566406,156.82113647460938,161.64364624023438,165.54833374023437,168.99956512451172,172.34864807128906,176.04591369628906,180.83128356933594,193.1181640625,346.3551330566406,222.76778,0.0,test_data/Useful/Validation/2 inches at 2ft/20241020_171005_022.jpg,339.0,179.0,57.444779316841974
46,0.0,0.0,0.0,0.0,0.0,1.0,2.0,3.0,4.0,5.0,6.0,7.0,8.0,8.0,9.0,10.0,10.0,11.0,11.0,11.0,12.0,12.0,13.0,13.0,13.0,14.0,14.0,14.0,15.0,15.0,16.0,16.0,16.0,16.0,17.0,17.0,17.0,18.0,18.0,18.0,18.0,19.0,19.0,19.0,20.0,20.0,20.0,20.0,21.0,21.0,21.0,22.0,22.0,22.0,22.0,22.0,23.0,23.0,23.0,24.0,24.0,24.0,24.0,24.0,25.0,25.0,25.0,25.0,26.0,26.0,26.0,26.0,27.0,27.0,27.0,27.0,28.0,28.0,28.0,28.0,29.0,29.0,29.0,30.0,30.0,30.0,31.0,31.0,31.0,32.0,32.0,33.0,33.0,33.0,34.0,34.0,35.0,36.0,38.0,42.0,0.0,1000.8196078538895,2000.6274510025978,2000.8549019694328,3000.2352941185236,3000.470588237047,3000.600000023842,3000.6862745285034,3000.772549033165,3000.8627451062202,3001.0,150.77197265625,158.2984161376953,163.3138427734375,167.16229248046875,170.54811096191406,173.74249877929688,177.2545623779297,181.80885314941406,193.02659606933594,346.3414306640625,222.34079,0.0,test_data/Useful/Validation/2 inches at 2ft/20241020_171005_023.jpg,349.0,197.0,55.115090069401205
47,0.0,0.0,0.0,0.0,1.0,2.0,3.0,4.0,5.0,5.0,6.0,7.0,7.0,8.0,9.0,9.0,10.0,10.0,10.0,11.0,11.0,12.0,12.0,12.0,13.0,13.0,13.0,14.0,14.0,15.0,15.0,15.0,15.0,16.0,16.0,16.0,17.0,17.0,17.0,18.0,18.0,18.0,19.0,19.0,19.0,20.0,20.0,20.0,20.0,21.0,21.0,21.0,21.0,22.0,22.0,22.0,22.429999999999836,23.0,23.0,23.0,24.0,24.0,24.0,24.0,25.0,25.0,25.0,25.0,26.0,26.0,26.0,26.0,27.0,27.0,27.0,27.0,27.0,28.0,28.0,28.0,29.0,29.0,29.0,29.0,30.0,30.0,30.0,31.0,31.0,31.0,32.0,32.0,33.0,33.0,33.0,34.0,35.0,36.0,37.0,42.0,0.0,1000.8274509906769,2000.6313725709915,2000.8627451062202,3000.2392156869173,3000.470588237047,3000.600000023842,3000.6862745285034,3000.7764706015587,3000.866666674614,3001.0,151.06238861083983,158.79630432128906,163.7498321533203,167.60362243652344,170.953125,174.18075866699218,177.70326232910156,182.2039031982422,193.10440063476562,346.3348083496094,222.0253,0.0,test_data/Useful/Validation/2 inches at 2ft/20241020_171005_024.jpg,358.0,191.0,62.90099321458619
48,0.0,0.0,0.0,1.0,1.0,2.0,3.0,4.0,5.0,6.0,6.0,7.0,8.0,8.0,9.0,10.0,10.0,11.0,11.0,12.0,12.0,12.0,13.0,13.0,13.0,14.0,14.0,14.0,15.0,15.0,16.0,16.0,16.0,16.0,17.0,17.0,17.0,18.0,18.0,18.0,18.589999999999918,19.0,19.0,19.0,20.0,20.0,20.0,20.0,21.0,21.0,21.0,21.0,22.0,22.0,22.0,22.0,23.0,23.0,23.0,23.0,24.0,24.0,24.0,24.0,25.0,25.0,25.0,25.0,25.0,26.0,26.0,26.0,26.0,27.0,27.0,27.0,27.0,28.0,28.0,28.0,28.0,29.0,29.0,29.0,30.0,30.0,30.0,30.0,31.0,31.0,32.0,32.0,33.0,33.0,34.0,35.0,35.029999999999745,36.0,38.0,42.0,25.0,1000.8274509906769,2000.6313725709915,2000.8509804010391,3000.243137255311,3000.474509805441,3000.6039215922356,3000.6862745285034,3000.772549033165,3000.8627451062202,3001.0,150.0335693359375,157.69859313964844,162.5154266357422,166.36163330078125,169.7913360595703,173.08251342773437,176.62220306396483,181.3736541748047,193.01756286621094,346.35064697265625,222.32637,0.0,test_data/Useful/Validation/2 inches at 2ft/20241020_171005_025.jpg,313.0,173.0,60.159346782867345
49,0.0,0.0,0.0,0.0,1.0,1.0,2.0,3.0,4.0,5.0,6.0,6.0,7.0,7.0,8.0,9.0,10.0,10.0,11.0,11.0,12.0,12.0,12.0,13.0,13.0,14.0,14.0,14.0,14.0,15.0,15.0,15.0,16.0,16.0,16.0,17.0,17.0,17.0,17.0,18.0,18.0,18.0,19.0,19.0,19.0,19.0,20.0,20.0,20.0,20.0,21.0,21.0,21.0,21.0,22.0,22.0,22.0,22.0,23.0,23.0,23.0,23.0,24.0,24.0,24.0,24.0,25.0,25.0,25.0,25.0,25.0,26.0,26.0,26.0,27.0,27.0,27.0,27.0,28.0,28.0,28.0,29.0,29.0,29.0,29.0,30.0,30.0,31.0,31.0,31.0,32.0,32.0,33.0,33.0,34.0,34.0,35.0,36.0,37.0,44.0,0.0,1000.8274509906769,2000.6352941393852,2000.8627451062202,3000.258823543787,3000.4823529422283,3000.6078431606293,3000.690196096897,3000.772549033165,3000.8627451062202,3001.0,150.2004150390625,157.845849609375,162.7566131591797,166.58447265625,169.99153900146484,173.2438720703125,176.8060302734375,181.47243652343752,193.06439208984375,346.3473205566406,222.2983,0.0,test_data/Useful/Validation/2 inches at 2ft/20241020_171005_026.jpg,369.0,184.0,60.869138794608666
50,0.0,0.0,0.0,0.0,0.0,1.0,2.0,3.0,4.0,5.0,6.0,7.0,8.0,8.0,9.0,9.0,10.0,10.0,11.0,11.0,12.0,12.0,12.0,13.0,13.0,14.0,14.0,14.0,15.0,15.0,15.0,16.0,16.0,16.0,17.0,17.0,17.0,17.0,18.0,18.0,18.0,18.0,19.0,19.0,19.0,19.0,20.0,20.0,20.0,20.0,21.0,21.0,21.0,22.0,22.0,22.0,22.0,23.0,23.0,23.0,23.0,23.37999999999988,24.0,24.0,24.0,25.0,25.0,25.0,25.0,25.0,26.0,26.0,26.0,27.0,27.0,27.0,27.0,28.0,28.0,28.0,29.0,29.0,29.0,30.0,30.0,30.0,31.0,31.0,31.0,32.0,32.0,33.0,33.0,34.0,34.0,35.0,36.0,37.0,38.0,44.0,0.0,1000.8235294222832,2000.6352941393852,2000.8549019694328,3000.258823543787,3000.486274510622,3000.6078431606293,3000.690196096897,3000.772549033165,3000.8588235378265,3001.0,149.49142303466797,157.119873046875,162.0016326904297,165.93621826171875,169.33920288085938,172.69088745117188,176.286865234375,181.08900451660156,193.12518310546875,346.3584899902344,222.80502,0.0,test_data/Useful/Validation/2 inches at 2ft/20241020_171005_027.jpg,341.0,187.0,60.18733301395166
51,0.0,0.0,0.0,0.0,1.0,2.0,3.0,4.0,5.0,5.0,6.0,7.0,8.0,9.0,9.0,10.0,11.0,11.0,11.0,12.0,12.0,13.0,13.0,14.0,14.0,14.0,15.0,15.0,15.0,16.0,16.0,16.0,17.0,17.0,17.0,18.0,18.0,18.0,18.0,19.0,19.0,19.0,19.0,20.0,20.0,20.0,20.529999999999973,21.0,21.0,21.0,21.0,22.0,22.0,22.0,22.0,23.0,23.0,23.0,23.0,24.0,24.0,24.0,24.0,24.0,25.0,25.0,25.0,25.0,25.309999999999945,26.0,26.0,26.0,27.0,27.0,27.0,27.0,28.0,28.0,28.0,28.0,29.0,29.0,29.0,30.0,30.0,30.0,30.0,31.0,31.0,32.0,32.0,32.0,33.0,33.0,34.0,34.0,35.0,36.0,38.0,42.0,24.0,1000.8196078538895,2000.6313725709915,2000.866666674614,3000.270588248968,3000.4901960790157,3000.6078431606293,3000.690196096897,3000.772549033165,3000.8627451062202,3001.0,150.24522705078124,157.89241943359374,162.72335662841797,166.57821655273438,169.96673583984375,173.2152557373047,176.8050994873047,181.46473693847656,193.20156860351562,346.3511962890625,222.24777,0.0,test_data/Useful/Validation/2 inches at 2ft/20241020_171005_028.jpg,313.0,164.0,56.70561380843663
52,0.0,0.0,0.0,0.0,1.0,2.0,3.0,4.0,5.0,6.0,7.0,8.0,8.0,9.0,10.0,10.0,10.0,11.0,11.0,12.0,12.0,13.0,13.0,13.0,14.0,14.0,14.0,15.0,15.0,15.0,16.0,16.0,16.0,17.0,17.0,17.0,18.0,18.0,18.0,18.0,19.0,19.0,19.0,20.0,20.0,20.0,20.0,20.0,21.0,21.0,21.0,22.0,22.0,22.0,22.0,23.0,23.0,23.0,23.0,24.0,24.0,24.0,24.0,24.0,25.0,25.0,25.0,25.0,26.0,26.0,26.0,26.0,27.0,27.0,27.0,27.0,28.0,28.0,28.0,29.0,29.0,29.0,29.0,30.0,30.0,30.0,30.0,31.0,31.0,31.0,32.0,32.0,33.0,33.0,33.0,34.0,35.0,36.0,37.0,41.0,24.0,1000.8352941274643,2000.639215707779,2000.878431379795,3000.2823529541492,3000.498039215803,3000.611764729023,3000.694117665291,3000.7803921699524,3000.866666674614,3001.0,150.75020446777344,158.53028869628906,163.4023895263672,167.19229125976562,170.51626586914062,173.7847900390625,177.2463836669922,181.85739135742188,192.93327331542972,346.3607177734375,222.04434,0.0,test_data/Useful/Validation/2 inches at 2ft/20241020_171005_029.jpg,324.0,192.0,60.39159919125574
53,0.0,0.0,0.0,0.0,1.0,2.0,3.0,4.0,5.0,6.0,7.0,7.0,8.0,9.0,10.0,10.0,11.0,11.0,11.0,12.0,12.0,13.0,13.0,13.0,14.0,14.0,14.0,14.0,15.0,15.0,15.0,16.0,16.0,17.0,17.0,17.0,17.0,18.0,18.0,18.0,19.0,19.0,19.0,19.0,20.0,20.0,20.0,20.0,21.0,21.0,21.0,21.0,22.0,22.0,22.0,22.0,23.0,23.0,23.0,23.0,23.0,24.0,24.0,24.0,25.0,25.0,25.0,25.0,26.0,26.0,26.0,26.0,27.0,27.0,27.0,27.0,28.0,28.0,28.0,28.0,29.0,29.0,29.0,30.0,30.0,30.0,30.0,31.0,31.0,31.0,32.0,32.0,33.0,33.0,34.0,34.0,35.0,36.0,38.0,45.0,0.0,1000.8274509906769,2000.6470588445663,2000.8823529481888,3000.298039227724,3000.505882382393,3000.6196078658104,3000.6980392336845,3000.7803921699524,3000.866666674614,3001.0,150.44298095703124,158.0546081542969,162.93895416259767,166.78729248046875,170.1861114501953,173.42487487792968,176.91266632080078,181.44702758789063,192.70249938964844,346.3517761230469,222.33505,0.0,test_data/Useful/Validation/2 inches at 2ft/20241020_171005_030.jpg,330.0,181.0,59.44398880927694
54,0.0,0.0,0.0,0.0,1.0,2.0,3.0,4.0,5.0,6.0,6.0,7.0,7.0,8.0,9.0,9.0,10.0,10.0,11.0,11.0,11.0,12.0,12.0,12.0,13.0,13.0,14.0,14.0,14.0,15.0,15.0,15.0,16.0,16.0,16.0,17.0,17.0,17.0,18.0,18.0,18.0,19.0,19.0,19.0,20.0,20.0,20.0,20.0,21.0,21.0,21.0,21.0,22.0,22.0,22.0,23.0,23.0,23.0,23.0,23.0,24.0,24.0,24.0,24.0,25.0,25.0,25.0,25.0,26.0,26.0,26.0,26.0,27.0,27.0,27.0,27.0,27.0,28.0,28.0,28.0,28.0,29.0,29.0,29.0,30.0,30.0,30.0,31.0,31.0,31.0,32.0,32.0,33.0,33.0,34.0,34.0,35.0,36.0,37.0,43.0,27.0,1000.8235294222832,2000.6352941393852,2000.8823529481888,3000.2901960909367,3000.501960813999,3000.6156862974167,3000.6980392336845,3000.7803921699524,3000.866666674614,3001.0,150.71172790527345,158.3271942138672,163.1729278564453,167.00921630859375,170.43045043945312,173.6695098876953,177.163818359375,181.75625610351562,192.82106018066406,346.3574523925781,222.25516,0.0,test_data/Useful/Validation/2 inches at 2ft/20241020_171005_031.jpg,312.0,161.0,55.97779581547345
55,0.0,0.0,0.0,0.0,0.0,0.9399999999999977,2.0,3.0,3.0,4.0,5.0,6.0,6.0,7.0,8.0,9.0,9.830000000000041,10.0,10.0,11.0,11.0,12.0,12.0,12.0,13.0,13.0,14.0,14.0,14.0,15.0,15.0,16.0,16.0,16.0,16.0,17.0,17.0,17.0,18.0,18.0,18.0,18.0,19.0,19.0,19.0,20.0,20.0,20.0,20.0,21.0,21.0,21.0,21.0,21.0,22.0,22.0,22.0,23.0,23.0,23.0,23.0,23.0,24.0,24.0,24.0,25.0,25.0,25.0,25.0,26.0,26.0,26.0,26.0,27.0,27.0,27.0,28.0,28.0,28.0,28.0,29.0,29.0,29.0,30.0,30.0,30.0,30.0,31.0,31.0,31.09999999999991,32.0,32.0,33.0,33.0,34.0,34.0,35.0,36.0,37.00999999999976,41.0,0.0,1000.8196078538895,2000.6274510025978,2000.8745098114014,3000.2784313857555,3000.4941176474094,3000.611764729023,3000.694117665291,3000.7764706015587,3000.866666674614,3001.0,150.74035186767577,158.34744262695312,163.21298217773438,167.05865478515625,170.43643188476562,173.7112274169922,177.19070434570312,181.74862365722657,193.1027069091797,346.3509521484375,222.41545,0.0,test_data/Useful/Validation/2 inches at 2ft/20241020_171005_032.jpg,334.0,177.0,59.02794096235156
56,0.0,0.0,0.0,0.0,1.0,2.0,3.0,4.0,5.0,6.0,6.0,7.0,8.0,8.0,9.0,10.0,10.0,11.0,11.0,11.0,12.0,12.0,13.0,13.0,13.0,13.0,14.0,14.0,15.0,15.0,15.0,15.0,16.0,16.0,16.0,17.0,17.0,17.0,18.0,18.0,18.0,19.0,19.0,19.0,20.0,20.0,20.0,20.0,21.0,21.0,21.0,21.0,22.0,22.0,22.0,22.440000000000055,23.0,23.0,23.0,24.0,24.0,24.0,24.0,25.0,25.0,25.0,25.0,25.0,26.0,26.0,26.0,26.0,27.0,27.0,27.0,27.0,28.0,28.0,28.0,28.0,28.0,29.0,29.0,29.0,30.0,30.0,30.0,31.0,31.0,32.0,32.0,33.0,33.0,33.0,34.0,35.0,35.0,36.0,37.0,41.0,26.0,1000.8313725590706,2000.639215707779,2000.8823529481888,3000.286274522543,3000.498039215803,3000.611764729023,3000.6980392336845,3000.7803921699524,3000.866666674614,3001.0,150.85169982910156,158.4947082519531,163.3140869140625,167.16771850585937,170.544677734375,173.8066864013672,177.29734802246094,181.81668090820312,192.74127197265625,346.34832763671875,222.47772,0.0,test_data/Useful/Validation/2 inches at 2ft/20241020_171005_033.jpg,323.0,184.0,64.45309014627314
57,0.0,0.0,0.0,0.0,0.0,1.0,2.0,3.0,4.0,5.0,6.0,7.0,7.0,8.0,9.0,9.0,10.0,10.0,11.0,11.0,11.0,12.0,12.0,12.0,13.0,13.0,14.0,14.0,15.0,15.0,15.0,16.0,16.0,16.0,17.0,17.0,17.0,18.0,18.0,18.0,19.0,19.0,19.0,19.0,19.0,20.0,20.0,20.0,21.0,21.0,21.0,21.0,22.0,22.0,22.0,22.0,23.0,23.0,23.0,23.0,24.0,24.0,24.0,24.0,24.350000000000136,25.0,25.0,25.0,26.0,26.0,26.0,26.0,26.0,27.0,27.0,27.0,27.230000000000018,28.0,28.0,28.0,28.0,29.0,29.0,29.0,30.0,30.0,30.0,31.0,31.0,31.0,32.0,32.0,33.0,33.0,34.0,34.0,35.0,36.0,37.0,42.0,0.0,1000.8431372642517,2000.65098041296,2000.8862745165825,3000.301960796118,3000.505882382393,3000.6196078658104,3000.6980392336845,3000.7803921699524,3000.866666674614,3001.0,150.22319488525392,157.84283447265625,162.6910385131836,166.50989990234376,169.88777923583984,173.16706237792968,176.73643341064454,181.36105346679688,192.92913818359375,346.350341796875,222.26163,0.0,test_data/Useful/Validation/2 inches at 2ft/20241020_171005_034.jpg,367.0,195.0,63.93926483829851
58,0.0,0.0,0.0,0.0,0.0,1.0,2.0,3.0,3.0,4.0,5.0,6.0,7.0,7.0,8.0,9.0,9.0,10.0,10.0,11.0,11.0,11.0,12.0,12.0,12.0,13.0,13.0,13.0,14.0,14.0,15.0,15.0,15.0,16.0,16.0,16.0,16.0,17.0,17.0,17.0,18.0,18.0,18.0,19.0,19.0,19.0,19.0,20.0,20.0,20.0,21.0,21.0,21.0,21.0,22.0,22.0,22.0,22.0,23.0,23.0,23.0,23.0,24.0,24.0,24.0,24.0,25.0,25.0,25.0,25.0,25.289999999999964,26.0,26.0,26.0,27.0,27.0,27.0,28.0,28.0,28.0,28.0,29.0,29.0,29.0,29.0,30.0,30.0,30.0,31.0,31.0,32.0,32.0,32.0,33.0,33.0,34.0,35.0,36.0,37.0,41.0,0.0,1000.8431372642517,2000.6549019813538,2000.8862745165825,3000.309803932905,3000.5137255191803,3000.623529434204,3000.7019608020782,3000.7803921699524,3000.866666674614,3001.0,149.7222442626953,157.40826416015625,162.3003387451172,166.1541748046875,169.5486297607422,172.8577423095703,176.46456909179688,181.16744995117188,193.1127166748047,346.35894775390625,222.6383,0.0,test_data/Useful/Validation/2 inches at 2ft/20241020_171005_035.jpg,425.0,230.0,58.103507956713116
59,0.0,0.0,0.0,1.0,2.0,2.9399999999999977,3.0,4.0,5.0,6.0,7.0,8.0,8.0,9.0,9.0,10.0,10.0,11.0,11.0,12.0,12.0,12.779999999999973,13.0,13.0,14.0,14.0,14.0,15.0,15.0,15.0,16.0,16.0,16.0,17.0,17.0,17.0,18.0,18.0,18.0,18.0,19.0,19.0,19.0,19.0,20.0,20.0,20.0,20.0,21.0,21.0,21.0,21.0,22.0,22.0,22.0,23.0,23.0,23.0,23.0,23.0,24.0,24.0,24.0,24.0,25.0,25.0,25.0,25.0,26.0,26.0,26.0,26.0,27.0,27.0,27.0,27.0,28.0,28.0,28.0,28.0,29.0,29.0,29.0,29.0,30.0,30.0,30.0,31.0,31.0,32.0,32.0,32.0,33.0,34.0,34.0,35.0,36.0,37.0,38.0,43.0,23.0,1000.8509804010391,2000.6588235497475,2000.89411765337,3000.3294117748737,3000.5254902243614,3000.627451002598,3000.7019608020782,3000.7803921699524,3000.8627451062202,3001.0,148.84991912841798,156.424072265625,161.3866424560547,165.3212127685547,168.79251098632812,172.18228149414062,175.90115356445312,180.84092712402344,193.1605682373047,346.3609313964844,222.7514,0.0,test_data/Useful/Validation/2 inches at 2ft/20241020_171005_036.jpg,340.0,190.0,58.82528010616649
60,0.0,0.0,0.0,0.0,2.0,3.0,4.0,4.0,5.0,6.0,7.0,8.0,8.0,9.0,9.0,10.0,10.0,11.0,11.0,11.800000000000011,12.0,12.0,13.0,13.0,13.0,14.0,14.0,14.0,15.0,15.0,15.0,16.0,16.0,16.0,17.0,17.0,17.0,18.0,18.0,18.0,18.0,19.0,19.0,19.0,20.0,20.0,20.0,20.0,21.0,21.0,21.0,21.0,22.0,22.0,22.0,22.0,23.0,23.0,23.0,23.0,24.0,24.0,24.0,24.0,24.0,25.0,25.0,25.0,25.0,26.0,26.0,26.0,26.0,27.0,27.0,27.0,27.0,28.0,28.0,28.0,28.0,29.0,29.0,29.0,30.0,30.0,30.0,31.0,31.0,31.0,32.0,32.0,33.0,33.0,34.0,35.0,35.0,36.0,38.0,44.0,24.0,2000.3686274588108,2000.705882370472,3000.101960785687,3000.380392163992,3000.5411764979362,3000.6313725709915,3000.705882370472,3000.7803921699524,3000.8588235378265,3001.0,149.8296890258789,157.487548828125,162.37820434570312,166.25479125976562,169.67893981933594,173.0044921875,176.60581817626954,181.30817565917968,192.87771606445312,346.3092041015625,222.25838,0.0,test_data/Useful/Validation/2 inches at 2ft/20241020_171005_077.jpg,374.0,201.0,52.894512887396395
61,0.0,0.0,0.0,0.0,1.0,1.0,2.0,3.0,4.0,4.0,5.0,6.0,7.0,7.0,8.0,9.0,9.0,10.0,10.0,11.0,11.0,12.0,12.0,12.0,13.0,13.0,14.0,14.0,14.0,15.0,15.0,15.0,16.0,16.0,16.0,17.0,17.0,17.0,17.0,18.0,18.0,18.0,18.0,19.0,19.0,19.0,20.0,20.0,20.0,20.0,21.0,21.0,21.0,21.0,22.0,22.0,22.0,22.0,23.0,23.0,23.0,23.0,24.0,24.0,24.0,24.0,25.0,25.0,25.0,26.0,26.0,26.0,26.0,27.0,27.0,27.0,27.0,28.0,28.0,28.0,28.0,28.0,29.0,29.0,29.0,30.0,30.0,31.0,31.0,31.0,32.0,32.0,32.0,33.0,33.0,34.0,35.0,36.0,37.0,42.0,0.0,2000.3372549116611,2000.705882370472,3000.113725490868,3000.3843137323856,3000.5411764979362,3000.6313725709915,3000.705882370472,3000.784313738346,3000.8627451062202,3001.0,150.82412719726562,158.51686096191406,163.38909912109375,167.2210693359375,170.55984497070312,173.81195068359375,177.3300323486328,181.83953857421875,192.78805541992188,346.291015625,222.07854,0.0,test_data/Useful/Validation/2 inches at 2ft/20241020_171005_078.jpg,395.0,215.0,58.22794826212793
62,0.0,0.0,0.0,0.0,0.0,2.0,3.0,4.0,4.0,5.0,6.0,7.0,8.0,8.0,9.0,10.0,10.0,10.819999999999993,11.0,11.0,12.0,12.0,13.0,13.0,13.0,14.0,14.0,14.0,15.0,15.0,15.0,16.0,16.0,16.0,17.0,17.0,17.0,18.0,18.0,18.0,18.0,19.0,19.0,19.0,19.0,20.0,20.0,20.0,21.0,21.0,21.0,21.0,21.0,22.0,22.0,22.0,22.0,23.0,23.0,23.0,23.0,24.0,24.0,24.0,24.0,25.0,25.0,25.0,25.0,25.0,26.0,26.0,26.0,26.0,27.0,27.0,27.0,27.0,28.0,28.0,28.0,29.0,29.0,29.0,29.0,30.0,30.0,31.0,31.0,31.0,32.0,32.0,33.0,33.0,34.0,35.0,36.0,37.0,38.0,44.0,0.0,2000.3607843220234,2000.7098039388657,3000.117647059262,3000.3882353007793,3000.5411764979362,3000.635294139385,3000.7098039388657,3000.784313738346,3000.8627451062202,3001.0,150.67996520996093,158.34309997558594,163.16992645263673,167.01518859863282,170.37381744384766,173.6370635986328,177.19239807128906,181.76361083984375,192.73680114746094,346.3004150390625,221.93597,0.0,test_data/Useful/Validation/2 inches at 2ft/20241020_171005_079.jpg,338.0,185.0,54.860995425248596
63,0.0,0.0,0.0,1.0,2.0,2.9399999999999977,3.0,5.0,5.0,6.0,7.0,7.0,8.0,8.860000000000014,9.0,10.0,10.0,11.0,11.0,11.0,12.0,12.0,13.0,13.0,13.0,14.0,14.0,14.0,15.0,15.0,15.0,16.0,16.0,16.0,16.0,17.0,17.0,17.0,17.0,18.0,18.0,18.0,18.0,19.0,19.0,19.0,20.0,20.0,20.0,20.0,20.0,21.0,21.0,21.0,22.0,22.0,22.0,22.419999999999845,23.0,23.0,23.0,23.0,24.0,24.0,24.0,24.0,25.0,25.0,25.0,25.0,26.0,26.0,26.0,26.0,27.0,27.0,27.0,27.0,28.0,28.0,28.0,29.0,29.0,29.0,30.0,30.0,30.0,31.0,31.0,31.0,32.0,32.0,33.0,33.0,34.0,34.0,35.0,36.0,37.0,45.0,23.0,2000.3686274588108,2000.7098039388657,3000.1294117718935,3000.3960784375668,3000.54509806633,3000.635294139385,3000.7098039388657,3000.784313738346,3000.8627451062202,3001.0,150.3799285888672,158.0667724609375,162.9324951171875,166.76385498046875,170.1197967529297,173.37750244140625,176.90538024902344,181.51023864746094,192.63064270019532,346.30126953125,222.4303,0.0,test_data/Useful/Validation/2 inches at 2ft/20241020_171005_080.jpg,326.0,190.0,56.06144577473568
64,0.0,0.0,0.0,0.0,0.0,1.0,2.0,3.0,3.0,4.0,5.0,6.0,7.0,7.0,8.0,9.0,9.0,10.0,10.0,10.0,11.0,11.0,12.0,12.0,13.0,13.0,13.0,14.0,14.0,14.0,15.0,15.0,15.0,16.0,16.0,16.0,17.0,17.0,17.0,18.0,18.0,18.0,18.0,19.0,19.0,19.0,20.0,20.0,20.0,20.0,21.0,21.0,21.0,21.0,21.0,22.0,22.0,22.0,22.0,23.0,23.0,23.0,23.0,24.0,24.0,24.0,24.0,25.0,25.0,25.0,25.0,26.0,26.0,26.0,27.0,27.0,27.0,27.0,28.0,28.0,28.0,29.0,29.0,29.0,30.0,30.0,30.0,31.0,31.0,31.0,32.0,32.0,33.0,33.0,33.0,34.0,35.0,36.0,37.0,41.0,0.0,2000.380392163992,2000.7019608020782,3000.101960785687,3000.380392163992,3000.5411764979362,3000.6313725709915,3000.705882370472,3000.784313738346,3000.8627451062202,3001.0,150.47616729736328,158.11507873535157,163.0331268310547,166.8593994140625,170.2270278930664,173.49413452148437,176.9637481689453,181.5177764892578,192.5518798828125,346.29791259765625,222.12372,0.0,test_data/Useful/Validation/2 inches at 2ft/20241020_171005_081.jpg,369.0,192.0,61.36133881249656
65,0.0,0.0,0.0,0.0,1.0,1.0,3.0,3.0,4.0,5.0,5.0,6.0,7.0,8.0,9.0,9.0,10.0,10.0,11.0,11.0,11.0,12.0,12.0,13.0,13.0,13.0,14.0,14.0,15.0,15.0,15.0,15.0,16.0,16.0,16.0,17.0,17.0,17.0,18.0,18.0,18.0,18.0,19.0,19.0,19.0,19.0,20.0,20.0,20.0,21.0,21.0,21.0,21.0,22.0,22.0,22.0,22.0,22.0,23.0,23.0,23.0,23.0,23.0,24.0,24.0,24.0,24.0,25.0,25.0,25.0,25.0,26.0,26.0,26.0,26.0,27.0,27.0,27.0,27.0,28.0,28.0,28.0,29.0,29.0,29.0,29.0,30.0,30.0,30.110000000000127,31.0,31.0,32.0,32.0,33.0,33.0,34.0,35.0,35.01999999999998,37.0,41.0,0.0,2000.380392163992,2000.7019608020782,3000.101960785687,3000.380392163992,3000.5411764979362,3000.6313725709915,3000.705882370472,3000.7803921699524,3000.8588235378265,3001.0,150.39173126220703,158.00836791992188,162.8274124145508,166.68521728515626,170.1226043701172,173.36691284179688,176.84996643066407,181.40813598632812,192.45263671875,346.30352783203125,222.20903,0.0,test_data/Useful/Validation/2 inches at 2ft/20241020_171005_082.jpg,353.0,207.0,54.65002411721015
66,0.0,0.0,0.0,0.0,1.0,1.9399999999999977,2.0,3.0,4.0,5.0,6.0,7.0,7.0,8.0,8.0,9.0,10.0,10.0,10.0,11.0,11.0,12.0,12.0,12.0,13.0,13.0,14.0,14.0,14.0,14.0,15.0,15.0,15.0,16.0,16.0,16.0,17.0,17.0,17.0,18.0,18.0,18.0,18.0,19.0,19.0,19.0,19.0,20.0,20.0,20.0,20.0,20.0,21.0,21.0,21.0,22.0,22.0,22.0,22.0,23.0,23.0,23.0,23.0,23.0,24.0,24.0,24.0,24.0,25.0,25.0,25.0,25.0,25.0,26.0,26.0,26.0,26.0,27.0,27.0,27.0,28.0,28.0,28.0,28.0,29.0,29.0,29.0,30.0,30.0,30.0,31.0,31.0,32.0,32.0,33.0,34.0,34.0,35.0,36.00999999999976,43.0,0.0,2000.364705890417,2000.6980392336845,3000.117647059262,3000.3882353007793,3000.5411764979362,3000.6313725709915,3000.705882370472,3000.7803921699524,3000.8588235378265,3001.0,149.9436492919922,157.6271209716797,162.4608612060547,166.30806884765624,169.72738647460938,172.97691040039064,176.52626342773436,181.11331481933595,192.44351196289062,346.2936706542969,222.62283,0.0,test_data/Useful/Validation/2 inches at 2ft/20241020_171005_083.jpg,350.0,191.0,64.2765475023728
67,0.0,0.0,0.0,0.0,0.0,2.0,3.0,4.0,5.0,5.0,6.0,7.0,7.0,8.0,9.0,9.0,10.0,10.0,11.0,11.0,11.0,12.0,12.0,13.0,13.0,13.0,14.0,14.0,14.0,15.0,15.0,15.0,15.0,16.0,16.0,16.0,17.0,17.0,17.0,17.0,18.0,18.0,18.0,18.0,19.0,19.0,19.0,19.0,20.0,20.0,20.0,20.0,21.0,21.0,21.0,21.0,22.0,22.0,22.0,22.0,23.0,23.0,23.0,23.0,24.0,24.0,24.0,24.0,25.0,25.0,25.0,25.0,26.0,26.0,26.0,26.0,27.0,27.0,27.0,27.0,28.0,28.0,28.0,28.0,29.0,29.0,29.0,30.0,30.0,31.0,31.0,31.0,32.0,32.0,33.0,33.0,35.0,35.01999999999998,37.0,48.0,0.0,2000.3568627536297,2000.6980392336845,3000.1058823540807,3000.380392163992,3000.5411764979362,3000.6313725709915,3000.705882370472,3000.7803921699524,3000.8588235378265,3001.0,149.62726745605468,157.48521423339844,162.4249267578125,166.25057373046874,169.65717315673828,172.9282470703125,176.50041656494142,181.08535766601562,192.6248321533203,346.29376220703125,222.487,0.0,test_data/Useful/Validation/2 inches at 2ft/20241020_171005_084.jpg,363.0,202.0,58.962904174681974
68,0.0,0.0,0.0,0.0,0.0,1.0,2.0,3.0,5.0,5.0,6.0,7.0,8.0,8.0,9.0,9.0,10.0,10.0,11.0,11.0,12.0,12.0,12.0,12.0,13.0,13.0,13.0,14.0,14.0,14.0,15.0,15.0,15.670000000000073,16.0,16.0,16.0,17.0,17.0,17.0,17.600000000000023,18.0,18.0,18.0,19.0,19.0,19.0,20.0,20.0,20.0,20.0,21.0,21.0,21.0,21.0,21.0,22.0,22.0,22.0,23.0,23.0,23.0,23.0,23.0,24.0,24.0,24.0,24.0,24.0,25.0,25.0,25.0,25.0,26.0,26.0,26.0,26.0,27.0,27.0,27.0,27.0,28.0,28.0,28.0,28.0,29.0,29.0,29.0,30.0,30.0,31.0,31.0,32.0,32.0,33.0,33.0,34.0,35.0,35.0,37.0,41.0,0.0,2000.3843137323856,2000.6980392336845,3000.101960785687,3000.3843137323856,3000.5411764979362,3000.6313725709915,3000.7019608020782,3000.7764706015587,3000.854901969433,3001.0,149.00457763671875,156.70526123046875,161.59213256835938,165.4705383300781,168.89936065673828,172.24436645507814,175.8868850708008,180.65162658691406,192.69432067871094,346.2977294921875,222.46321,0.0,test_data/Useful/Validation/2 inches at 2ft/20241020_171005_085.jpg,362.0,198.0,62.995972292597756
69,0.0,0.0,0.0,0.0,1.0,2.0,3.0,4.0,5.0,5.0,6.0,7.0,8.0,9.0,9.0,10.0,10.0,10.0,11.0,11.0,12.0,12.0,12.0,13.0,13.0,13.0,14.0,14.0,14.0,15.0,15.0,15.0,16.0,16.0,16.0,16.0,16.0,17.0,17.0,17.0,18.0,18.0,18.0,18.0,19.0,19.0,19.0,19.0,19.0,20.0,20.0,20.0,20.0,21.0,21.0,21.0,21.0,22.0,22.0,22.0,22.0,23.0,23.0,23.0,23.0,23.340000000000146,24.0,24.0,24.0,24.0,25.0,25.0,25.0,26.0,26.0,26.0,26.0,27.0,27.0,27.0,28.0,28.0,28.0,28.0,29.0,29.0,29.0,30.0,30.0,30.0,31.0,31.0,31.0,32.0,33.0,34.0,34.0,35.0,37.0,42.0,0.0,2000.392156869173,2000.7019608020782,3000.113725490868,3000.392156869173,3000.54509806633,3000.635294139385,3000.705882370472,3000.7803921699524,3000.854901969433,3001.0,148.8629943847656,156.61286010742188,161.52723693847656,165.395263671875,168.79660034179688,172.08560180664062,175.67140197753906,180.45230102539062,192.49871826171875,346.2928771972656,222.30673,0.0,test_data/Useful/Validation/2 inches at 2ft/20241020_171005_086.jpg,396.0,226.0,62.176159032658596
70,0.0,0.0,0.0,0.0,0.0,1.0,2.0,3.0,4.0,5.0,5.0,6.0,7.0,7.0,8.0,9.0,9.0,10.0,10.0,10.0,11.0,11.0,12.0,12.0,12.0,13.0,13.0,13.0,14.0,14.0,14.0,14.0,15.0,15.0,16.0,16.0,16.0,16.0,17.0,17.0,17.0,17.0,18.0,18.0,18.0,18.539999999999964,19.0,19.0,19.0,20.0,20.0,20.0,21.0,21.0,21.0,21.0,22.0,22.0,22.0,22.0,23.0,23.0,23.0,23.0,24.0,24.0,24.0,24.0,25.0,25.0,25.0,25.0,25.269999999999982,26.0,26.0,26.0,26.0,27.0,27.0,27.0,28.0,28.0,28.0,28.0,29.0,29.0,30.0,30.0,30.0,31.0,31.0,32.0,32.0,33.0,33.0,34.0,35.0,36.0,37.0,42.0,0.0,2000.3960784375668,2000.7098039388657,3000.1215686276555,3000.3882353007793,3000.5411764979362,3000.6313725709915,3000.705882370472,3000.7803921699524,3000.8588235378265,3001.0,149.70591430664064,157.47438049316406,162.3326873779297,166.16168212890625,169.5191650390625,172.8265380859375,176.415771484375,181.10055541992188,192.6395263671875,346.2890319824219,222.39403,0.0,test_data/Useful/Validation/2 inches at 2ft/20241020_171005_087.jpg,372.0,207.0,57.21477089625497
71,0.0,0.0,0.0,0.0,1.0,2.0,3.0,4.0,5.0,6.0,6.0,7.0,8.0,8.0,9.0,9.840000000000032,10.0,11.0,11.0,11.0,12.0,12.0,12.0,13.0,13.0,13.0,14.0,14.0,14.0,15.0,15.0,15.0,16.0,16.0,16.0,17.0,17.0,17.0,17.0,18.0,18.0,18.0,18.0,19.0,19.0,19.0,19.0,20.0,20.0,20.0,20.0,21.0,21.0,21.0,21.0,22.0,22.0,22.0,22.0,23.0,23.0,23.0,23.0,24.0,24.0,24.0,24.0,25.0,25.0,25.0,26.0,26.0,26.0,26.0,27.0,27.0,27.0,27.0,28.0,28.0,28.0,28.179999999999836,29.0,29.0,29.0,30.0,30.0,30.0,31.0,31.0,31.0,32.0,32.0,33.0,33.0,34.0,34.0,36.0,37.0,43.0,0.0,2000.3960784375668,2000.7137255072594,3000.1254902035,3000.3843137323856,3000.5372549295425,3000.6313725709915,3000.705882370472,3000.7803921699524,3000.8627451062202,3001.0,150.65414581298828,158.23807373046876,163.13995361328125,166.9416046142578,170.26565551757812,173.5134735107422,177.01879272460937,181.5078125,192.43792724609375,346.27972412109375,221.93896,0.0,test_data/Useful/Validation/2 inches at 2ft/20241020_171005_088.jpg,349.0,198.0,57.96005179128315
72,0.0,0.0,0.0,0.0,1.0,2.0,3.0,4.0,5.0,5.0,6.0,7.0,7.0,8.0,8.0,9.0,9.0,10.0,10.0,11.0,11.0,11.0,12.0,12.0,12.0,13.0,13.0,13.720000000000027,14.0,14.0,15.0,15.0,15.0,16.0,16.0,16.0,17.0,17.0,17.0,17.0,18.0,18.0,18.0,19.0,19.0,19.0,19.0,20.0,20.0,20.0,20.0,21.0,21.0,21.0,21.0,22.0,22.0,22.0,22.0,22.0,23.0,23.0,23.0,23.0,24.0,24.0,24.0,24.0,25.0,25.0,25.0,25.0,26.0,26.0,26.0,26.0,27.0,27.0,27.0,27.0,28.0,28.0,28.0,29.0,29.0,29.0,29.0,30.0,30.0,30.0,31.0,31.0,32.0,32.0,33.0,33.0,34.0,35.0,37.0,41.0,0.0,2000.3882353007793,2000.7137255072594,3000.1215686276555,3000.380392163992,3000.5372549295425,3000.627451002598,3000.705882370472,3000.7803921699524,3000.8627451062202,3001.0,150.37179565429688,158.01785278320312,162.94371032714844,166.7999053955078,170.1799774169922,173.4457550048828,176.90337982177735,181.36703491210938,192.48135375976562,346.2701416015625,222.2219,0.0,test_data/Useful/Validation/2 inches at 2ft/20241020_171005_089.jpg,390.0,233.0,56.66211468122556
73,0.0,0.0,0.0,0.0,1.0,2.0,3.0,3.0,4.0,5.0,6.0,6.0,7.0,8.0,9.0,9.0,10.0,10.0,11.0,11.0,12.0,12.0,12.0,13.0,13.0,13.0,14.0,14.0,14.0,15.0,15.0,16.0,16.0,16.0,16.0,17.0,17.0,17.0,18.0,18.0,18.0,18.0,19.0,19.0,19.0,20.0,20.0,20.0,20.0,21.0,21.0,21.0,21.0,22.0,22.0,22.0,22.0,23.0,23.0,23.0,23.0,23.0,24.0,24.0,24.0,24.0,25.0,25.0,25.0,26.0,26.0,26.0,26.0,27.0,27.0,27.0,27.0,28.0,28.0,28.0,29.0,29.0,29.0,29.0,30.0,30.0,30.0,31.0,31.0,32.0,32.0,32.0,33.0,33.0,34.0,35.0,35.0,36.0,38.0,44.0,0.0,2000.3686274588108,2000.705882370472,3000.101960785687,3000.364705890417,3000.5254902243614,3000.623529434204,3000.7019608020782,3000.7803921699524,3000.8627451062202,3001.0,151.14144287109374,158.83233337402345,163.69651794433594,167.5376739501953,170.8315887451172,174.0941162109375,177.54835510253906,181.93052673339844,192.64967346191406,346.26849365234375,222.1264,0.0,test_data/Useful/Validation/2 inches at 2ft/20241020_171005_090.jpg,359.0,207.0,60.0374254829576
74,0.0,0.0,0.0,0.0,0.0,1.0,2.0,3.0,3.0,4.0,5.0,5.0,6.0,7.0,8.0,8.0,9.0,9.0,10.0,10.0,11.0,11.0,11.0,12.0,12.0,13.0,13.0,13.0,13.709999999999923,14.0,14.0,14.0,15.0,15.0,15.0,16.0,16.0,16.0,17.0,17.0,17.0,17.0,18.0,18.0,18.0,19.0,19.0,19.0,19.0,20.0,20.0,20.0,20.0,21.0,21.0,21.0,21.0,22.0,22.0,22.0,22.0,23.0,23.0,23.0,24.0,24.0,24.0,25.0,25.0,25.0,25.0,25.0,26.0,26.0,26.0,26.24000000000001,27.0,27.0,27.0,28.0,28.0,28.0,28.0,29.0,29.0,29.0,30.0,30.0,31.0,31.0,31.0,32.0,32.0,33.0,34.0,34.0,35.0,36.0,38.0,43.0,0.0,2000.380392163992,2000.705882370472,3000.0980392172933,3000.368627458811,3000.533333361149,3000.627451002598,3000.7019608020782,3000.7803921699524,3000.8588235378265,3001.0,150.36898498535157,158.00183715820313,162.92143859863282,166.70690307617187,170.0926055908203,173.34140014648438,176.80886840820312,181.3862762451172,192.60206756591796,346.27484130859375,222.24167,0.0,test_data/Useful/Validation/2 inches at 2ft/20241020_171005_091.jpg,376.0,188.0,58.42106593343497
75,0.0,0.0,0.0,0.0,0.0,1.0,2.0,3.0,4.0,4.0,5.0,6.0,6.0,7.0,8.0,8.0,9.0,9.0,10.0,10.0,11.0,11.0,11.0,12.0,12.0,12.0,13.0,13.0,13.0,14.0,14.0,14.0,14.0,15.0,15.0,15.0,16.0,16.0,16.0,16.0,17.0,17.0,17.0,18.0,18.0,18.0,18.0,19.0,19.0,19.0,20.0,20.0,20.0,20.0,21.0,21.0,21.0,21.0,22.0,22.0,22.0,22.37999999999988,23.0,23.0,23.0,23.0,24.0,24.0,24.0,25.0,25.0,25.0,25.0,26.0,26.0,26.0,26.0,27.0,27.0,27.0,27.0,28.0,28.0,28.0,29.0,29.0,29.0,30.0,30.0,30.0,31.0,31.0,32.0,32.0,33.0,34.0,34.0,35.0,37.00999999999976,42.0,0.0,2000.392156869173,2000.6941176652908,3000.0941176488996,3000.376470595598,3000.5411764979362,3000.6313725709915,3000.7019608020782,3000.7764706015587,3000.854901969433,3001.0,149.42670745849608,157.0645294189453,161.95550537109375,165.83679809570313,169.23184204101562,172.51861572265625,176.04998626708985,180.7405242919922,192.56341552734375,346.29058837890625,222.51321,0.0,test_data/Useful/Validation/2 inches at 2ft/20241020_171005_092.jpg,390.0,219.0,57.961407311518144
76,0.0,0.0,0.0,0.0,0.0,1.0,2.0,3.0,4.0,4.0,5.0,6.0,7.0,7.0,8.0,8.0,9.0,9.0,10.0,10.0,11.0,11.0,11.0,12.0,12.0,12.0,13.0,13.0,13.0,14.0,14.0,14.0,15.0,15.0,15.0,16.0,16.0,16.0,17.0,17.0,17.0,17.0,18.0,18.0,18.0,19.0,19.0,19.0,20.0,20.0,20.0,20.0,20.0,21.0,21.0,21.0,21.0,22.0,22.0,22.0,22.0,23.0,23.0,23.0,23.0,24.0,24.0,24.0,24.0,25.0,25.0,25.0,25.0,26.0,26.0,26.0,27.0,27.0,27.0,27.0,28.0,28.0,28.0,28.0,29.0,29.0,30.0,30.0,30.0,31.0,31.0,31.0,32.0,32.0,33.0,34.0,34.0,35.0,37.0,43.0,0.0,2000.3843137323856,2000.6941176652908,3000.090196080506,3000.368627458811,3000.533333361149,3000.627451002598,3000.7019608020782,3000.7764706015587,3000.854901969433,3001.0,149.86044311523438,157.548583984375,162.37227630615234,166.2467254638672,169.61957550048828,172.889990234375,176.4294204711914,181.0109405517578,192.46997985839843,346.2845458984375,222.48688,0.0,test_data/Useful/Validation/2 inches at 2ft/20241020_171005_093.jpg,382.0,206.0,64.37984281630277
77,0.0,0.0,0.0,0.0,0.0,1.0,2.0,3.0,4.0,4.0,5.0,6.0,6.0,7.0,8.0,8.0,9.0,9.0,10.0,10.0,11.0,11.0,11.0,12.0,12.0,12.0,13.0,13.0,13.0,14.0,14.0,14.0,15.0,15.0,15.0,15.639999999999986,16.0,16.0,16.0,17.0,17.0,17.0,17.0,18.0,18.0,18.0,19.0,19.0,19.0,19.0,20.0,20.0,20.0,20.0,21.0,21.0,21.0,22.0,22.0,22.0,22.0,23.0,23.0,23.0,23.0,24.0,24.0,24.0,24.0,25.0,25.0,25.0,25.0,26.0,26.0,26.0,26.0,27.0,27.0,27.0,28.0,28.0,28.0,29.0,29.0,29.0,30.0,30.0,30.0,31.0,31.0,32.0,32.0,33.0,33.0,34.0,35.0,35.0,37.00999999999976,41.0,0.0,2000.3764705955982,2000.6941176652908,3000.0823529437184,3000.364705890417,3000.529411792755,3000.623529434204,3000.6980392336845,3000.7764706015587,3000.854901969433,3001.0,150.0640396118164,157.73191528320314,162.6030044555664,166.42083129882812,169.79725646972656,173.03457336425782,176.5557830810547,181.12994689941405,192.4425048828125,346.2801513671875,222.38556,0.0,test_data/Useful/Validation/2 inches at 2ft/20241020_171005_094.jpg,402.0,219.0,64.0997207407612
78,0.0,0.0,0.0,0.0,1.0,2.0,3.0,4.0,5.0,6.0,6.0,7.0,8.0,8.0,9.0,9.0,10.0,10.0,11.0,11.0,11.0,12.0,12.0,12.0,13.0,13.0,14.0,14.0,14.0,14.0,15.0,15.0,15.0,15.0,16.0,16.0,16.0,16.0,17.0,17.0,17.0,18.0,18.0,18.0,19.0,19.0,19.0,19.0,20.0,20.0,20.0,20.0,21.0,21.0,21.0,22.0,22.0,22.0,22.0,22.0,23.0,23.0,23.0,23.0,24.0,24.0,24.0,24.0,25.0,25.0,25.0,25.0,26.0,26.0,26.0,26.0,27.0,27.0,27.0,28.0,28.0,28.0,28.0,29.0,29.0,29.0,29.0,30.0,30.0,31.0,31.0,31.079999999999927,32.0,32.0,33.0,33.0,34.0,35.0,37.0,45.0,0.0,2000.380392163992,2000.6980392336845,3000.0980392172933,3000.376470595598,3000.5372549295425,3000.627451002598,3000.7019608020782,3000.7764706015587,3000.854901969433,3001.0,149.2779113769531,157.04205017089845,161.9461654663086,165.8065185546875,169.19406127929688,172.5137145996094,176.09530029296874,180.7949920654297,192.5446319580078,346.27838134765625,222.62938,0.0,test_data/Useful/Validation/2 inches at 2ft/20241020_171005_095.jpg,365.0,203.0,65.1243040452923
79,0.0,0.0,0.0,0.0,0.0,1.0,1.0,2.0,3.0,4.0,5.0,5.0,6.0,7.0,7.0,8.0,9.0,9.0,10.0,10.0,11.0,11.0,11.0,12.0,12.0,12.0,13.0,13.0,13.0,14.0,14.0,14.0,14.0,15.0,15.0,15.0,16.0,16.0,16.0,17.0,17.0,17.0,18.0,18.0,18.0,19.0,19.0,19.0,19.0,20.0,20.0,20.0,20.0,21.0,21.0,21.0,21.0,22.0,22.0,22.0,22.0,23.0,23.0,23.0,23.0,24.0,24.0,24.0,25.0,25.0,25.0,25.0,26.0,26.0,26.0,26.0,27.0,27.0,27.0,27.200000000000045,28.0,28.0,29.0,29.0,29.0,30.0,30.0,30.0,30.0,31.0,31.0,31.0,32.0,32.059999999999945,33.0,34.0,34.0,35.0,37.0,43.0,0.0,2000.3725490272045,2000.6941176652908,3000.090196080506,3000.3725490272045,3000.533333361149,3000.627451002598,3000.7019608020782,3000.7764706015587,3000.854901969433,3001.0,149.8227996826172,157.45196533203125,162.2974395751953,166.10330200195312,169.47906494140625,172.750244140625,176.28201293945312,180.9761199951172,192.71922454833984,346.283447265625,222.32727,0.0,test_data/Useful/Validation/2 inches at 2ft/20241020_171005_096.jpg,399.0,208.0,60.717091272101214
80,0.0,0.0,0.0,1.0,2.0,3.0,4.0,5.0,6.0,7.0,8.0,9.0,9.0,10.0,10.0,11.0,11.0,12.0,12.0,12.800000000000011,13.0,13.0,14.0,14.0,15.0,15.0,15.0,16.0,16.0,17.0,17.0,17.0,18.0,18.0,18.0,19.0,19.0,19.0,19.0,20.0,20.0,20.0,21.0,21.0,21.0,21.0,22.0,22.0,22.0,22.0,23.0,23.0,23.0,23.0,23.0,24.0,24.0,24.0,24.0,25.0,25.0,25.0,25.0,26.0,26.0,26.0,26.0,26.0,27.0,27.0,27.0,27.0,28.0,28.0,28.0,28.0,28.0,29.0,29.0,29.0,29.0,30.0,30.0,30.0,31.0,31.0,31.0,32.0,32.0,32.0,33.0,33.0,34.0,34.0,34.0,35.0,35.0,37.0,38.0,44.0,27.0,1000.5647059082985,1000.7215686440468,1000.9411764740944,2000.6627451181412,2000.9529411792755,3000.470588237047,3000.6156862974167,3000.7137255072594,3000.8196078538895,3001.0,150.37276611328124,158.0413360595703,162.91943359375,166.7634521484375,170.1938934326172,173.50242309570314,177.12952880859373,181.89971923828125,193.548095703125,346.3341064453125,222.75154,0.0,test_data/Useful/Validation/2 inches at 2ft/20241020_171216_025.jpg,340.0,182.0,58.62019623142675
81,0.0,0.0,0.0,0.0,1.0,3.0,4.0,5.0,6.0,7.0,8.0,8.0,9.0,10.0,11.0,11.0,11.0,12.0,12.0,13.0,13.0,14.0,14.0,14.0,15.0,15.0,15.0,16.0,16.0,16.0,17.0,17.0,18.0,18.0,18.0,19.0,19.0,19.0,20.0,20.0,20.0,20.0,21.0,21.0,21.0,21.0,22.0,22.0,22.0,22.0,23.0,23.0,23.0,23.0,23.0,24.0,24.0,24.0,24.0,24.0,25.0,25.0,25.0,25.0,26.0,26.0,26.0,26.0,27.0,27.0,27.0,27.0,27.0,28.0,28.0,28.0,28.0,29.0,29.0,29.0,29.0,30.0,30.0,30.0,31.0,31.0,31.0,32.0,32.0,32.0,32.0,33.0,33.0,33.0,34.0,35.0,36.0,36.0,38.0,45.0,23.0,1000.5647059082985,1000.7254902124405,1000.9372549057007,2000.6588235497475,2000.945098042488,3000.4666666686535,3000.6156862974167,3000.7137255072594,3000.8196078538895,3001.0,150.7133026123047,158.3684539794922,163.19374084472656,167.05331420898438,170.4453887939453,173.7473907470703,177.30023193359375,181.92092895507812,193.58810424804688,346.3403015136719,222.39212,0.0,test_data/Useful/Validation/2 inches at 2ft/20241020_171216_026.jpg,366.0,196.0,63.474935132091964
82,0.0,0.0,0.0,1.0,2.0,3.0,4.0,5.0,6.0,7.0,8.0,8.0,9.0,10.0,10.0,11.0,11.0,11.0,12.0,12.0,13.0,13.0,14.0,14.0,14.0,15.0,15.0,15.0,16.0,16.0,16.0,17.0,17.0,17.0,18.0,18.0,18.0,18.620000000000005,19.0,19.0,19.0,20.0,20.0,20.0,21.0,21.0,21.0,21.0,21.0,22.0,22.0,22.0,23.0,23.0,23.0,23.0,23.0,24.0,24.0,24.0,25.0,25.0,25.0,25.0,25.0,26.0,26.0,26.0,26.0,27.0,27.0,27.0,27.0,28.0,28.0,28.0,28.0,29.0,29.0,29.0,30.0,30.0,30.0,30.0,31.0,31.0,31.0,32.0,32.0,32.0,33.0,33.0,34.0,34.0,35.0,36.0,36.0,37.0,38.0,44.0,25.0,1000.5607843399048,1000.7215686440468,1000.9176470637321,2000.6588235497475,2000.945098042488,3000.4666666686535,3000.6156862974167,3000.717647075653,3000.823529422283,3001.0,151.07005310058594,158.7502471923828,163.67047119140625,167.48056030273438,170.82711791992188,174.06611328125,177.6059112548828,182.1424102783203,193.3411407470703,346.3420104980469,222.22485,0.0,test_data/Useful/Validation/2 inches at 2ft/20241020_171216_027.jpg,388.0,198.0,60.761021811330785
83,0.0,0.0,0.0,1.0,2.0,3.0,5.0,6.0,7.0,8.0,9.0,9.0,10.0,10.0,11.0,11.0,12.0,12.0,12.810000000000002,13.0,13.0,14.0,14.0,14.0,15.0,15.0,15.730000000000018,16.0,16.0,16.0,17.0,17.0,17.0,18.0,18.0,18.0,19.0,19.0,19.0,20.0,20.0,20.0,20.0,21.0,21.0,21.0,21.0,22.0,22.0,22.0,22.0,23.0,23.0,23.0,23.0,23.0,24.0,24.0,24.0,25.0,25.0,25.0,25.0,25.360000000000127,26.0,26.0,26.0,27.0,27.0,27.0,27.0,27.0,28.0,28.0,28.0,28.0,28.0,29.0,29.0,29.0,29.0,30.0,30.0,30.0,31.0,31.0,31.0,31.0,32.0,32.0,32.0,33.0,33.0,34.0,34.0,35.0,36.0,37.0,38.0,45.0,23.0,1000.5568627715111,1000.7137255072594,1000.8980392217636,2000.6470588445663,2000.9372549057007,3000.458823531866,3000.6156862974167,3000.7137255072594,3000.823529422283,3001.0,150.80458068847656,158.56078491210937,163.37465209960936,167.228271484375,170.62287139892578,173.8980224609375,177.4330093383789,182.02159423828127,193.3970947265625,346.33447265625,222.35977,0.0,test_data/Useful/Validation/2 inches at 2ft/20241020_171216_028.jpg,368.0,192.0,60.61122888706989
84,0.0,0.0,0.0,1.0,3.0,4.0,5.0,6.0,7.0,7.900000000000006,9.0,9.0,10.0,10.0,11.0,11.0,12.0,12.0,13.0,13.0,13.0,14.0,14.0,14.0,15.0,15.0,16.0,16.0,16.0,17.0,17.0,17.0,17.0,18.0,18.0,18.0,19.0,19.0,19.0,20.0,20.0,20.0,20.0,20.0,21.0,21.0,21.0,22.0,22.0,22.0,22.0,23.0,23.0,23.0,23.0,24.0,24.0,24.0,24.0,24.0,25.0,25.0,25.0,25.0,26.0,26.0,26.0,26.0,26.0,27.0,27.0,27.0,27.0,27.0,28.0,28.0,28.0,28.0,29.0,29.0,29.0,29.0,30.0,30.0,31.0,31.0,31.0,31.0,32.0,32.0,33.0,33.0,33.0,34.0,34.0,35.0,35.029999999999745,36.0,38.0,42.0,24.0,1000.5647059082985,1000.7215686440468,1000.905882358551,2000.6431372761726,2000.9176470637321,3000.4509803950787,3000.611764729023,3000.7137255072594,3000.823529422283,3001.0,151.2260482788086,158.83114624023438,163.68863372802736,167.490966796875,170.90103149414062,174.19244384765625,177.7493896484375,182.2288360595703,193.3535919189453,346.3416748046875,222.38882,0.0,test_data/Useful/Validation/2 inches at 2ft/20241020_171216_029.jpg,375.0,204.0,65.31960468918706
85,0.0,0.0,1.0,2.0,3.0,4.0,5.0,5.0,7.0,8.0,8.889999999999986,9.0,10.0,10.0,11.0,11.0,12.0,12.0,13.0,13.0,13.789999999999964,14.0,14.0,15.0,15.0,15.0,16.0,16.0,16.0,16.0,17.0,17.0,17.0,17.0,18.0,18.0,18.0,19.0,19.0,19.0,19.0,20.0,20.0,20.0,20.0,21.0,21.0,21.0,22.0,22.0,22.0,22.0,23.0,23.0,23.0,23.0,23.0,24.0,24.0,24.0,24.0,25.0,25.0,25.0,25.0,26.0,26.0,26.0,27.0,27.0,27.0,27.0,27.0,28.0,28.0,28.0,28.0,29.0,29.0,29.0,29.0,30.0,30.0,30.0,30.0,31.0,31.0,31.0,32.0,32.0,33.0,33.0,33.0,34.0,34.0,35.0,36.0,36.0,38.0,41.0,27.0,1000.5607843399048,1000.7176470756531,1000.9019607901573,2000.65098041296,2000.945098042488,3000.4666666686535,3000.6156862974167,3000.717647075653,3000.823529422283,3001.0,151.01487884521484,158.73516235351562,163.54229736328125,167.37771606445312,170.8036880493164,174.08071899414062,177.5926971435547,182.17715454101562,193.3907470703125,346.3406677246094,222.37785,0.0,test_data/Useful/Validation/2 inches at 2ft/20241020_171216_030.jpg,386.0,215.0,62.96582783037591
86,0.0,0.0,0.0,2.0,3.0,4.0,5.0,5.0,6.0,7.0,8.0,9.0,9.0,10.0,11.0,11.0,11.0,12.0,12.0,13.0,13.0,13.0,14.0,14.0,15.0,15.0,15.0,16.0,16.0,16.0,16.0,17.0,17.0,17.0,18.0,18.0,18.0,19.0,19.0,19.0,20.0,20.0,20.0,20.0,21.0,21.0,21.0,21.0,22.0,22.0,22.0,23.0,23.0,23.0,23.0,23.0,24.0,24.0,24.0,24.0,25.0,25.0,25.0,25.0,25.0,26.0,26.0,26.0,26.0,27.0,27.0,27.0,27.0,28.0,28.0,28.0,28.0,29.0,29.0,29.0,29.0,30.0,30.0,30.0,30.0,31.0,31.0,32.0,32.0,32.0,33.0,33.0,34.0,34.0,35.0,35.0,36.0,37.0,38.0,42.0,24.0,1000.5607843399048,1000.7176470756531,1000.905882358551,2000.6470588445663,2000.9254902005196,3000.447058826685,3000.611764729023,3000.717647075653,3000.827450990677,3001.0,151.48996124267578,159.0680725097656,163.95279388427736,167.760302734375,171.15753936767578,174.48941040039062,178.0124053955078,182.54818725585938,193.40394592285156,346.3468933105469,222.18356,0.0,test_data/Useful/Validation/2 inches at 2ft/20241020_171216_031.jpg,353.0,179.0,57.56571845199122
87,0.0,0.0,1.0,2.0,3.0,5.0,5.0,6.0,8.0,8.900000000000006,9.0,10.0,10.0,11.0,11.0,12.0,12.0,13.0,13.0,14.0,14.0,14.0,15.0,15.0,15.0,16.0,16.0,16.0,17.0,17.0,17.0,18.0,18.0,18.0,19.0,19.0,19.0,20.0,20.0,20.0,20.0,21.0,21.0,21.0,21.0,22.0,22.0,22.0,22.0,23.0,23.0,23.0,23.0,24.0,24.0,24.0,24.0,24.0,25.0,25.0,25.0,25.0,26.0,26.0,26.0,26.0,27.0,27.0,27.0,27.0,28.0,28.0,28.0,28.0,28.0,29.0,29.0,29.0,29.0,30.0,30.0,30.0,31.0,31.0,31.0,31.0,32.0,32.0,33.0,33.0,33.0,33.0,34.0,34.0,34.0,35.0,36.0,37.0,38.0,42.0,28.0,1000.5568627715111,1000.7137255072594,1000.8941176533699,2000.639215707779,2000.905882358551,3000.447058826685,3000.611764729023,3000.7137255072594,3000.823529422283,3001.0,150.7156784057617,158.31967163085938,163.3307647705078,167.2045440673828,170.60545349121094,173.9490966796875,177.41985626220702,182.0464599609375,193.41018676757812,346.34808349609375,222.32132,0.0,test_data/Useful/Validation/2 inches at 2ft/20241020_171216_032.jpg,361.0,190.0,55.430221541032374
88,0.0,0.0,0.0,1.0,3.0,4.0,5.0,6.0,6.0,7.0,8.0,8.0,9.0,10.0,10.0,11.0,11.0,12.0,12.0,13.0,13.0,14.0,14.0,14.0,15.0,15.0,15.0,16.0,16.0,16.0,17.0,17.0,17.0,18.0,18.0,18.0,19.0,19.0,19.0,20.0,20.0,20.0,20.0,21.0,21.0,21.0,21.0,22.0,22.0,22.0,22.0,23.0,23.0,23.0,23.0,23.0,24.0,24.0,24.0,25.0,25.0,25.0,25.0,25.0,26.0,26.0,26.0,26.0,26.0,27.0,27.0,27.0,27.0,28.0,28.0,28.0,28.0,29.0,29.0,29.0,29.0,30.0,30.0,30.0,31.0,31.0,31.0,31.0,32.0,32.0,32.0,33.0,33.0,34.0,34.0,35.0,35.029999999999745,36.0,37.0,43.0,25.0,1000.5607843399048,1000.7137255072594,1000.8941176533699,2000.6352941393852,2000.8980392217636,3000.4431372582912,3000.611764729023,3000.717647075653,3000.823529422283,3001.0,150.6195831298828,158.38827514648438,163.31961059570312,167.14862060546875,170.54479217529297,173.83140563964844,177.35784912109375,181.99652099609375,193.50094604492188,346.35150146484375,222.2959,0.0,test_data/Useful/Validation/2 inches at 2ft/20241020_171216_033.jpg,351.0,171.0,59.09701655978871
89,0.0,0.0,0.9699999999999989,2.0,3.0,4.0,5.0,6.0,7.0,8.0,9.0,10.0,10.0,11.0,11.0,12.0,12.0,13.0,13.0,13.0,14.0,14.0,14.0,15.0,15.0,16.0,16.0,16.0,17.0,17.0,17.0,18.0,18.0,18.0,19.0,19.0,19.0,19.0,20.0,20.0,20.0,21.0,21.0,21.0,21.0,22.0,22.0,22.0,22.0,22.0,23.0,23.0,23.0,23.0,24.0,24.0,24.0,24.0,24.0,25.0,25.0,25.0,25.0,26.0,26.0,26.0,26.0,26.0,27.0,27.0,27.0,27.0,27.0,28.0,28.0,28.0,28.0,29.0,29.0,29.0,30.0,30.0,30.0,30.0,31.0,31.0,31.0,32.0,32.0,32.0,33.0,33.0,33.070000000000164,34.0,34.0,35.0,36.0,37.0,38.0,44.0,27.0,1000.5647059082985,1000.7176470756531,1000.8901960849762,2000.6352941393852,2000.8823529481888,3000.4431372582912,3000.6156862974167,3000.717647075653,3000.823529422283,3001.0,149.86830139160156,157.50157165527344,162.44911193847656,166.3578643798828,169.85086059570312,173.17581176757812,176.77334594726562,181.61451721191406,193.6949920654297,346.36285400390625,222.27075,0.0,test_data/Useful/Validation/2 inches at 2ft/20241020_171216_034.jpg,328.0,154.0,58.82816691608966
90,0.0,0.0,0.0,2.0,3.0,4.0,6.0,6.0,7.0,8.0,8.0,9.0,10.0,10.860000000000014,11.0,11.840000000000032,12.0,13.0,13.0,13.0,14.0,14.0,15.0,15.0,15.0,16.0,16.0,16.0,17.0,17.0,17.0,18.0,18.0,18.0,19.0,19.0,19.0,20.0,20.0,20.0,20.0,21.0,21.0,21.0,21.0,22.0,22.0,22.0,22.0,23.0,23.0,23.0,23.0,23.0,24.0,24.0,24.0,24.0,25.0,25.0,25.0,25.0,25.0,26.0,26.0,26.0,27.0,27.0,27.0,27.0,27.0,28.0,28.0,28.0,28.0,29.0,29.0,29.0,29.0,30.0,30.0,30.0,30.0,31.0,31.0,31.0,32.0,32.0,32.0,32.09999999999991,33.0,33.0,34.0,34.0,35.0,35.0,36.0,36.0,38.0,43.0,27.0,1000.5529412031174,1000.7176470756531,1000.8980392217636,2000.623529434204,2000.8823529481888,3000.407843142748,3000.600000023842,3000.7137255072594,3000.8313725590706,3001.0,151.6919387817383,159.4505645751953,164.34636840820312,168.1726501464844,171.55217742919922,174.81708068847655,178.2746551513672,182.72166442871097,193.40027770996096,346.35809326171875,221.89413,0.0,test_data/Useful/Validation/2 inches at 2ft/20241020_171216_035.jpg,348.0,195.0,61.40411144391493
91,0.0,0.0,0.0,1.0,3.0,4.0,5.0,5.0,6.0,7.0,8.0,9.0,9.870000000000005,10.0,11.0,11.0,11.0,12.0,12.0,13.0,13.0,14.0,14.0,14.0,15.0,15.0,15.0,16.0,16.0,16.0,17.0,17.0,17.0,18.0,18.0,18.0,19.0,19.0,19.0,19.0,20.0,20.0,20.0,21.0,21.0,21.0,21.0,21.0,22.0,22.0,22.0,22.0,23.0,23.0,23.0,23.0,24.0,24.0,24.0,24.0,24.0,25.0,25.0,25.0,25.0,25.0,26.0,26.0,26.0,26.0,27.0,27.0,27.0,28.0,28.0,28.0,28.0,29.0,29.0,29.0,30.0,30.0,30.0,30.0,31.0,31.0,31.0,32.0,32.0,32.0,33.0,33.0,34.0,34.0,34.0,35.0,36.0,37.0,38.0,42.0,25.0,1000.5568627715111,1000.7137255072594,1000.8862745165825,2000.6156862974167,2000.866666674614,3000.407843142748,3000.6039215922356,3000.7137255072594,3000.823529422283,3001.0,151.13714599609375,158.73052978515625,163.63705444335938,167.4980712890625,170.8759765625,174.14910888671875,177.6921157836914,182.2018585205078,193.35934448242188,346.3658142089844,222.27112,0.0,test_data/Useful/Validation/2 inches at 2ft/20241020_171216_036.jpg,373.0,200.0,64.54064525782871
92,0.0,0.0,1.0,2.0,3.0,4.0,5.0,6.0,6.0,7.0,8.0,9.0,9.0,10.0,10.0,11.0,11.0,12.0,12.0,12.800000000000011,13.0,13.0,14.0,14.0,14.0,15.0,15.0,15.0,16.0,16.0,16.0,17.0,17.0,17.0,18.0,18.0,18.0,19.0,19.0,19.0,19.0,20.0,20.0,20.0,21.0,21.0,21.0,21.0,22.0,22.0,22.0,22.0,23.0,23.0,23.0,23.0,23.0,24.0,24.0,24.0,24.0,25.0,25.0,25.0,26.0,26.0,26.0,26.0,27.0,27.0,27.0,27.0,28.0,28.0,28.0,28.0,29.0,29.0,29.0,29.0,30.0,30.0,30.0,30.0,31.0,31.0,31.0,32.0,32.0,33.0,33.0,33.0,34.0,34.0,35.0,35.0,36.0,37.0,39.0,45.0,26.0,1000.5490196347237,1000.7137255072594,1000.8901960849762,2000.6039215922356,2000.8627451062202,3000.380392163992,3000.5921568870544,3000.7098039388657,3000.827450990677,3001.0,151.92239379882812,159.5025177001953,164.4486083984375,168.23961791992187,171.6323013305664,174.89916381835937,178.38912963867188,182.86683654785156,193.27182006835938,346.35400390625,221.717,0.0,test_data/Useful/Validation/2 inches at 2ft/20241020_171216_037.jpg,379.0,194.0,61.273920320814604
93,0.0,0.0,0.0,2.0,3.0,4.0,6.0,6.920000000000016,7.0,8.0,9.0,9.0,10.0,10.0,11.0,11.0,12.0,12.0,13.0,13.0,14.0,14.0,14.0,15.0,15.0,15.740000000000009,16.0,16.0,16.0,17.0,17.0,17.0,18.0,18.0,18.0,19.0,19.0,19.0,20.0,20.0,20.0,21.0,21.0,21.0,21.0,22.0,22.0,22.0,22.0,23.0,23.0,23.0,23.0,23.0,24.0,24.0,24.0,24.0,24.0,25.0,25.0,25.0,25.0,26.0,26.0,26.0,26.0,27.0,27.0,27.0,27.0,28.0,28.0,28.0,28.0,28.0,29.0,29.0,29.0,29.0,30.0,30.0,30.0,30.0,31.0,31.0,32.0,32.0,32.0,33.0,33.0,33.0,34.0,34.0,35.0,35.0,36.0,37.0,38.0,46.0,23.0,1000.5529412031174,1000.7176470756531,1000.8941176533699,2000.6156862974167,2000.866666674614,3000.392156869173,3000.596078455448,3000.7098039388657,3000.827450990677,3001.0,151.62469482421875,159.38699340820312,164.25527954101562,168.0495788574219,171.4447250366211,174.67015686035157,178.14148712158203,182.6311279296875,193.3076629638672,346.36553955078125,222.10892,0.0,test_data/Useful/Validation/2 inches at 2ft/20241020_171216_038.jpg,350.0,187.0,60.367038657335996
94,0.0,0.0,0.0,1.0,2.0,3.9399999999999977,5.0,6.0,7.0,7.900000000000006,8.0,9.0,10.0,10.0,11.0,11.0,12.0,12.0,12.0,13.0,13.0,14.0,14.0,14.0,15.0,15.0,15.0,16.0,16.0,16.0,17.0,17.0,17.0,18.0,18.0,18.0,19.0,19.0,19.0,19.0,20.0,20.0,20.0,20.0,21.0,21.0,21.0,21.0,22.0,22.0,22.0,22.480000000000018,23.0,23.0,23.0,24.0,24.0,24.0,24.0,25.0,25.0,25.0,25.0,25.0,26.0,26.0,26.0,26.0,26.0,27.0,27.0,27.0,27.0,28.0,28.0,28.0,28.230000000000018,29.0,29.0,29.0,29.0,30.0,30.0,30.0,31.0,31.0,31.0,31.0,32.0,32.0,33.0,33.0,34.0,34.0,35.0,35.0,36.0,37.0,38.0,43.0,26.0,1000.5568627715111,1000.7137255072594,1000.8784313797951,2000.5921568870544,2000.8431372642517,3000.3607843220234,3000.5882353186607,3000.705882370472,3000.823529422283,3001.0,150.93022613525392,158.6090850830078,163.54164123535156,167.3915252685547,170.7816925048828,174.04107666015625,177.5321807861328,182.09683227539062,193.28933715820312,346.3742370605469,222.3198,0.0,test_data/Useful/Validation/2 inches at 2ft/20241020_171216_039.jpg,364.0,183.0,55.83705865435421
95,0.0,0.0,1.0,2.0,3.0,4.0,6.0,6.0,7.0,8.0,9.0,9.0,10.0,11.0,11.0,12.0,12.0,12.0,13.0,13.0,14.0,14.0,14.0,15.0,15.0,15.0,16.0,16.0,16.0,17.0,17.0,17.0,17.0,18.0,18.0,18.0,19.0,19.0,19.0,20.0,20.0,20.0,20.0,20.0,21.0,21.0,21.0,22.0,22.0,22.0,22.0,23.0,23.0,23.0,23.0,23.0,24.0,24.0,24.0,24.0,24.389999999999873,25.0,25.0,25.0,25.0,26.0,26.0,26.0,26.0,27.0,27.0,27.0,27.0,27.0,28.0,28.0,28.0,28.0,29.0,29.0,29.0,30.0,30.0,30.0,30.0,31.0,31.0,31.0,32.0,32.0,32.0,33.0,33.0,34.0,35.0,35.0,36.0,37.0,38.0,44.0,23.0,1000.5568627715111,1000.7098039388657,1000.8705882430077,2000.584313750267,2000.839215695858,3000.3568627536297,3000.5882353186607,3000.705882370472,3000.823529422283,3001.0,150.90865783691407,158.49319152832032,163.46041564941407,167.26425170898438,170.6768341064453,173.97545166015624,177.49310302734375,182.1488800048828,193.20669555664062,346.3851623535156,222.15579,0.0,test_data/Useful/Validation/2 inches at 2ft/20241020_171216_040.jpg,339.0,185.0,58.598876699617314
96,0.0,0.0,0.0,1.0,2.0,2.0,4.0,4.0,5.0,6.0,7.0,8.0,8.0,9.0,10.0,10.0,11.0,11.0,11.0,12.0,12.0,13.0,13.0,14.0,14.0,15.0,15.0,15.0,16.0,16.0,16.0,17.0,17.0,17.0,17.0,18.0,18.0,18.0,19.0,19.0,19.0,20.0,20.0,20.0,20.0,21.0,21.0,21.0,21.0,22.0,22.0,22.0,23.0,23.0,23.0,23.0,24.0,24.0,24.0,24.0,25.0,25.0,25.0,25.0,25.0,26.0,26.0,26.0,26.0,27.0,27.0,27.0,27.0,28.0,28.0,28.0,28.0,29.0,29.0,29.0,29.0,30.0,30.0,30.0,30.0,31.0,31.0,31.0,32.0,32.0,32.0,33.0,33.0,34.0,35.0,35.0,36.0,37.0,38.0,42.0,27.0,1000.5568627715111,1000.7098039388657,1000.866666674614,2000.5686274766922,2000.8313725590706,3000.3333333432674,3000.584313750267,3000.7019608020782,3000.823529422283,3001.0,151.25933227539062,158.90174865722656,163.728759765625,167.53858947753906,170.919921875,174.1773681640625,177.69586029052735,182.22802734375,193.43446350097656,346.40093994140625,221.96631,0.0,test_data/Useful/Validation/2 inches at 2ft/20241020_171216_041.jpg,354.0,183.0,63.820789889964175
97,0.0,0.0,0.0,1.0,2.0,3.0,4.0,5.0,6.0,6.0,7.0,8.0,8.0,9.0,10.0,10.0,11.0,11.0,12.0,12.0,12.0,13.0,13.0,13.0,14.0,14.0,14.0,15.0,15.0,16.0,16.0,16.0,17.0,17.0,17.0,17.0,18.0,18.0,18.0,19.0,19.0,19.0,19.0,20.0,20.0,20.0,20.0,21.0,21.0,21.0,21.0,22.0,22.0,22.0,22.0,23.0,23.0,23.0,23.0,24.0,24.0,24.0,24.0,25.0,25.0,25.0,25.330000000000155,26.0,26.0,26.0,27.0,27.0,27.0,27.0,27.0,28.0,28.0,28.0,28.0,29.0,29.0,29.0,30.0,30.0,30.0,30.0,31.0,31.0,31.0,32.0,32.0,33.0,33.0,34.0,34.0,35.0,35.029999999999745,37.0,38.0,42.0,27.0,1000.5607843399048,1000.7098039388657,1000.8588235378265,2000.572549045086,2000.8313725590706,3000.3490196168423,3000.5921568870544,3000.705882370472,3000.8196078538895,3001.0,150.76149139404296,158.43301391601562,163.34420776367188,167.13455200195312,170.55152893066406,173.83522033691406,177.3746337890625,181.99563598632812,193.21240234375,346.4079284667969,222.19194,0.0,test_data/Useful/Validation/2 inches at 2ft/20241020_171216_042.jpg,398.0,216.0,60.36516484357707
98,0.0,0.0,1.0,1.0,2.0,3.0,4.0,5.0,6.0,7.0,8.0,8.0,9.0,10.0,10.0,11.0,11.0,12.0,12.0,13.0,13.0,14.0,14.0,14.0,15.0,15.0,15.0,16.0,16.0,16.0,17.0,17.0,17.0,17.0,18.0,18.0,18.0,19.0,19.0,19.0,19.0,20.0,20.0,20.0,20.549999999999955,21.0,21.0,21.0,22.0,22.0,22.0,22.0,23.0,23.0,23.0,23.0,24.0,24.0,24.0,24.0,25.0,25.0,25.0,25.0,26.0,26.0,26.0,26.0,26.0,27.0,27.0,27.0,27.0,28.0,28.0,28.0,28.0,29.0,29.0,29.0,29.0,30.0,30.0,30.0,30.15000000000009,31.0,31.0,31.0,32.0,32.0,33.0,33.0,34.0,34.0,35.0,35.0,36.029999999999745,37.0,39.0,44.0,28.0,1000.5529412031174,1000.705882370472,1000.8627451062202,2000.556862771511,2000.8156862854958,3000.3058823645115,3000.5803921818733,3000.7019608020782,3000.823529422283,3001.0,151.23228454589844,158.89315795898438,163.74360198974608,167.5719421386719,170.95436096191406,174.1831268310547,177.67241668701172,182.28521728515628,193.30712890625,346.4091796875,221.99823,0.0,test_data/Useful/Validation/2 inches at 2ft/20241020_171216_043.jpg,358.0,187.0,56.34760734707083
99,0.0,0.0,0.0,1.0,2.0,3.0,4.0,5.0,6.0,7.0,7.889999999999986,8.0,9.0,10.0,10.0,11.0,11.0,12.0,12.0,13.0,13.0,13.0,14.0,14.0,15.0,15.0,15.0,16.0,16.0,16.0,17.0,17.0,17.0,17.0,18.0,18.0,18.0,19.0,19.0,19.0,19.0,20.0,20.0,20.0,20.0,21.0,21.0,21.0,21.0,22.0,22.0,22.0,22.0,23.0,23.0,23.0,23.0,24.0,24.0,24.0,24.0,25.0,25.0,25.0,25.0,25.340000000000146,26.0,26.0,26.0,26.0,27.0,27.0,27.0,28.0,28.0,28.0,28.0,29.0,29.0,29.0,29.0,30.0,30.0,30.0,31.0,31.0,31.0,32.0,32.0,32.0,33.0,33.0,34.0,34.0,35.0,35.0,36.0,37.0,39.0,43.0,26.0,1000.5568627715111,1000.705882370472,1000.8627451062202,2000.572549045086,2000.8274509906769,3000.337254911661,3000.5921568870544,3000.705882370472,3000.823529422283,3001.0,150.85244750976562,158.50218200683594,163.36519622802734,167.27289428710938,170.66738891601562,173.94073486328125,177.45260620117188,182.01388549804688,193.3934326171875,346.41802978515625,222.24802,0.0,test_data/Useful/Validation/2 inches at 2ft/20241020_171216_044.jpg,366.0,182.0,61.20986429677191
100,0.0,0.0,0.0,0.0,1.0,2.0,3.0,4.0,5.0,6.0,7.0,8.0,8.0,9.0,10.0,10.0,10.0,11.0,11.0,12.0,12.0,12.0,13.0,13.0,14.0,14.0,14.0,15.0,15.0,15.0,16.0,16.0,16.0,17.0,17.0,17.0,17.0,18.0,18.0,18.0,18.0,19.0,19.0,19.0,19.0,20.0,20.0,20.0,21.0,21.0,21.0,21.0,21.0,22.0,22.0,22.0,22.0,23.0,23.0,23.0,23.0,23.0,24.0,24.0,24.0,25.0,25.0,25.0,25.0,25.0,26.0,26.0,26.0,26.0,27.0,27.0,27.0,27.0,28.0,28.0,28.0,28.179999999999836,29.0,29.0,29.0,30.0,30.0,31.0,31.0,31.0,32.0,32.0,32.0,33.0,33.0,34.0,35.0,36.0,37.0,42.0,0.0,1000.5686274766922,1000.6941176652908,1000.8156862854958,2000.3568627536297,2000.7921568751335,3000.2666666805744,3000.5764706134796,3000.6980392336845,3000.811764717102,3001.0,145.53101348876953,153.40432739257812,158.5228271484375,162.57113647460938,166.32067108154297,170.05126037597657,174.24753112792968,180.05628051757813,193.3411865234375,346.459228515625,222.81802,0.0,test_data/Useful/Validation/2 inches at 2ft/20241020_171216_095.jpg,368.0,189.0,55.580714701415495
101,0.0,0.0,0.0,0.0,0.0,1.0,2.0,3.0,4.0,5.0,6.0,6.0,7.0,8.0,8.0,9.0,9.0,10.0,10.0,11.0,11.0,12.0,12.0,13.0,13.0,13.0,14.0,14.0,14.0,15.0,15.0,15.0,16.0,16.0,16.0,16.0,17.0,17.0,17.0,18.0,18.0,18.0,19.0,19.0,19.0,20.0,20.0,20.0,20.0,21.0,21.0,21.0,21.0,21.0,22.0,22.0,22.0,23.0,23.0,23.0,23.0,24.0,24.0,24.0,24.0,25.0,25.0,25.0,25.309999999999945,26.0,26.0,26.0,27.0,27.0,27.0,27.0,28.0,28.0,28.0,28.0,29.0,29.0,29.0,29.0,30.0,30.0,30.0,31.0,31.0,31.0,32.0,32.0,33.0,33.0,34.0,34.0,35.0,36.0,37.0,43.0,0.0,1000.5686274766922,1000.6941176652908,1000.8156862854958,2000.32549020648,2000.7921568751335,3000.2666666805744,3000.5764706134796,3000.6980392336845,3000.811764717102,3001.0,146.59502868652345,154.3817901611328,159.4010772705078,163.40823364257812,166.97360229492188,170.60399780273437,174.64097747802734,180.1194519042969,193.29855346679688,346.4602966308594,222.98581,0.0,test_data/Useful/Validation/2 inches at 2ft/20241020_171216_096.jpg,409.0,222.0,57.57759619989277
102,0.0,0.0,0.0,1.0,2.0,3.0,4.0,5.0,6.0,6.0,7.0,8.0,8.0,9.0,10.0,10.0,11.0,11.0,11.0,12.0,12.0,13.0,13.0,13.0,14.0,14.0,14.0,15.0,15.0,15.0,16.0,16.0,16.0,17.0,17.0,17.0,17.0,18.0,18.0,18.0,18.0,19.0,19.0,19.0,19.0,20.0,20.0,20.0,20.0,21.0,21.0,21.0,21.0,22.0,22.0,22.0,22.0,22.0,23.0,23.0,23.0,24.0,24.0,24.0,24.0,24.0,25.0,25.0,25.0,25.0,26.0,26.0,26.0,26.0,26.0,27.0,27.0,27.0,28.0,28.0,28.0,28.0,28.0,29.0,29.0,29.0,30.0,30.0,30.0,31.0,31.0,32.0,32.0,33.0,33.0,34.0,35.0,36.0,37.0,42.0,24.0,1000.5686274766922,1000.6941176652908,1000.8196078538895,2000.3843137323856,2000.800000011921,3000.2784313857555,3000.5764706134796,3000.6980392336845,3000.811764717102,3001.0,146.06389923095702,153.88900756835938,159.01021270751954,163.0904968261719,166.7856903076172,170.4545104980469,174.53564910888673,180.19775390625,193.4578094482422,346.45703125,222.95291,0.0,test_data/Useful/Validation/2 inches at 2ft/20241020_171216_097.jpg,375.0,214.0,56.90173205207372
103,0.0,0.0,0.0,0.0,1.0,2.0,3.0,3.920000000000016,4.0,5.0,6.0,7.0,7.0,8.0,9.0,10.0,10.0,10.0,11.0,11.0,12.0,12.0,12.0,13.0,13.0,14.0,14.0,14.0,15.0,15.0,15.0,15.0,16.0,16.0,16.0,17.0,17.0,17.0,17.0,18.0,18.0,18.0,19.0,19.0,19.0,19.0,20.0,20.0,20.0,20.0,21.0,21.0,21.0,21.0,22.0,22.0,22.0,22.419999999999845,23.0,23.0,23.0,24.0,24.0,24.0,24.0,24.0,25.0,25.0,25.0,25.0,26.0,26.0,26.0,26.0,27.0,27.0,27.0,27.0,28.0,28.0,28.0,29.0,29.0,29.0,29.0,30.0,30.0,30.0,31.0,31.0,31.0,32.0,32.0,33.0,33.0,34.0,35.0,36.0,37.0,41.0,0.0,1000.5686274766922,1000.6980392336845,1000.8235294222832,2000.364705890417,2000.800000011921,3000.286274522543,3000.5764706134796,3000.6980392336845,3000.811764717102,3001.0,146.78197174072267,154.488037109375,159.50448608398438,163.56524047851562,167.16718292236328,170.79666442871093,174.85128173828124,180.2954315185547,193.21739196777344,346.45343017578125,222.83113,0.0,test_data/Useful/Validation/2 inches at 2ft/20241020_171216_098.jpg,372.0,193.0,62.55853449031672
104,0.0,0.0,0.0,0.0,1.0,2.0,3.0,4.0,5.0,6.0,7.0,7.0,8.0,9.0,9.0,10.0,10.0,11.0,11.0,11.800000000000011,12.0,12.0,12.769999999999982,13.0,13.0,14.0,14.0,14.0,14.0,15.0,15.0,15.0,16.0,16.0,16.0,17.0,17.0,17.0,18.0,18.0,18.0,18.0,19.0,19.0,19.0,20.0,20.0,20.0,20.0,21.0,21.0,21.0,21.0,21.0,22.0,22.0,22.0,22.0,23.0,23.0,23.0,23.0,24.0,24.0,24.0,24.0,25.0,25.0,25.0,25.0,25.0,26.0,26.0,26.0,26.0,27.0,27.0,27.0,28.0,28.0,28.0,29.0,29.0,29.0,30.0,30.0,30.0,31.0,31.0,31.0,32.0,32.0,33.0,33.0,34.0,34.0,35.0,36.0,38.0,44.0,21.0,1000.5686274766922,1000.6980392336845,1000.8196078538895,2000.3372549116611,2000.8039215803146,3000.2901960909367,3000.5803921818733,3000.6980392336845,3000.8156862854958,3001.0,147.32473754882812,155.0216064453125,159.974853515625,163.9501190185547,167.52493286132812,171.10446166992188,175.0326385498047,180.45028686523438,193.3804931640625,346.4564514160156,222.97626,0.0,test_data/Useful/Validation/2 inches at 2ft/20241020_171216_099.jpg,375.0,204.0,57.614822443255456
0,1.0,4.980000000000004,7.0,9.0,11.0,12.939999999999998,14.0,15.0,15.0,16.0,17.0,17.0,18.0,19.0,19.0,20.0,20.0,21.0,21.0,22.0,22.0,22.0,23.0,23.0,23.0,24.0,24.0,24.0,25.0,25.0,25.0,25.0,26.0,26.0,26.0,26.0,26.0,27.0,27.0,27.0,27.0,27.0,28.0,28.0,28.0,28.0,28.0,29.0,29.0,29.0,29.0,29.0,29.0,30.0,30.0,30.0,30.0,30.0,30.0,30.0,31.0,31.0,31.0,31.0,31.0,32.0,32.0,32.0,32.0,32.0,32.0,33.0,33.0,33.0,33.0,33.0,34.0,34.0,34.0,34.0,34.0,35.0,35.0,35.0,35.0,35.0,36.0,36.0,36.0,37.0,37.0,37.0,38.0,38.0,39.0,39.0,40.0,41.0,41.00999999999976,46.0,30.0,1000.4352941215038,1000.6039215922356,1000.7176470756531,1000.8078431487083,1000.9019607901573,1001.0,2000.54509806633,2000.7490196228027,3000.243137255311,3001.0,146.19122467041015,154.1793701171875,159.41083068847655,163.70816040039062,167.6038818359375,171.52830505371094,175.99284820556642,182.29158935546874,198.04537963867188,346.3148498535156,223.50023,1.0,test_data/Useful/Validation/Half inch at 1 ft/WhatsApp Image 2024-08-22 at 11.10.05.jpeg,316.0,118.0,32.029239797263415
1,0.0,4.0,6.0,8.0,9.0,11.0,12.0,13.0,14.0,15.0,15.0,16.0,17.0,17.0,18.0,19.0,19.0,19.0,20.0,20.0,21.0,21.0,22.0,22.0,22.0,23.0,23.0,23.0,23.0,24.0,24.0,24.0,24.0,25.0,25.0,25.0,25.0,26.0,26.0,26.0,26.0,27.0,27.0,27.0,27.0,27.0,28.0,28.0,28.0,28.0,29.0,29.0,29.0,29.0,29.0,30.0,30.0,30.0,30.0,30.0,30.0,31.0,31.0,31.0,31.0,31.0,32.0,32.0,32.0,32.0,32.0,33.0,33.0,33.0,33.0,33.0,33.0,34.0,34.0,34.0,34.0,34.0,35.0,35.0,35.0,35.0,36.0,36.0,36.0,36.0,37.0,37.0,37.0,38.0,38.0,39.0,40.0,40.0,41.00999999999976,48.0,30.0,1000.4352941215038,1000.611764729023,1000.7254902124405,1000.8156862854958,1000.9098039269447,2000.1921568661928,2000.5490196347237,2000.745098054409,3000.215686276555,3001.0,146.7166290283203,154.6839599609375,159.87545776367188,163.99240112304688,167.77188110351562,171.640478515625,176.00814971923828,182.13909912109375,197.78807067871094,346.300048828125,223.25229,1.0,test_data/Useful/Validation/Half inch at 1 ft/WhatsApp Image 2024-08-22 at 11.10.17.jpeg,382.0,146.0,34.563297557801754
2,1.0,5.0,7.0,9.0,10.0,12.0,12.0,13.0,14.0,15.0,16.0,17.0,17.0,18.0,19.0,19.0,19.0,20.0,20.0,21.0,21.0,21.0,22.0,22.0,22.0,23.0,23.0,23.0,24.0,24.0,24.0,24.0,25.0,25.0,25.0,25.0,26.0,26.0,26.0,26.0,27.0,27.0,27.0,27.0,28.0,28.0,28.0,28.0,28.0,29.0,29.0,29.0,29.0,29.0,30.0,30.0,30.0,30.0,30.0,30.0,31.0,31.0,31.0,31.0,31.0,32.0,32.0,32.0,32.0,32.0,32.0,33.0,33.0,33.0,33.0,33.0,34.0,34.0,34.0,34.0,34.0,35.0,35.0,35.0,35.0,35.0,36.0,36.0,36.0,36.09999999999991,37.0,37.0,37.0,38.0,38.0,39.0,40.0,40.0,41.0,46.0,30.0,1000.4274509847164,1000.6000000238419,1000.7137255072594,1000.8078431487083,1000.8980392217636,2000.0392156876624,2000.556862771511,2000.7647058963776,3000.3058823645115,3001.0,147.15938720703124,155.10831298828126,160.24313201904297,164.46132202148436,168.1905975341797,171.96585083007812,176.2685546875,182.48359375,197.9899444580078,346.2977600097656,223.06358,1.0,test_data/Useful/Validation/Half inch at 1 ft/WhatsApp Image 2024-08-22 at 11.10.25.jpeg,359.0,136.0,28.464371264852957
3,1.0,4.0,6.0,8.0,10.0,11.0,12.0,13.0,14.0,15.0,16.0,17.0,18.0,18.0,18.849999999999966,19.0,19.0,20.0,20.0,21.0,21.0,22.0,22.0,22.0,23.0,23.0,23.0,23.0,24.0,24.0,24.0,25.0,25.0,25.0,25.0,25.0,26.0,26.0,26.0,26.0,27.0,27.0,27.0,27.0,27.0,27.0,28.0,28.0,28.0,28.0,29.0,29.0,29.0,29.0,29.0,29.0,30.0,30.0,30.0,30.0,30.0,30.0,31.0,31.0,31.0,31.0,31.0,32.0,32.0,32.0,32.0,32.0,32.0,33.0,33.0,33.0,33.0,33.0,34.0,34.0,34.0,34.0,34.0,35.0,35.0,35.0,35.0,36.0,36.0,36.0,37.0,37.0,37.0,38.0,38.0,39.0,39.0,40.0,41.0,46.0,30.0,1000.4509803950787,1000.6274510025978,1000.7372549176216,1000.8313725590706,1000.9294117689133,2000.3411764800549,2000.5921568870544,2000.7647058963776,3000.2627451121807,3001.0,146.73907470703125,154.59957275390624,159.80350494384766,163.89280700683594,167.69463348388672,171.56358337402344,175.93641662597656,182.18753051757812,198.0084228515625,346.304443359375,223.44887,1.0,test_data/Useful/Validation/Half inch at 1 ft/WhatsApp Image 2024-08-22 at 11.10.33.jpeg,360.0,122.0,33.450583906132785
4,1.0,6.980000000000004,9.0,10.960000000000008,12.0,13.0,14.0,15.0,15.0,16.0,17.0,17.0,18.0,18.0,19.0,19.0,20.0,20.0,21.0,21.0,21.0,22.0,22.0,22.0,23.0,23.0,23.0,24.0,24.0,24.0,24.68999999999994,25.0,25.0,25.0,25.0,26.0,26.0,26.0,26.0,26.600000000000023,27.0,27.0,27.0,27.0,27.0,28.0,28.0,28.0,28.0,28.0,29.0,29.0,29.0,29.0,29.0,30.0,30.0,30.0,30.0,30.0,30.0,31.0,31.0,31.0,31.0,31.0,31.0,32.0,32.0,32.0,32.0,32.0,33.0,33.0,33.0,33.0,33.0,34.0,34.0,34.0,34.0,35.0,35.0,35.0,35.0,35.0,36.0,36.0,36.0,37.0,37.0,37.0,38.0,38.0,38.0,39.0,39.0,40.01999999999998,42.0,46.0,30.0,1000.4509803950787,1000.6235294342041,1000.7333333492279,1000.8235294222832,1000.9215686321259,2000.3019607961178,2000.5686274766922,2000.7529411911964,3000.2235294133425,3001.0,146.2143524169922,154.19777221679686,159.40771484375,163.64495849609375,167.5253448486328,171.4824432373047,175.87317962646483,182.2071533203125,198.11201782226564,346.3024597167969,223.27333,1.0,test_data/Useful/Validation/Half inch at 1 ft/WhatsApp Image 2024-08-22 at 11.10.58.jpeg,345.0,137.0,28.22784958009224
5,0.990000000000002,3.980000000000004,7.0,9.0,11.0,12.0,13.0,14.0,14.0,15.0,16.0,16.0,17.0,18.0,18.0,19.0,19.0,19.0,20.0,21.0,21.0,21.0,22.0,22.0,22.0,23.0,23.0,23.0,23.0,24.0,24.0,24.0,24.0,25.0,25.0,25.0,25.0,26.0,26.0,26.0,26.0,27.0,27.0,27.0,27.0,27.0,27.0,28.0,28.0,28.0,28.0,28.0,29.0,29.0,29.0,29.0,29.0,29.0,30.0,30.0,30.0,30.0,30.0,31.0,31.0,31.0,31.0,31.0,32.0,32.0,32.0,32.0,32.0,33.0,33.0,33.0,33.0,33.0,33.0,34.0,34.0,34.0,34.0,35.0,35.0,35.0,35.0,36.0,36.0,36.0,36.0,37.0,37.0,37.0,38.0,38.0,39.0,40.0,41.0,43.0,27.0,1000.447058826685,1000.6274510025978,1000.7411764860153,1000.8313725590706,1000.933333337307,2000.3333333432674,2000.584313750267,2000.7607843279839,3000.258823543787,3001.0,145.90025482177734,153.78281860351564,158.94274139404297,163.18511352539062,167.0155029296875,170.93753051757812,175.34213409423828,181.7512237548828,197.82260131835938,346.2684326171875,223.68488,1.0,test_data/Useful/Validation/Half inch at 1 ft/WhatsApp Image 2024-08-22 at 11.11.36.jpeg,370.0,147.0,27.693704245061443
6,0.990000000000002,3.980000000000004,6.0,8.0,10.0,11.0,12.0,13.0,14.0,15.0,16.0,16.0,17.0,18.0,18.0,18.0,19.0,19.0,20.0,20.0,21.0,21.0,21.0,21.75999999999999,22.0,22.0,22.730000000000018,23.0,23.0,23.0,24.0,24.0,24.0,24.0,25.0,25.0,25.0,25.0,26.0,26.0,26.0,26.0,27.0,27.0,27.0,27.0,27.0,28.0,28.0,28.0,28.0,28.0,28.0,29.0,29.0,29.0,29.0,29.0,29.0,30.0,30.0,30.0,30.0,30.0,30.0,31.0,31.0,31.0,31.0,31.0,32.0,32.0,32.0,32.0,32.0,33.0,33.0,33.0,33.0,33.0,34.0,34.0,34.0,34.0,35.0,35.0,35.0,35.0,35.11000000000013,36.0,36.0,37.0,37.0,37.059999999999945,38.0,39.0,39.0,40.0,41.0,44.0,29.0,1000.4509803950787,1000.6352941393852,1000.7490196228027,1000.8470588326454,1000.9568627476692,2000.3725490272045,2000.5882353186607,2000.7490196228027,3000.164705887437,3001.0,146.36922302246094,154.2780303955078,159.39878845214844,163.59219360351562,167.3603973388672,171.19473266601562,175.51620178222657,181.8917999267578,197.81875610351562,346.2725524902344,223.66153,1.0,test_data/Useful/Validation/Half inch at 1 ft/WhatsApp Image 2024-08-22 at 11.11.57.jpeg,349.0,118.0,28.994972501849073
7,1.0,5.0,7.969999999999999,9.0,11.0,12.0,13.0,14.0,14.909999999999997,15.0,16.0,16.0,17.0,18.0,18.0,19.0,19.0,20.0,20.0,20.0,21.0,21.0,21.0,22.0,22.0,22.0,23.0,23.0,23.0,24.0,24.0,24.0,24.0,25.0,25.0,25.0,25.0,26.0,26.0,26.0,26.0,27.0,27.0,27.0,27.0,27.0,28.0,28.0,28.0,28.0,28.0,29.0,29.0,29.0,29.0,29.0,29.429999999999836,30.0,30.0,30.0,30.0,30.0,31.0,31.0,31.0,31.0,31.0,32.0,32.0,32.0,32.0,32.0,33.0,33.0,33.0,33.0,33.0,34.0,34.0,34.0,34.0,34.0,34.0,35.0,35.0,35.0,35.0,36.0,36.0,36.0,37.0,37.0,37.0,38.0,38.0,39.0,39.0,40.0,41.0,47.0,29.0,1000.2980392277241,1000.4823529422283,1000.6078431606293,1000.705882370472,1000.8039215803146,2000.1607843190432,2000.517647087574,2000.7137255072594,3000.286274522543,3001.0,148.5012466430664,156.31369018554688,161.2742919921875,165.38075256347656,169.11756896972656,172.8084716796875,176.9501953125,182.85255432128906,198.098876953125,345.8999328613281,222.34663,1.0,test_data/Useful/Validation/Half inch at 1 ft/WhatsApp Image 2024-08-22 at 11.12.25.jpeg,360.0,142.0,30.278998330603528
8,1.0,3.0,6.0,7.960000000000008,9.0,10.0,11.0,13.0,14.0,14.0,15.0,16.0,16.0,17.0,17.0,18.0,19.0,19.0,20.0,20.0,20.0,21.0,21.0,21.0,22.0,22.0,22.0,23.0,23.0,23.0,23.0,24.0,24.0,24.0,25.0,25.0,25.0,25.0,25.0,26.0,26.0,26.0,26.0,27.0,27.0,27.0,27.0,28.0,28.0,28.0,28.0,28.0,29.0,29.0,29.0,29.0,29.0,30.0,30.0,30.0,30.0,30.0,31.0,31.0,31.0,31.0,31.0,31.0,32.0,32.0,32.0,32.0,32.0,33.0,33.0,33.0,33.0,33.0,34.0,34.0,34.0,34.0,35.0,35.0,35.0,35.0,35.13000000000011,36.0,36.0,36.0,37.0,37.0,37.0,38.0,38.0,39.0,39.0,40.0,42.0,47.0,31.0,1000.2941176593304,1000.4745098054409,1000.6000000238419,1000.6980392336845,1000.7882353067398,1000.9294117689133,2000.4705882370472,2000.6980392336845,3000.270588248968,3001.0,147.8332061767578,155.77084350585938,160.97463989257812,165.0755401611328,168.8042449951172,172.55685119628907,176.80038452148438,182.85556030273438,197.9853057861328,345.92578125,222.77502,1.0,test_data/Useful/Validation/Half inch at 1 ft/WhatsApp Image 2024-08-22 at 11.12.38.jpeg,363.0,123.0,25.867340663963745
9,3.0,6.0,7.0,9.0,10.950000000000003,11.0,12.0,13.0,14.0,15.0,15.0,16.0,17.0,17.0,18.0,18.0,19.0,19.0,20.0,20.0,20.0,21.0,21.0,21.0,22.0,22.0,23.0,23.0,23.0,23.0,24.0,24.0,24.0,25.0,25.0,25.0,25.0,25.0,26.0,26.0,26.0,26.0,26.0,27.0,27.0,27.0,27.0,28.0,28.0,28.0,28.0,28.0,28.0,29.0,29.0,29.0,29.0,29.0,29.0,30.0,30.0,30.0,30.0,30.0,31.0,31.0,31.0,31.0,31.0,32.0,32.0,32.0,32.0,33.0,33.0,33.0,33.0,33.0,33.0,34.0,34.0,34.0,34.0,34.0,35.0,35.0,35.0,35.0,36.0,36.0,36.0,37.0,37.0,37.0,38.0,38.0,39.0,40.0,41.0,45.0,29.0,1000.2980392277241,1000.4745098054409,1000.6000000238419,1000.6941176652908,1000.7882353067398,1000.9450980424881,2000.5098039507866,2000.7568627595901,3000.364705890417,3001.0,147.4700164794922,155.3971710205078,160.4794921875,164.6099090576172,168.39117431640625,172.1829376220703,176.42103576660156,182.52798461914062,197.97752380371094,345.906494140625,223.02829,1.0,test_data/Useful/Validation/Half inch at 1 ft/WhatsApp Image 2024-08-22 at 11.12.42.jpeg,343.0,126.0,30.68375089877665
10,1.990000000000002,4.0,7.0,9.0,10.0,12.0,13.0,13.0,14.0,15.0,16.0,16.0,17.0,18.0,18.0,19.0,19.0,19.0,20.0,20.0,20.0,21.0,21.0,21.0,22.0,22.0,22.0,23.0,23.0,23.0,24.0,24.0,24.0,24.0,25.0,25.0,25.0,25.0,26.0,26.0,26.0,26.0,26.569999999999936,27.0,27.0,27.0,27.0,27.0,28.0,28.0,28.0,28.0,29.0,29.0,29.0,29.0,29.0,30.0,30.0,30.0,30.0,30.0,31.0,31.0,31.0,31.0,31.0,32.0,32.0,32.0,32.0,32.0,33.0,33.0,33.0,33.0,33.0,34.0,34.0,34.0,34.0,34.0,35.0,35.0,35.0,35.0,36.0,36.0,36.0,36.0,37.0,37.0,37.0,38.0,38.0,39.0,40.0,40.0,41.0,46.0,33.0,1000.3098039329052,1000.5019608139992,1000.6313725709915,1000.7294117808342,1000.8274509906769,2000.1294117718935,2000.6039215922356,2000.8745098114014,3000.43137255311,3001.0,148.3529510498047,156.30078125,161.3612518310547,165.48707580566406,169.18307495117188,172.87269592285156,177.0062255859375,183.00139770507812,197.97604370117188,345.98651123046875,222.9477,1.0,test_data/Useful/Validation/Half inch at 1 ft/WhatsApp Image 2024-08-22 at 11.12.44.jpeg,389.0,152.0,28.229506111029476
11,1.0,4.0,6.0,8.0,10.0,11.0,12.0,13.0,13.909999999999997,14.0,15.0,16.0,16.0,17.0,17.0,18.0,18.0,19.0,19.0,20.0,20.0,20.0,21.0,21.0,21.0,21.74000000000001,22.0,22.0,22.0,23.0,23.0,23.0,23.0,24.0,24.0,24.0,24.0,25.0,25.0,25.0,25.0,26.0,26.0,26.0,26.0,26.0,27.0,27.0,27.0,27.0,27.0,28.0,28.0,28.0,28.0,29.0,29.0,29.0,29.0,29.0,29.0,30.0,30.0,30.0,30.0,30.0,31.0,31.0,31.0,31.0,31.0,32.0,32.0,32.0,32.0,32.0,32.0,33.0,33.0,33.0,33.0,33.0,34.0,34.0,34.0,34.0,35.0,35.0,35.0,36.0,36.0,36.0,37.0,37.0,38.0,38.0,39.0,40.0,41.0,47.0,29.0,1000.2980392277241,1000.4901960790157,1000.6235294342041,1000.7215686440468,1000.8156862854958,2000.0549019612372,2000.5137255191803,2000.7686274647713,3000.3725490272045,3001.0,147.1656494140625,155.0660614013672,160.179931640625,164.33663940429688,168.10940551757812,171.88406372070312,176.09336853027344,182.1103515625,197.8364715576172,345.9170837402344,223.55005,1.0,test_data/Useful/Validation/Half inch at 1 ft/WhatsApp Image 2024-08-22 at 11.12.45.jpeg,329.0,136.0,26.109180328228142
12,0.0,3.0,5.0,7.0,8.0,9.0,11.0,12.0,12.0,13.0,14.0,15.0,15.0,16.0,16.0,17.0,17.0,18.0,18.0,19.0,19.0,19.0,20.0,20.0,20.75,21.0,21.0,22.0,22.0,22.0,22.0,22.680000000000064,23.0,23.0,23.0,23.0,24.0,24.0,24.0,25.0,25.0,25.0,25.0,26.0,26.0,26.0,26.0,26.0,27.0,27.0,27.0,27.0,28.0,28.0,28.0,28.0,28.0,29.0,29.0,29.0,29.0,29.0,29.0,30.0,30.0,30.0,30.0,30.0,31.0,31.0,31.0,31.0,31.0,32.0,32.0,32.0,32.0,32.0,33.0,33.0,33.0,33.0,34.0,34.0,34.0,34.0,35.0,35.0,35.0,36.0,36.0,36.0,37.0,37.0,37.0,38.0,38.0,39.0,41.0,45.0,30.0,1000.3019607961178,1000.4941176474094,1000.6274510025978,1000.7254902124405,1000.8196078538895,2000.1098039224744,2000.4980392158031,2000.7254902124405,3000.313725501299,3001.0,147.6683380126953,155.34945678710938,160.50405883789062,164.62659301757813,168.3476333618164,172.03443908691406,176.27832794189453,182.33096313476562,197.72422790527344,345.90521240234375,223.05846,1.0,test_data/Useful/Validation/Half inch at 1 ft/WhatsApp Image 2024-08-22 at 11.12.46 (1).jpeg,368.0,145.0,25.205823618695558
13,0.0,1.0,4.0,7.0,8.0,9.0,10.0,11.0,12.0,13.0,13.0,14.0,15.0,15.0,16.0,16.0,17.0,17.0,18.0,18.0,18.0,19.0,19.0,19.0,20.0,20.0,21.0,21.0,21.0,21.0,22.0,22.0,23.0,23.0,23.0,23.0,24.0,24.0,24.0,24.0,25.0,25.0,25.0,25.0,26.0,26.0,26.0,26.0,26.0,27.0,27.0,27.0,27.0,28.0,28.0,28.0,28.0,28.0,29.0,29.0,29.0,29.0,29.0,29.0,30.0,30.0,30.0,30.0,30.0,31.0,31.0,31.0,31.0,31.0,32.0,32.0,32.0,32.0,32.0,33.0,33.0,33.0,33.0,33.0,34.0,34.0,34.0,34.0,35.0,35.0,35.0,36.0,36.0,37.0,37.0,38.0,38.029999999999745,39.0,41.0,44.0,29.0,1000.286274522543,1000.4784313738346,1000.611764729023,1000.7098039388657,1000.8039215803146,2000.058823529631,2000.4823529422283,2000.7137255072594,3000.3058823645115,3001.0,147.76326446533204,155.54867553710938,160.63745574951173,164.74556579589844,168.36917114257812,172.1139373779297,176.33676147460938,182.30889892578125,197.6868438720703,345.877197265625,223.08652,1.0,test_data/Useful/Validation/Half inch at 1 ft/WhatsApp Image 2024-08-22 at 11.12.46 (2).jpeg,375.0,129.0,29.10777296359931
14,2.0,5.0,7.0,9.0,10.0,11.0,12.0,13.0,14.0,14.0,15.0,16.0,16.870000000000005,17.0,17.0,18.0,18.0,19.0,19.0,19.0,20.0,20.0,20.0,21.0,21.0,21.0,22.0,22.0,22.0,22.0,23.0,23.0,23.0,23.0,24.0,24.0,24.0,24.620000000000005,25.0,25.0,25.0,25.0,26.0,26.0,26.0,26.0,27.0,27.0,27.0,27.0,28.0,28.0,28.0,28.0,28.0,28.0,29.0,29.0,29.0,29.0,29.0,29.37999999999988,30.0,30.0,30.0,30.0,30.0,31.0,31.0,31.0,31.0,31.0,32.0,32.0,32.0,32.0,32.0,32.0,33.0,33.0,33.0,33.0,33.0,34.0,34.0,34.0,34.0,35.0,35.0,35.0,36.0,36.0,36.0,37.0,37.0,38.0,38.0,39.0,41.0,45.0,29.0,1000.3137255012989,1000.5098039507866,1000.6431372761726,1000.745098054409,1000.8509804010391,2000.2705882489681,2000.54509806633,2000.7411764860153,3000.32549020648,3001.0,147.25656433105468,155.1212646484375,160.31150817871094,164.4078369140625,168.18927001953125,171.96669006347656,176.22647094726562,182.29306640625,197.6825714111328,345.89642333984375,223.44977,1.0,test_data/Useful/Validation/Half inch at 1 ft/WhatsApp Image 2024-08-22 at 11.12.46.jpeg,321.0,132.0,25.64532615363072
15,0.0,2.0,5.0,7.0,9.0,10.0,11.930000000000007,12.0,13.0,14.0,15.0,15.879999999999995,16.0,16.0,17.0,18.0,18.0,18.0,19.0,19.0,20.0,20.0,20.769999999999982,21.0,21.0,22.0,22.0,22.0,22.0,23.0,23.0,23.0,24.0,24.0,24.0,24.0,24.0,25.0,25.0,25.0,25.0,25.0,26.0,26.0,26.0,26.0,27.0,27.0,27.0,27.0,27.0,28.0,28.0,28.0,28.0,28.0,28.0,29.0,29.0,29.0,29.0,29.0,30.0,30.0,30.0,30.0,30.0,31.0,31.0,31.0,31.0,31.0,32.0,32.0,32.0,32.0,32.0,33.0,33.0,33.0,33.0,33.0,34.0,34.0,34.0,34.0,35.0,35.0,35.0,35.0,36.0,36.0,37.0,37.0,37.0,38.0,38.029999999999745,39.0,41.0,46.0,28.0,1000.3215686380863,1000.5215686559677,1000.65098041296,1000.7490196228027,1000.8509804010391,2000.2509804069996,2000.5607843399048,2000.7764706015587,3000.376470595598,3001.0,146.51621704101564,154.50812377929688,159.6885528564453,163.91329956054688,167.68202209472656,171.49456787109375,175.8388671875,182.0982666015625,197.92904663085938,345.9326477050781,223.55919,1.0,test_data/Useful/Validation/Half inch at 1 ft/WhatsApp Image 2024-08-22 at 11.12.47 (1).jpeg,348.0,139.0,29.400414623959698
16,0.0,4.0,6.0,8.0,10.0,11.0,11.0,12.0,13.0,14.0,14.0,15.0,15.0,16.0,16.849999999999966,17.0,18.0,18.0,18.0,19.0,19.0,20.0,20.0,20.0,21.0,21.0,21.0,22.0,22.0,22.0,22.0,23.0,23.0,23.0,24.0,24.0,24.0,24.0,25.0,25.0,25.0,25.0,25.0,26.0,26.0,26.0,26.0,26.0,27.0,27.0,27.0,27.0,27.0,27.0,28.0,28.0,28.0,28.0,29.0,29.0,29.0,29.0,29.0,29.0,30.0,30.0,30.0,30.0,30.0,31.0,31.0,31.0,31.0,32.0,32.0,32.0,32.0,32.0,33.0,33.0,33.0,33.0,33.0,34.0,34.0,34.0,35.0,35.0,35.0,35.0,36.0,36.0,36.0,37.0,37.0,37.0,38.0,39.0,40.0,48.0,27.0,1000.3215686380863,1000.5137255191803,1000.6392157077789,1000.7333333492279,1000.8313725590706,2000.1843137294054,2000.5254902243614,2000.745098054409,3000.3450980484486,3001.0,145.544189453125,153.55007934570312,158.81442260742188,163.02227783203125,166.9141845703125,170.90585327148438,175.36624145507812,181.77316284179688,197.78408813476562,345.92315673828125,223.57819,1.0,test_data/Useful/Validation/Half inch at 1 ft/WhatsApp Image 2024-08-22 at 11.12.47.jpeg,338.0,119.0,28.341763111737485
17,1.0,5.0,7.0,8.0,9.0,10.0,11.0,12.0,13.0,14.0,14.0,15.0,15.0,16.0,16.0,17.0,17.0,17.0,18.0,19.0,19.0,19.0,20.0,20.0,21.0,21.0,21.0,22.0,22.0,22.0,22.0,23.0,23.0,23.0,24.0,24.0,24.0,24.0,25.0,25.0,25.0,25.0,26.0,26.0,26.0,26.0,27.0,27.0,27.0,27.0,27.0,28.0,28.0,28.0,28.0,28.0,29.0,29.0,29.0,29.0,29.0,30.0,30.0,30.0,30.0,30.0,30.0,31.0,31.0,31.0,31.0,32.0,32.0,32.0,32.0,32.0,33.0,33.0,33.0,33.0,33.0,34.0,34.0,34.0,34.0,34.0,35.0,35.0,35.0,36.0,36.0,36.0,37.0,37.0,37.0,38.0,39.0,39.0,41.0,46.0,30.0,1000.32549020648,1000.5254902243614,1000.6588235497475,1000.7568627595901,1000.8549019694328,2000.215686276555,2000.5882353186607,2000.8588235378265,3000.435294121504,3001.0,147.0204055786133,154.95919799804688,160.13490295410156,164.34303283691406,168.15200805664062,171.947998046875,176.23590087890625,182.30247497558594,197.82965087890625,345.96453857421875,223.43826,1.0,test_data/Useful/Validation/Half inch at 1 ft/WhatsApp Image 2024-08-22 at 11.12.48.jpeg,375.0,145.0,35.87537930919314
18,0.0,4.0,6.0,7.0,9.0,10.0,11.930000000000007,12.0,13.0,14.0,14.0,15.0,16.0,16.0,17.0,17.0,18.0,18.0,18.810000000000002,19.0,19.0,20.0,20.0,20.0,21.0,21.0,21.0,22.0,22.0,22.0,23.0,23.0,23.0,23.0,24.0,24.0,24.0,24.0,25.0,25.0,25.0,25.0,25.569999999999936,26.0,26.0,26.0,26.0,27.0,27.0,27.0,27.0,27.0,28.0,28.0,28.0,28.0,28.0,29.0,29.0,29.0,29.0,29.0,30.0,30.0,30.0,30.0,30.0,31.0,31.0,31.0,31.0,31.0,31.0,32.0,32.0,32.0,32.0,32.0,33.0,33.0,33.0,33.0,34.0,34.0,34.0,34.0,35.0,35.0,35.0,36.0,36.0,36.0,37.0,37.0,37.0,38.0,39.0,39.0,41.0,47.0,31.0,1000.3215686380863,1000.5137255191803,1000.6352941393852,1000.7333333492279,1000.8352941274643,2000.2392156869173,2000.517647087574,2000.7137255072594,3000.309803932905,3001.0,145.63804931640624,153.63868408203126,158.84442596435548,163.00469055175782,166.88558959960938,170.78538513183594,175.23330688476562,181.63560485839844,197.68115234375,345.8955383300781,223.54247,1.0,test_data/Useful/Validation/Half inch at 1 ft/WhatsApp Image 2024-08-22 at 11.12.49 (1).jpeg,358.0,133.0,24.885498272415543
19,0.990000000000002,4.980000000000004,7.0,9.0,10.0,11.0,12.0,13.0,13.0,14.0,15.0,15.0,16.0,16.0,17.0,17.0,18.0,18.0,19.0,19.0,19.0,20.0,20.0,20.0,21.0,21.0,21.0,22.0,22.0,22.0,22.0,23.0,23.0,23.0,23.0,24.0,24.0,24.0,24.0,25.0,25.0,25.0,25.0,26.0,26.0,26.0,26.0,27.0,27.0,27.0,27.0,27.0,27.0,28.0,28.0,28.0,28.0,29.0,29.0,29.0,29.0,29.0,29.0,30.0,30.0,30.0,30.0,30.0,30.0,31.0,31.0,31.0,31.0,31.0,32.0,32.0,32.0,32.0,32.0,32.200000000000045,33.0,33.0,33.0,33.0,34.0,34.0,34.0,35.0,35.0,35.0,35.0,36.0,36.0,36.0,37.0,38.0,38.0,39.0,40.0,44.0,30.0,1000.3137255012989,1000.5098039507866,1000.6431372761726,1000.7411764860153,1000.8431372642517,2000.188235297799,2000.5490196347237,2000.7921568751335,3000.392156869173,3001.0,147.27220764160157,155.09732360839843,160.1559600830078,164.29258728027344,168.00984954833984,171.68028259277344,175.89056396484375,181.95228576660156,197.46990966796875,345.927001953125,223.81483,1.0,test_data/Useful/Validation/Half inch at 1 ft/WhatsApp Image 2024-08-22 at 11.12.49 (2).jpeg,345.0,142.0,32.74028711401317
20,0.0,3.0,5.0,7.0,9.0,10.0,11.0,12.0,13.0,14.0,14.0,15.0,16.0,16.0,17.0,18.0,18.0,18.0,19.0,19.0,20.0,20.0,20.0,21.0,21.0,21.0,22.0,22.0,22.0,22.0,23.0,23.0,23.0,23.0,24.0,24.0,24.0,24.0,25.0,25.0,25.0,25.0,26.0,26.0,26.0,26.0,26.0,27.0,27.0,27.0,27.0,27.480000000000018,28.0,28.0,28.0,28.0,28.0,29.0,29.0,29.0,29.0,29.0,29.0,30.0,30.0,30.0,30.0,30.0,31.0,31.0,31.0,31.0,31.0,32.0,32.0,32.0,32.0,33.0,33.0,33.0,33.0,34.0,34.0,34.0,34.0,34.0,35.0,35.0,35.0,36.0,36.0,36.0,37.0,37.0,37.0,38.0,39.0,39.0,41.0,45.0,29.0,1000.3176470696926,1000.5098039507866,1000.6392157077789,1000.7372549176216,1000.8470588326454,2000.2705882489681,2000.5372549295425,2000.7372549176216,3000.3215686380863,3001.0,146.3710174560547,154.30361938476562,159.4991455078125,163.62062072753906,167.49356079101562,171.3302764892578,175.74005126953125,181.87110900878906,197.7480926513672,345.8787536621094,223.47046,1.0,test_data/Useful/Validation/Half inch at 1 ft/WhatsApp Image 2024-08-22 at 11.12.49.jpeg,360.0,134.0,27.924233335430642
21,1.0,4.0,6.0,8.0,9.0,10.0,11.0,12.0,13.0,13.0,14.0,15.0,15.0,16.0,16.0,17.0,17.0,18.0,18.0,19.0,19.0,19.0,20.0,20.0,20.0,21.0,21.0,21.0,22.0,22.0,22.0,23.0,23.0,23.0,23.0,24.0,24.0,24.0,25.0,25.0,25.0,25.0,25.0,26.0,26.0,26.0,26.0,27.0,27.0,27.0,27.0,27.0,27.0,28.0,28.0,28.0,28.0,28.0,29.0,29.0,29.0,29.0,29.0,29.0,30.0,30.0,30.0,30.0,30.0,30.0,31.0,31.0,31.0,31.0,31.0,32.0,32.0,32.0,32.0,33.0,33.0,33.0,33.0,33.0,34.0,34.0,34.0,34.0,35.0,35.0,36.0,36.0,36.0,36.059999999999945,37.0,38.0,38.0,39.0,41.0,44.0,29.0,1000.3098039329052,1000.5058823823929,1000.6392157077789,1000.7372549176216,1000.8431372642517,2000.2196078449488,2000.5254902243614,2000.7411764860153,3000.341176480055,3001.0,146.56703186035156,154.36795349121093,159.54734954833984,163.7197998046875,167.53358459472656,171.3036346435547,175.56082153320312,181.67633056640625,197.53684997558594,345.8955383300781,223.83725,1.0,test_data/Useful/Validation/Half inch at 1 ft/WhatsApp Image 2024-08-22 at 11.12.50 (1).jpeg,372.0,162.0,27.985345557489808
22,1.0,4.0,6.0,7.0,9.0,10.0,12.0,13.0,13.0,14.0,14.0,15.0,16.0,16.0,17.0,17.0,18.0,18.0,19.0,19.0,19.0,20.0,20.0,20.0,21.0,21.0,21.0,22.0,22.0,22.0,23.0,23.0,23.0,23.0,24.0,24.0,24.0,24.0,25.0,25.0,25.0,25.0,25.0,26.0,26.0,26.0,26.0,26.0,26.0,27.0,27.0,27.0,27.0,27.0,28.0,28.0,28.0,28.0,28.0,29.0,29.0,29.0,29.0,30.0,30.0,30.0,30.0,30.0,30.0,31.0,31.0,31.0,31.0,31.0,32.0,32.0,32.0,32.0,32.0,33.0,33.0,33.0,33.0,34.0,34.0,34.0,34.0,35.0,35.0,35.0,36.0,36.0,36.0,37.0,37.0,38.0,39.0,40.0,41.0,47.0,31.0,1000.32549020648,1000.5254902243614,1000.65098041296,1000.7490196228027,1000.8588235378265,2000.2941176593304,2000.556862771511,2000.7490196228027,3000.337254911661,3001.0,145.5951385498047,153.5763366699219,158.79591369628906,163.00497436523438,166.8653106689453,170.75588989257812,175.15826416015625,181.53424072265625,197.8223876953125,345.9036865234375,223.90726,1.0,test_data/Useful/Validation/Half inch at 1 ft/WhatsApp Image 2024-08-22 at 11.12.50 (2).jpeg,349.0,146.0,31.633549861457205
23,1.0,4.0,7.0,9.0,10.0,11.0,12.0,13.0,14.0,14.0,15.0,16.0,16.0,17.0,17.0,17.0,18.0,18.0,19.0,19.0,19.0,20.0,20.0,20.0,21.0,21.0,22.0,22.0,22.0,22.0,23.0,23.0,23.0,24.0,24.0,24.0,24.0,25.0,25.0,25.0,25.0,26.0,26.0,26.0,26.0,26.0,27.0,27.0,27.0,27.0,27.0,28.0,28.0,28.0,28.0,28.0,29.0,29.0,29.0,29.0,29.0,29.0,30.0,30.0,30.0,30.0,30.0,31.0,31.0,31.0,31.0,31.0,32.0,32.0,32.0,32.0,32.0,33.0,33.0,33.0,33.0,34.0,34.0,34.0,34.0,34.0,35.0,35.0,35.0,36.0,36.0,36.0,37.0,37.0,38.0,38.0,39.0,39.01999999999998,41.0,45.0,29.0,1000.3176470696926,1000.517647087574,1000.65098041296,1000.7490196228027,1000.8470588326454,2000.258823543787,2000.5686274766922,2000.7882353067398,3000.3843137323856,3001.0,147.26434478759765,155.17232666015624,160.3371124267578,164.42506408691406,168.15914916992188,171.96873474121094,176.22923278808594,182.34603881835938,197.70538330078125,345.9183044433594,223.45741,1.0,test_data/Useful/Validation/Half inch at 1 ft/WhatsApp Image 2024-08-22 at 11.12.50.jpeg,342.0,154.0,36.71186055839021
24,0.0,3.0,6.0,8.0,9.0,10.0,11.0,12.0,13.0,14.0,14.0,15.0,16.0,16.0,17.0,17.0,18.0,18.0,19.0,19.0,20.0,20.0,20.0,20.0,21.0,21.0,21.0,22.0,22.0,22.0,23.0,23.0,23.0,23.0,24.0,24.0,24.0,24.0,25.0,25.0,25.0,25.0,26.0,26.0,26.0,26.0,26.0,27.0,27.0,27.0,27.0,27.0,28.0,28.0,28.0,28.0,28.0,28.0,29.0,29.0,29.0,29.0,29.0,30.0,30.0,30.0,30.0,30.0,30.0,31.0,31.0,31.0,31.0,32.0,32.0,32.0,32.0,33.0,33.0,33.0,33.0,33.0,34.0,34.0,34.0,34.0,35.0,35.0,35.0,35.0,36.0,36.0,36.0,37.0,37.0,37.0,38.0,39.0,40.0,46.0,30.0,1000.3294117748737,1000.5333333611488,1000.6666666865349,1000.7647058963776,1000.8745098114014,2000.3058823645115,2000.5764706134796,2000.7803921699524,3000.368627458811,3001.0,145.9420135498047,153.90158386230468,159.10116271972657,163.40240478515625,167.29247283935547,171.19522705078126,175.57108001708983,181.8697265625,197.7182159423828,345.9244079589844,223.6215,1.0,test_data/Useful/Validation/Half inch at 1 ft/WhatsApp Image 2024-08-22 at 11.12.51 (1).jpeg,348.0,137.0,30.470285097292972
25,0.0,2.0,4.969999999999999,7.0,8.0,10.0,11.0,11.920000000000016,12.909999999999997,13.0,14.0,14.0,15.0,16.0,16.0,17.0,17.0,18.0,18.0,18.0,19.0,19.0,19.0,20.0,20.0,20.0,21.0,21.0,21.0,22.0,22.0,22.0,22.0,23.0,23.0,23.0,24.0,24.0,24.0,24.0,25.0,25.0,25.0,25.0,25.0,26.0,26.0,26.0,26.0,26.0,27.0,27.0,27.0,27.0,27.0,28.0,28.0,28.0,28.0,28.0,29.0,29.0,29.0,29.0,29.0,29.0,30.0,30.0,30.0,30.0,31.0,31.0,31.0,31.0,31.0,32.0,32.0,32.0,32.0,33.0,33.0,33.0,33.0,33.159999999999854,34.0,34.0,34.0,35.0,35.0,35.0,35.0,36.0,36.0,36.0,37.0,37.0,38.0,39.0,40.0,45.0,29.0,1000.2980392277241,1000.4980392158031,1000.6313725709915,1000.7294117808342,1000.8274509906769,2000.215686276555,2000.5764706134796,2000.8156862854958,3000.3960784375668,3001.0,147.26260375976562,155.09242248535156,160.13931274414062,164.32006225585937,168.11522674560547,171.83217163085936,176.0329849243164,182.08676147460938,197.6112060546875,345.89825439453125,223.44499,1.0,test_data/Useful/Validation/Half inch at 1 ft/WhatsApp Image 2024-08-22 at 11.12.51 (2).jpeg,381.0,145.0,25.139422016058425
26,0.0,3.0,6.0,7.0,8.0,10.0,11.0,12.0,13.0,14.0,14.0,15.0,16.0,16.0,17.0,17.0,18.0,18.0,18.0,19.0,19.0,19.0,20.0,20.0,21.0,21.0,21.0,21.0,22.0,22.0,22.0,23.0,23.0,23.0,24.0,24.0,24.0,24.0,25.0,25.0,25.0,25.0,25.0,26.0,26.0,26.0,26.0,27.0,27.0,27.0,27.0,28.0,28.0,28.0,28.0,28.0,28.0,29.0,29.0,29.0,29.0,29.0,30.0,30.0,30.0,30.0,30.0,30.0,31.0,31.0,31.0,31.0,31.0,32.0,32.0,32.0,32.0,32.0,33.0,33.0,33.0,33.0,34.0,34.0,34.0,34.0,35.0,35.0,35.0,36.0,36.0,36.0,37.0,37.0,38.0,38.0,39.0,40.0,41.0,45.0,30.0,1000.3333333432674,1000.5333333611488,1000.6627451181412,1000.7568627595901,1000.8588235378265,2000.2627451121807,2000.5490196347237,2000.7529411911964,3000.341176480055,3001.0,146.5703125,154.63372802734375,159.8163604736328,163.99893188476562,167.7924346923828,171.65866088867188,175.96023559570312,182.0908416748047,197.811279296875,345.93902587890625,223.39954,1.0,test_data/Useful/Validation/Half inch at 1 ft/WhatsApp Image 2024-08-22 at 11.12.51.jpeg,328.0,117.0,28.512124829083596
27,1.0,3.0,5.969999999999999,7.0,9.0,10.0,11.0,12.0,13.0,14.0,14.0,15.0,15.0,16.0,16.849999999999966,17.0,17.0,18.0,18.0,18.0,19.0,19.0,20.0,20.0,20.0,21.0,21.0,21.0,22.0,22.0,22.0,22.680000000000064,23.0,23.0,23.0,24.0,24.0,24.0,24.0,25.0,25.0,25.0,25.0,26.0,26.0,26.0,26.0,26.0,27.0,27.0,27.0,27.0,27.0,27.0,28.0,28.0,28.0,28.0,28.0,29.0,29.0,29.0,29.0,29.0,30.0,30.0,30.0,30.0,30.0,31.0,31.0,31.0,31.0,31.0,32.0,32.0,32.0,32.0,32.0,33.0,33.0,33.0,33.0,34.0,34.0,34.0,34.0,35.0,35.0,35.0,36.0,36.0,37.0,37.0,37.0,38.0,39.0,39.0,41.0,45.0,27.0,1000.3058823645115,1000.5098039507866,1000.6470588445663,1000.745098054409,1000.8431372642517,2000.2235294133425,2000.5647059082985,2000.7921568751335,3000.376470595598,3001.0,147.66354370117188,155.4842987060547,160.59249420166014,164.74945983886718,168.5380859375,172.23770141601562,176.40853881835938,182.4549560546875,197.83090209960938,345.940673828125,223.26758,1.0,test_data/Useful/Validation/Half inch at 1 ft/WhatsApp Image 2024-08-22 at 11.12.52 (1).jpeg,380.0,137.0,26.933471103446596
28,0.0,3.0,6.0,7.0,8.0,9.0,10.0,11.0,12.0,13.0,14.0,15.0,16.0,16.0,17.0,17.0,18.0,18.0,19.0,19.0,20.0,20.0,20.0,21.0,21.0,21.0,22.0,22.0,22.0,22.0,23.0,23.0,23.0,24.0,24.0,24.0,24.0,24.0,25.0,25.0,25.0,25.0,26.0,26.0,26.0,26.0,26.0,27.0,27.0,27.0,27.0,27.0,28.0,28.0,28.0,28.0,28.0,29.0,29.0,29.0,29.0,29.0,29.0,30.0,30.0,30.0,30.0,31.0,31.0,31.0,31.0,31.0,32.0,32.0,32.0,32.0,32.0,33.0,33.0,33.0,33.0,33.0,34.0,34.0,34.0,34.0,35.0,35.0,35.0,36.0,36.0,36.0,37.0,37.0,37.0,38.0,38.0,39.0,41.0,44.0,29.0,1000.2980392277241,1000.4980392158031,1000.6352941393852,1000.7372549176216,1000.839215695858,2000.23137255013,2000.556862771511,2000.772549033165,3000.352941185236,3001.0,147.5521453857422,155.33792724609376,160.4674530029297,164.58071899414062,168.31651306152344,172.0086669921875,176.17291259765625,182.10769653320312,197.78466796875,345.9063415527344,223.44836,1.0,test_data/Useful/Validation/Half inch at 1 ft/WhatsApp Image 2024-08-22 at 11.12.52.jpeg,363.0,149.0,23.408595367581718
29,1.0,4.0,6.0,8.0,9.950000000000003,11.0,12.0,13.0,13.0,14.0,14.0,15.0,16.0,16.0,17.0,17.0,18.0,18.0,19.0,19.0,19.0,20.0,20.0,20.0,21.0,21.0,21.0,22.0,22.0,22.0,23.0,23.0,23.0,23.0,23.0,24.0,24.0,24.0,24.0,25.0,25.0,25.0,25.0,26.0,26.0,26.0,26.0,26.0,27.0,27.0,27.0,27.0,27.0,28.0,28.0,28.0,28.0,28.0,29.0,29.0,29.0,29.0,29.0,30.0,30.0,30.0,30.0,30.0,31.0,31.0,31.0,31.0,31.0,31.0,32.0,32.0,32.0,32.0,32.0,33.0,33.0,33.0,33.0,33.0,34.0,34.0,34.0,34.0,35.0,35.0,36.0,36.0,36.0,37.0,37.0,38.0,38.0,39.0,40.0,47.0,31.0,1000.2941176593304,1000.4901960790157,1000.6274510025978,1000.7294117808342,1000.8235294222832,2000.1333333402872,2000.517647087574,2000.7529411911964,3000.3450980484486,3001.0,147.44284057617188,155.2516326904297,160.41151428222656,164.558837890625,168.30162048339844,172.045654296875,176.18026733398438,182.15088806152346,197.59848022460938,345.904541015625,223.25317,1.0,test_data/Useful/Validation/Half inch at 1 ft/WhatsApp Image 2024-08-22 at 11.12.53 (1).jpeg,352.0,131.0,29.242070800194725
30,0.0,5.0,7.0,8.0,10.0,11.0,12.0,12.0,13.0,14.0,15.0,15.0,16.0,17.0,17.0,17.0,18.0,18.0,19.0,19.0,20.0,20.0,21.0,21.0,21.0,21.0,22.0,22.0,22.0,22.0,23.0,23.0,23.0,23.0,24.0,24.0,24.0,24.0,25.0,25.0,25.0,25.0,25.0,26.0,26.0,26.0,26.0,27.0,27.0,27.0,27.0,28.0,28.0,28.0,28.0,28.0,28.0,29.0,29.0,29.0,29.0,29.0,30.0,30.0,30.0,30.0,30.0,31.0,31.0,31.0,31.0,31.0,32.0,32.0,32.0,32.0,32.0,33.0,33.0,33.0,33.0,33.0,34.0,34.0,34.0,34.0,35.0,35.0,35.0,35.0,36.0,36.0,36.0,37.0,37.0,38.0,39.0,39.0,41.0,45.0,28.0,1000.2980392277241,1000.4941176474094,1000.6235294342041,1000.7215686440468,1000.811764717102,2000.074509806931,2000.5098039507866,2000.7568627595901,3000.3607843220234,3001.0,146.260986328125,154.20370483398438,159.45460510253906,163.65673828125,167.47244262695312,171.27572021484374,175.6621536254883,181.91211853027343,197.6925506591797,345.9097900390625,223.52798,1.0,test_data/Useful/Validation/Half inch at 1 ft/WhatsApp Image 2024-08-22 at 11.12.53 (2).jpeg,346.0,133.0,26.812618501177738
31,1.0,4.0,6.0,8.0,9.0,11.0,12.0,12.0,13.0,14.0,15.0,15.0,16.0,16.0,17.0,17.0,18.0,18.0,18.0,19.0,19.0,19.0,20.0,20.0,21.0,21.0,21.0,22.0,22.0,22.0,22.0,23.0,23.0,23.0,23.0,23.0,24.0,24.0,24.0,24.0,25.0,25.0,25.0,25.0,26.0,26.0,26.0,26.0,26.0,27.0,27.0,27.0,27.0,28.0,28.0,28.0,28.0,28.0,28.0,29.0,29.0,29.0,29.0,29.0,30.0,30.0,30.0,30.0,30.309999999999945,31.0,31.0,31.0,31.0,31.0,32.0,32.0,32.0,32.0,32.0,33.0,33.0,33.0,33.0,34.0,34.0,34.0,35.0,35.0,35.0,36.0,36.0,36.0,36.0,37.0,37.0,38.0,38.0,39.0,40.0,47.0,28.0,1000.2901960909367,1000.4941176474094,1000.6313725709915,1000.7333333492279,1000.8274509906769,2000.1411764770746,2000.5490196347237,2000.7882353067398,3000.3725490272045,3001.0,147.69225311279297,155.55755920410155,160.56620178222656,164.68432006835937,168.36957550048828,172.12021179199218,176.36557006835938,182.2990264892578,197.91250610351562,345.9267578125,223.43234,1.0,test_data/Useful/Validation/Half inch at 1 ft/WhatsApp Image 2024-08-22 at 11.12.53.jpeg,357.0,136.0,35.52816553853227
32,1.0,4.0,6.0,8.0,10.0,11.0,12.0,13.0,13.909999999999997,14.0,15.0,15.0,16.0,16.0,17.0,17.0,17.0,18.0,18.0,19.0,19.0,19.0,20.0,20.0,20.0,21.0,21.0,21.0,21.0,22.0,22.0,22.0,23.0,23.0,23.0,23.0,23.629999999999995,24.0,24.0,24.0,25.0,25.0,25.0,25.0,25.0,26.0,26.0,26.0,26.0,27.0,27.0,27.0,27.0,27.0,28.0,28.0,28.0,28.0,28.0,29.0,29.0,29.0,29.0,29.0,30.0,30.0,30.0,30.0,30.0,31.0,31.0,31.0,31.0,31.25999999999999,32.0,32.0,32.0,32.0,33.0,33.0,33.0,33.0,34.0,34.0,34.0,34.0,35.0,35.0,35.0,36.0,36.0,36.0,36.0,37.0,37.0,38.0,39.0,39.0,41.0,48.0,30.0,1000.32549020648,1000.5294117927551,1000.6627451181412,1000.7607843279839,1000.866666674614,2000.2901960909367,2000.5764706134796,2000.784313738346,3000.3725490272045,3001.0,147.36224060058595,155.16195678710938,160.3294219970703,164.41525268554688,168.181396484375,171.92550659179688,176.15692138671875,182.22250366210938,197.9591064453125,345.93585205078125,223.5421,1.0,test_data/Useful/Validation/Half inch at 1 ft/WhatsApp Image 2024-08-22 at 11.12.54 (1).jpeg,354.0,131.0,28.44365001972502
33,1.0,5.0,6.0,8.0,10.0,11.0,12.0,13.0,13.0,14.0,15.0,15.0,16.0,16.0,17.0,17.0,18.0,18.0,19.0,19.0,20.0,20.0,20.0,20.0,21.0,21.0,21.0,22.0,22.0,22.0,23.0,23.0,23.0,23.0,24.0,24.0,24.0,24.0,24.0,25.0,25.0,25.0,25.0,25.0,26.0,26.0,26.0,26.0,27.0,27.0,27.0,27.0,28.0,28.0,28.0,28.0,28.0,29.0,29.0,29.0,29.0,29.0,30.0,30.0,30.0,30.0,30.0,31.0,31.0,31.0,31.0,31.0,31.0,32.0,32.0,32.0,32.0,32.0,32.0,33.0,33.0,33.0,33.0,34.0,34.0,34.0,34.0,35.0,35.0,35.0,36.0,36.0,36.0,37.0,37.0,38.0,38.0,40.0,41.0,45.0,31.0,1000.3098039329052,1000.5137255191803,1000.65098041296,1000.7529411911964,1000.8588235378265,2000.2705882489681,2000.5686274766922,2000.7803921699524,3000.364705890417,3001.0,147.31531677246093,155.18646545410158,160.33224487304688,164.44186401367188,168.18643188476562,171.87759399414062,176.12496948242188,182.13052368164062,197.5550079345703,345.92242431640625,223.42888,1.0,test_data/Useful/Validation/Half inch at 1 ft/WhatsApp Image 2024-08-22 at 11.12.54 (2).jpeg,353.0,143.0,26.713858000939645
34,1.0,5.0,6.0,9.0,10.0,11.0,12.0,13.0,14.0,14.0,15.0,15.0,16.0,16.0,17.0,17.0,18.0,18.0,19.0,19.0,19.0,20.0,20.0,21.0,21.0,21.0,22.0,22.0,22.0,22.0,23.0,23.0,23.0,23.0,24.0,24.0,24.0,24.0,25.0,25.0,25.0,25.0,25.0,26.0,26.0,26.0,26.0,27.0,27.0,27.0,27.0,27.0,28.0,28.0,28.0,28.0,28.0,28.0,29.0,29.0,29.0,29.0,29.0,30.0,30.0,30.0,30.0,30.0,31.0,31.0,31.0,31.0,31.0,32.0,32.0,32.0,32.0,32.0,33.0,33.0,33.0,33.0,33.0,34.0,34.0,34.0,34.0,35.0,35.0,35.0,36.0,36.0,36.0,37.0,37.0,38.0,38.0,39.0,40.0,45.0,28.0,1000.2901960909367,1000.486274510622,1000.6235294342041,1000.7254902124405,1000.8235294222832,2000.2000000029802,2000.54509806633,2000.772549033165,3000.3568627536297,3001.0,147.16248321533203,154.97542114257814,160.08877563476562,164.23516235351562,168.00448608398438,171.79339599609375,175.98248291015625,181.9773712158203,197.7407684326172,345.8746032714844,223.39359,1.0,test_data/Useful/Validation/Half inch at 1 ft/WhatsApp Image 2024-08-22 at 11.12.54.jpeg,343.0,126.0,34.245581255631926
35,0.0,2.980000000000004,5.0,7.0,9.0,10.0,12.0,13.0,14.0,14.0,15.0,16.0,16.0,17.0,17.0,18.0,18.0,18.0,19.0,19.0,20.0,20.0,20.0,21.0,21.0,21.0,22.0,22.0,22.0,23.0,23.0,23.0,23.0,24.0,24.0,24.0,24.0,25.0,25.0,25.0,25.0,25.0,26.0,26.0,26.0,26.0,27.0,27.0,27.0,27.0,27.0,28.0,28.0,28.0,28.0,28.0,29.0,29.0,29.0,29.0,29.0,29.0,30.0,30.0,30.0,30.0,30.0,30.0,31.0,31.0,31.0,31.0,31.0,32.0,32.0,32.0,32.0,32.0,33.0,33.0,33.0,33.0,33.0,34.0,34.0,34.0,34.0,35.0,35.0,35.0,36.0,36.0,36.0,37.0,37.0,38.0,38.0,39.0,40.0,44.0,29.0,1000.3098039329052,1000.5098039507866,1000.6470588445663,1000.745098054409,1000.8431372642517,2000.2549019753933,2000.5647059082985,2000.784313738346,3000.376470595598,3001.0,147.1563217163086,155.021728515625,160.11099243164062,164.2904510498047,168.057861328125,171.86734008789062,176.14871215820312,182.17543029785156,197.84437561035156,345.9002990722656,223.42178,1.0,test_data/Useful/Validation/Half inch at 1 ft/WhatsApp Image 2024-08-22 at 11.12.55 (1).jpeg,376.0,163.0,29.75035659919122
36,0.0,3.0,5.969999999999999,8.0,9.0,11.0,12.0,13.0,14.0,14.0,15.0,16.0,16.0,17.0,17.0,18.0,18.0,18.0,19.0,19.0,19.0,20.0,20.0,21.0,21.0,21.0,21.0,22.0,22.0,22.0,23.0,23.0,23.0,23.0,23.0,24.0,24.0,24.0,24.0,25.0,25.0,25.0,25.0,25.0,26.0,26.0,26.0,26.0,27.0,27.0,27.0,27.0,27.0,28.0,28.0,28.0,28.0,28.0,29.0,29.0,29.0,29.0,29.0,30.0,30.0,30.0,30.0,30.0,31.0,31.0,31.0,31.0,31.0,32.0,32.0,32.0,32.0,32.0,33.0,33.0,33.0,33.0,33.0,34.0,34.0,34.0,34.0,35.0,35.0,35.0,36.0,36.0,36.0,37.0,37.0,38.0,38.0,39.0,40.0,46.0,30.0,1000.3294117748737,1000.5411764979362,1000.6745098233223,1000.772549033165,1000.8823529481888,2000.3176470696926,2000.6039215922356,2000.8196078538895,3000.4000000059605,3001.0,147.15093994140625,155.0078125,160.2113037109375,164.34982604980468,168.08143615722656,171.83778076171873,176.0662628173828,182.08951416015626,197.9222412109375,345.94683837890625,223.33604,1.0,test_data/Useful/Validation/Half inch at 1 ft/WhatsApp Image 2024-08-22 at 11.12.55 (2).jpeg,345.0,141.0,26.09052172786712
37,3.990000000000002,6.0,7.0,9.0,11.0,11.0,12.0,13.0,14.0,14.0,15.0,16.0,16.0,17.0,17.0,18.0,18.0,19.0,19.0,19.0,20.0,20.0,20.0,21.0,21.0,21.0,22.0,22.0,22.0,22.0,23.0,23.0,23.0,24.0,24.0,24.0,24.0,24.0,25.0,25.0,25.0,25.0,25.0,26.0,26.0,26.0,26.0,26.0,27.0,27.0,27.0,27.0,27.0,28.0,28.0,28.0,28.0,28.0,29.0,29.0,29.0,29.0,29.0,30.0,30.0,30.0,30.0,30.0,31.0,31.0,31.0,31.0,31.0,32.0,32.0,32.0,32.0,32.0,32.0,33.0,33.0,33.0,33.0,34.0,34.0,34.0,34.0,35.0,35.0,35.0,35.090000000000146,36.0,36.0,37.0,37.0,38.0,38.029999999999745,39.0,40.0,44.0,30.0,1000.3058823645115,1000.5058823823929,1000.6431372761726,1000.7411764860153,1000.8352941274643,2000.137254908681,2000.5607843399048,2000.8470588326454,3000.4235294163227,3001.0,146.6164566040039,154.56458740234376,159.66845703125,163.9039337158203,167.67693328857422,171.46880493164062,175.76688690185546,181.90337524414065,197.82516479492188,345.94317626953125,223.64677,1.0,test_data/Useful/Validation/Half inch at 1 ft/WhatsApp Image 2024-08-22 at 11.12.55.jpeg,351.0,134.0,23.873119080733364
38,0.990000000000002,3.0,6.0,8.0,9.0,10.0,11.0,12.0,13.0,14.0,14.0,15.0,15.0,16.0,16.0,17.0,18.0,18.0,18.0,19.0,19.0,20.0,20.0,20.0,21.0,21.0,21.0,22.0,22.0,22.0,23.0,23.0,23.0,23.0,24.0,24.0,24.0,24.0,24.0,25.0,25.0,25.0,25.0,25.0,26.0,26.0,26.0,26.0,26.0,27.0,27.0,27.0,27.0,28.0,28.0,28.0,28.0,28.0,28.0,29.0,29.0,29.0,29.0,29.0,30.0,30.0,30.0,30.0,30.0,31.0,31.0,31.0,31.0,31.0,31.0,32.0,32.0,32.0,32.0,33.0,33.0,33.0,33.0,33.0,34.0,34.0,34.0,34.0,35.0,35.0,35.0,36.0,36.0,36.0,37.0,37.0,38.0,39.0,41.0,45.0,28.0,1000.3333333432674,1000.5411764979362,1000.6745098233223,1000.7686274647713,1000.8705882430077,2000.298039227724,2000.6000000238419,2000.8196078538895,3000.403921574354,3001.0,146.19823608398437,154.22908935546874,159.46869506835938,163.6296630859375,167.4358673095703,171.31124572753907,175.70138549804688,181.9764404296875,197.85153198242188,345.9505615234375,223.60583,1.0,test_data/Useful/Validation/Half inch at 1 ft/WhatsApp Image 2024-08-22 at 11.12.56 (1).jpeg,349.0,138.0,29.25351342589766
39,1.0,5.0,7.0,9.0,10.0,11.0,12.0,13.0,13.0,14.0,15.0,15.0,16.0,16.0,17.0,17.0,17.83000000000004,18.0,19.0,19.0,19.0,20.0,20.0,20.0,21.0,21.0,21.730000000000018,22.0,22.0,22.0,23.0,23.0,23.0,23.0,24.0,24.0,24.0,24.620000000000005,25.0,25.0,25.0,25.0,26.0,26.0,26.0,26.0,26.0,26.0,27.0,27.0,27.0,27.0,27.0,28.0,28.0,28.0,28.0,28.0,28.0,29.0,29.0,29.0,29.0,30.0,30.0,30.0,30.0,30.0,31.0,31.0,31.0,31.0,31.0,32.0,32.0,32.0,32.0,32.0,32.0,33.0,33.0,33.0,33.0,33.0,34.0,34.0,34.0,35.0,35.0,35.0,36.0,36.0,36.0,37.0,37.0,38.0,38.0,40.0,41.0,47.0,32.0,1000.3098039329052,1000.517647087574,1000.6549019813538,1000.7529411911964,1000.8470588326454,2000.1921568661928,2000.556862771511,2000.800000011921,3000.392156869173,3001.0,147.24957122802735,155.10626220703125,160.24519958496094,164.36929321289062,168.08377838134766,171.82960510253906,176.06346130371094,182.09703063964844,197.6671600341797,345.94573974609375,223.49219,1.0,test_data/Useful/Validation/Half inch at 1 ft/WhatsApp Image 2024-08-22 at 11.12.56 (2).jpeg,321.0,126.0,30.91735142501746
40,0.0,3.0,5.0,7.0,9.0,11.0,12.0,13.0,14.0,14.0,15.0,16.0,16.0,17.0,17.0,18.0,18.0,19.0,19.0,19.0,20.0,20.0,20.0,21.0,21.0,22.0,22.0,22.0,23.0,23.0,23.0,23.0,24.0,24.0,24.0,24.0,24.0,25.0,25.0,25.0,25.0,25.0,26.0,26.0,26.0,26.0,26.0,26.0,27.0,27.0,27.0,27.0,28.0,28.0,28.0,28.0,28.0,28.0,29.0,29.0,29.0,29.0,29.0,29.0,30.0,30.0,30.0,30.0,30.0,31.0,31.0,31.0,31.0,31.0,32.0,32.0,32.0,32.0,32.0,33.0,33.0,33.0,33.0,33.0,34.0,34.0,34.0,34.0,35.0,35.0,35.0,35.0,36.0,36.0,37.0,37.0,38.0,39.0,40.0,46.0,28.0,1000.3607843220234,1000.5725490450859,1000.7098039388657,1000.8196078538895,2000.1254902034998,2000.4156862795353,2000.6313725709915,2000.8627451062202,3000.392156869173,3001.0,145.1536865234375,153.13336181640625,158.36119079589844,162.71188354492188,166.70318603515625,170.74005126953125,175.2909698486328,181.8062316894531,198.20106506347656,345.83013916015625,223.92976,1.0,test_data/Useful/Validation/Half inch at 1 ft/WhatsApp Image 2024-08-22 at 11.13.00 (1).jpeg,357.0,142.0,32.83078879764592
41,0.0,2.0,5.0,7.960000000000008,9.0,10.0,11.0,12.0,13.0,13.0,14.0,15.0,15.0,16.0,17.0,17.0,18.0,18.0,18.0,19.0,19.0,19.0,20.0,20.0,21.0,21.0,21.0,22.0,22.0,22.0,23.0,23.0,23.0,24.0,24.0,24.0,24.0,24.620000000000005,25.0,25.0,25.0,25.0,25.0,26.0,26.0,26.0,26.0,27.0,27.0,27.0,27.0,27.0,28.0,28.0,28.0,28.0,28.0,28.0,29.0,29.0,29.0,29.0,29.0,30.0,30.0,30.0,30.0,30.0,30.0,31.0,31.0,31.0,31.0,32.0,32.0,32.0,32.0,32.0,33.0,33.0,33.0,33.0,33.0,34.0,34.0,34.0,35.0,35.0,35.0,36.0,36.0,36.0,37.0,37.0,37.0,38.0,39.0,39.0,40.0,47.0,28.0,1000.3607843220234,1000.5647059082985,1000.6980392336845,1000.8039215803146,2000.0941176488996,2000.4039215743542,2000.6156862974167,2000.8313725590706,3000.380392163992,3001.0,144.73877868652343,152.7974090576172,158.05946350097656,162.42001342773438,166.42472076416016,170.4684814453125,174.94152221679687,181.529296875,198.32566833496094,345.83477783203125,224.03511,1.0,test_data/Useful/Validation/Half inch at 1 ft/WhatsApp Image 2024-08-22 at 11.13.00 (2).jpeg,372.0,143.0,33.48374751784812
42,0.0,3.980000000000004,5.0,7.0,8.0,9.0,10.0,12.0,13.0,14.0,15.0,15.0,16.0,17.0,17.0,18.0,18.0,18.819999999999993,19.0,19.0,19.0,20.0,20.0,21.0,21.0,21.0,21.0,22.0,22.0,22.0,22.0,23.0,23.0,23.0,23.0,24.0,24.0,24.0,24.0,25.0,25.0,25.0,25.0,26.0,26.0,26.0,26.0,26.0,27.0,27.0,27.0,27.0,27.0,27.0,28.0,28.0,28.0,28.0,29.0,29.0,29.0,29.0,29.0,30.0,30.0,30.0,30.0,30.0,30.0,31.0,31.0,31.0,31.0,31.0,32.0,32.0,32.0,32.0,32.0,33.0,33.0,33.0,33.0,33.0,34.0,34.0,34.0,35.0,35.0,35.0,36.0,36.0,36.0,37.0,37.0,38.0,38.0,39.0,41.0,47.0,30.0,1000.3568627536297,1000.5725490450859,1000.7137255072594,1000.8274509906769,2000.1450980454683,2000.4313725531101,2000.65098041296,3000.0156862754375,3000.407843142748,3001.0,146.3487548828125,154.46539611816405,159.65070495605468,163.88097534179687,167.67809295654297,171.50433654785155,175.83931884765624,182.0599792480469,198.10928344726562,345.82183837890625,223.63464,1.0,test_data/Useful/Validation/Half inch at 1 ft/WhatsApp Image 2024-08-22 at 11.13.00.jpeg,362.0,131.0,31.151540520115017
43,0.0,4.0,5.969999999999999,8.0,9.0,10.0,12.0,13.0,13.0,14.0,15.0,15.0,16.0,16.0,17.0,18.0,18.0,18.0,19.0,19.0,20.0,20.0,20.0,21.0,21.0,21.0,22.0,22.0,22.0,22.0,23.0,23.0,23.0,23.0,24.0,24.0,24.0,24.0,25.0,25.0,25.0,25.0,26.0,26.0,26.0,26.0,26.0,27.0,27.0,27.0,27.0,27.0,28.0,28.0,28.0,28.0,28.0,29.0,29.0,29.0,29.0,29.0,29.0,30.0,30.0,30.0,30.0,30.0,31.0,31.0,31.0,31.0,31.0,32.0,32.0,32.0,32.0,32.0,33.0,33.0,33.0,33.0,33.0,34.0,34.0,34.0,34.0,35.0,35.0,35.0,36.0,36.0,36.0,37.0,37.0,38.0,38.029999999999745,39.0,41.0,44.0,29.0,1000.3450980484486,1000.5568627715111,1000.7019608020782,1000.8156862854958,2000.0980392172933,2000.4000000059605,2000.611764729023,2000.8274509906769,3000.3725490272045,3001.0,147.01788330078125,154.94189453125,160.16004486083983,164.35394592285155,168.13009643554688,171.93775329589843,176.235090637207,182.34088134765625,198.2154083251953,345.8204650878906,223.60336,1.0,test_data/Useful/Validation/Half inch at 1 ft/WhatsApp Image 2024-08-22 at 11.13.01 (1).jpeg,357.0,135.0,29.086196823382785
44,0.0,4.0,6.0,7.0,9.0,10.0,11.0,12.0,13.0,13.0,14.0,15.0,15.0,16.0,17.0,17.0,17.83000000000004,18.0,18.0,19.0,19.0,19.0,20.0,20.0,21.0,21.0,21.0,22.0,22.0,22.0,23.0,23.0,23.0,23.0,24.0,24.0,24.0,24.0,25.0,25.0,25.0,25.0,25.0,26.0,26.0,26.0,26.0,26.0,27.0,27.0,27.0,27.0,27.0,27.0,28.0,28.0,28.0,28.0,28.0,29.0,29.0,29.0,29.0,29.0,29.0,30.0,30.0,30.0,30.0,30.0,31.0,31.0,31.0,31.0,31.0,32.0,32.0,32.0,32.0,32.0,33.0,33.0,33.0,33.0,33.0,34.0,34.0,34.0,35.0,35.0,35.0,36.0,36.0,36.0,37.0,38.0,38.0,39.0,40.0,46.0,30.0,1000.3333333432674,1000.5333333611488,1000.6705882549286,1000.7764706015587,1000.9254902005196,2000.3333333432674,2000.5607843399048,2000.7882353067398,3000.3607843220234,3001.0,144.35184326171876,152.45428161621095,157.71404724121095,161.98988037109376,166.00128936767578,170.04638671875,174.44671630859375,181.03158569335938,198.0515899658203,345.80462646484375,224.38173,1.0,test_data/Useful/Validation/Half inch at 1 ft/WhatsApp Image 2024-08-22 at 11.13.01.jpeg,339.0,125.0,32.843699853605315
45,0.0,4.0,6.969999999999999,8.0,10.0,10.0,11.0,12.0,13.0,13.0,14.0,15.0,15.0,16.0,16.0,17.0,17.0,18.0,18.0,19.0,19.0,19.779999999999973,20.0,20.0,21.0,21.0,21.0,22.0,22.0,22.0,22.0,23.0,23.0,23.0,24.0,24.0,24.0,24.0,24.0,25.0,25.0,25.0,25.0,26.0,26.0,26.0,26.0,26.0,27.0,27.0,27.0,27.0,28.0,28.0,28.0,28.0,28.0,28.0,29.0,29.0,29.0,29.0,29.0,30.0,30.0,30.0,30.0,30.0,31.0,31.0,31.0,31.0,31.0,32.0,32.0,32.0,32.0,32.0,33.0,33.0,33.0,33.0,33.0,34.0,34.0,34.0,34.0,35.0,35.0,35.0,36.0,36.0,36.0,37.0,37.0,38.0,38.0,39.0,40.0,45.0,29.0,1000.3411764800549,1000.54509806633,1000.6823529601097,1000.7921568751335,1000.9882352948189,2000.3568627536297,2000.584313750267,2000.8156862854958,3000.376470595598,3001.0,146.2630813598633,154.20734252929688,159.37534942626954,163.64249267578126,167.45223999023438,171.36973266601564,175.72163085937498,182.0876892089844,198.07266235351562,345.81390380859375,223.78278,1.0,test_data/Useful/Validation/Half inch at 1 ft/WhatsApp Image 2024-08-22 at 11.13.02 (1).jpeg,346.0,126.0,33.68023228643159
46,2.0,5.0,7.0,8.960000000000008,10.0,12.0,12.0,13.0,14.0,15.0,15.0,16.0,16.0,17.0,17.0,18.0,18.0,19.0,19.0,19.0,20.0,20.0,20.0,21.0,21.0,22.0,22.0,22.0,22.0,23.0,23.0,23.0,24.0,24.0,24.0,24.0,24.0,25.0,25.0,25.0,25.0,25.0,26.0,26.0,26.0,26.0,27.0,27.0,27.0,27.0,27.0,27.0,28.0,28.0,28.0,28.0,29.0,29.0,29.0,29.0,29.0,30.0,30.0,30.0,30.0,30.0,30.0,31.0,31.0,31.0,31.0,31.0,32.0,32.0,32.0,32.0,32.0,33.0,33.0,33.0,33.0,33.0,34.0,34.0,34.0,34.0,35.0,35.0,35.0,35.0,36.0,36.0,36.0,37.0,37.0,38.0,38.0,39.0,40.0,45.0,30.0,1000.3568627536297,1000.5764706134796,1000.7176470756531,1000.8313725590706,2000.1215686276555,2000.4352941215038,2000.6549019813538,2000.9176470637321,3000.4117647111416,3001.0,147.16673126220704,155.01463012695314,160.12802124023438,164.31179504394532,168.10504150390625,171.92562255859374,176.31797790527344,182.43246459960938,198.34169006347656,345.8642883300781,223.3591,1.0,test_data/Useful/Validation/Half inch at 1 ft/WhatsApp Image 2024-08-22 at 11.13.02 (2).jpeg,356.0,140.0,27.808186375449058
47,1.0,4.0,7.0,8.0,10.0,11.0,12.0,13.0,13.0,14.0,15.0,15.0,16.0,16.0,17.0,17.0,18.0,18.0,18.0,19.0,19.0,20.0,20.0,21.0,21.0,21.0,22.0,22.0,22.0,22.0,23.0,23.0,23.0,23.0,23.649999999999977,24.0,24.0,24.0,24.0,25.0,25.0,25.0,25.0,26.0,26.0,26.0,26.0,27.0,27.0,27.0,27.0,27.0,28.0,28.0,28.0,28.0,28.0,28.0,29.0,29.0,29.0,29.0,29.0,29.0,30.0,30.0,30.0,30.0,31.0,31.0,31.0,31.0,31.0,31.0,32.0,32.0,32.0,32.0,32.0,33.0,33.0,33.0,33.0,34.0,34.0,34.0,34.0,35.0,35.0,35.0,36.0,36.0,36.0,37.0,37.0,38.0,39.0,39.0,41.0,44.0,31.0,1000.3607843220234,1000.5725490450859,1000.7098039388657,1000.8235294222832,2000.1568627506495,2000.4078431427479,2000.611764729023,2000.8156862854958,3000.368627458811,3001.0,146.55831909179688,154.42813110351562,159.59649658203125,163.82102966308594,167.68508911132812,171.55731201171875,175.9002685546875,182.0529541015625,197.98007202148438,345.8037109375,223.69345,1.0,test_data/Useful/Validation/Half inch at 1 ft/WhatsApp Image 2024-08-22 at 11.13.02.jpeg,337.0,113.0,29.482913269161518
48,1.0,4.0,6.0,8.0,10.0,11.0,12.0,13.0,14.0,14.0,15.0,16.0,16.0,17.0,17.0,17.0,18.0,18.0,19.0,19.0,19.0,20.0,20.0,21.0,21.0,21.0,21.0,22.0,22.0,22.0,23.0,23.0,23.0,24.0,24.0,24.0,24.0,25.0,25.0,25.0,25.0,25.0,26.0,26.0,26.0,26.0,26.0,27.0,27.0,27.0,27.0,27.0,28.0,28.0,28.0,28.0,28.0,29.0,29.0,29.0,29.0,29.0,29.0,30.0,30.0,30.0,30.0,30.0,31.0,31.0,31.0,31.0,31.0,32.0,32.0,32.0,32.0,32.0,33.0,33.0,33.0,33.0,33.0,34.0,34.0,34.0,34.0,35.0,35.0,35.0,36.0,36.0,36.0,37.0,37.0,38.0,38.029999999999745,39.0,41.0,45.0,29.0,1000.3843137323856,1000.5960784554482,1000.7333333492279,1000.8470588326454,2000.2000000029802,2000.447058826685,2000.6470588445663,2000.8588235378265,3000.4000000059605,3001.0,145.9846649169922,153.9928985595703,159.22390594482422,163.4153076171875,167.3234405517578,171.2168426513672,175.66458129882812,182.06588745117188,198.37353515625,345.85174560546875,223.75505,1.0,test_data/Useful/Validation/Half inch at 1 ft/WhatsApp Image 2024-08-22 at 11.13.03 (1).jpeg,352.0,140.0,27.918592774591932
49,2.0,5.0,7.0,9.0,10.0,11.939999999999998,13.0,13.0,14.0,15.0,16.0,16.0,17.0,17.0,18.0,18.0,19.0,19.0,19.0,20.0,20.0,20.0,21.0,21.0,21.0,21.0,22.0,22.0,22.0,23.0,23.0,23.0,23.0,24.0,24.0,24.0,24.0,25.0,25.0,25.0,25.0,25.0,26.0,26.0,26.0,26.0,26.0,27.0,27.0,27.0,27.0,27.0,28.0,28.0,28.0,28.0,28.0,29.0,29.0,29.0,29.0,29.0,30.0,30.0,30.0,30.0,30.0,30.0,30.0,31.0,31.0,31.0,31.0,31.0,32.0,32.0,32.0,32.0,32.0,33.0,33.0,33.0,33.0,34.0,34.0,34.0,34.0,35.0,35.0,35.0,35.0,36.0,36.0,37.0,37.0,38.0,38.0,39.0,40.00999999999976,46.0,30.0,1000.3686274588108,1000.5803921818733,1000.7137255072594,1000.8313725590706,2000.1843137294054,2000.419607847929,2000.6196078658104,2000.8313725590706,3000.3725490272045,3001.0,145.3001235961914,153.15408325195312,158.46795654296875,162.7276611328125,166.60874938964844,170.56565856933594,174.97262573242188,181.33895874023438,198.05877685546875,345.7935791015625,224.1491,1.0,test_data/Useful/Validation/Half inch at 1 ft/WhatsApp Image 2024-08-22 at 11.13.03 (2).jpeg,326.0,123.0,28.12516216330346
50,0.0,2.0,5.0,7.0,8.0,9.0,11.0,12.0,13.0,14.0,15.0,16.0,16.0,16.0,17.0,17.0,18.0,18.0,18.810000000000002,19.0,19.0,20.0,20.0,21.0,21.0,21.0,22.0,22.0,22.0,22.0,23.0,23.0,23.0,23.0,24.0,24.0,24.0,24.0,25.0,25.0,25.0,25.0,26.0,26.0,26.0,26.0,26.0,27.0,27.0,27.0,27.0,28.0,28.0,28.0,28.0,28.0,28.0,29.0,29.0,29.0,29.0,29.0,29.0,30.0,30.0,30.0,30.0,30.0,31.0,31.0,31.0,31.0,31.0,31.0,32.0,32.0,32.0,32.0,32.0,33.0,33.0,33.0,33.0,33.0,34.0,34.0,34.0,34.0,35.0,35.0,35.0,36.0,36.0,36.0,37.0,37.039999999999964,38.0,39.0,41.0,44.0,28.0,1000.3725490272045,1000.584313750267,1000.7215686440468,1000.8352941274643,2000.176470592618,2000.4431372582912,2000.6470588445663,2000.89411765337,3000.403921574354,3001.0,145.889404296875,153.96722106933595,159.2420425415039,163.51259155273436,167.3655242919922,171.247216796875,175.65053100585936,182.0345703125,198.31422424316406,345.83221435546875,223.87463,1.0,test_data/Useful/Validation/Half inch at 1 ft/WhatsApp Image 2024-08-22 at 11.13.03.jpeg,357.0,134.0,31.184042013372697
51,1.990000000000002,5.0,7.0,8.0,10.0,11.0,12.0,13.0,13.0,14.0,15.0,15.0,16.0,17.0,17.0,18.0,18.0,18.0,19.0,19.0,20.0,20.0,20.0,21.0,21.0,22.0,22.0,22.0,22.0,23.0,23.0,23.0,23.0,24.0,24.0,24.0,24.0,25.0,25.0,25.0,25.0,25.0,26.0,26.0,26.0,26.0,27.0,27.0,27.0,27.0,27.0,28.0,28.0,28.0,28.0,28.0,28.0,29.0,29.0,29.0,29.0,29.0,29.0,30.0,30.0,30.0,30.0,30.0,31.0,31.0,31.0,31.0,31.0,31.0,32.0,32.0,32.0,32.0,32.0,33.0,33.0,33.0,33.0,33.0,34.0,34.0,34.0,35.0,35.0,35.0,35.0,36.0,36.0,36.0,37.0,37.0,38.0,39.0,40.0,45.0,29.0,1000.3843137323856,1000.5960784554482,1000.7294117808342,1000.8509804010391,2000.215686276555,2000.4431372582912,2000.639215707779,2000.8431372642517,3000.3843137323856,3001.0,144.5882080078125,152.64580688476562,157.98220520019532,162.3545349121094,166.3075714111328,170.35147094726562,174.93413543701172,181.39288330078125,198.32186889648438,345.82635498046875,224.12447,1.0,test_data/Useful/Validation/Half inch at 1 ft/WhatsApp Image 2024-08-22 at 11.13.04 (1).jpeg,358.0,141.0,29.267108066326138
52,1.0,4.0,6.0,8.0,9.0,11.0,12.0,13.0,13.0,14.0,15.0,16.0,16.0,17.0,18.0,18.0,19.0,19.0,19.0,20.0,20.0,20.0,21.0,21.0,21.0,22.0,22.0,22.0,22.0,23.0,23.0,23.0,23.0,24.0,24.0,24.0,24.0,25.0,25.0,25.0,25.0,26.0,26.0,26.0,26.0,27.0,27.0,27.0,27.0,27.0,28.0,28.0,28.0,28.0,28.0,28.0,29.0,29.0,29.0,29.0,29.0,29.0,30.0,30.0,30.0,30.0,30.0,31.0,31.0,31.0,31.0,31.0,31.0,32.0,32.0,32.0,32.0,33.0,33.0,33.0,33.0,33.0,34.0,34.0,34.0,34.0,35.0,35.0,35.0,36.0,36.0,36.0,37.0,37.0,37.0,38.0,38.0,39.0,41.0,44.0,28.0,1000.3294117748737,1000.5411764979362,1000.6862745285034,1000.8000000119209,2000.0784313753247,2000.392156869173,2000.6039215922356,2000.8235294222832,3000.368627458811,3001.0,147.05671234130858,154.84109191894532,159.91192779541015,164.05068969726562,167.89422607421875,171.73126220703125,176.02012634277344,182.12767028808594,198.09066772460938,345.7876892089844,223.65549,1.0,test_data/Useful/Validation/Half inch at 1 ft/WhatsApp Image 2024-08-22 at 11.13.04.jpeg,373.0,160.0,28.377152163962805
53,0.0,3.980000000000004,6.0,8.0,9.0,10.0,12.0,12.0,13.0,14.0,15.0,15.0,16.0,16.0,17.0,17.0,18.0,18.0,18.0,19.0,19.0,20.0,20.0,20.0,21.0,21.0,21.0,21.0,22.0,22.0,22.0,23.0,23.0,23.0,23.649999999999977,24.0,24.0,24.0,25.0,25.0,25.0,25.0,25.0,26.0,26.0,26.0,26.0,26.0,27.0,27.0,27.0,27.0,27.0,27.0,28.0,28.0,28.0,28.0,29.0,29.0,29.0,29.0,29.0,29.0,30.0,30.0,30.0,30.0,30.0,30.0,31.0,31.0,31.0,31.0,31.0,32.0,32.0,32.0,32.0,33.0,33.0,33.0,33.0,33.0,34.0,34.0,34.0,35.0,35.0,35.0,36.0,36.0,36.0,37.0,37.0,38.0,39.0,40.0,41.0,47.0,29.0,1000.3647058904171,1000.5803921818733,1000.7215686440468,1000.8470588326454,2000.2078431397676,2000.4235294163227,2000.611764729023,2000.800000011921,3000.352941185236,3001.0,146.30160522460938,154.32435607910156,159.4436248779297,163.58932189941407,167.45207977294922,171.2922607421875,175.56564178466797,181.79031677246093,198.02903747558594,345.7906799316406,223.84985,1.0,test_data/Useful/Validation/Half inch at 1 ft/WhatsApp Image 2024-08-22 at 11.13.05 (1).jpeg,380.0,167.0,31.246031765106814
54,0.0,3.0,5.0,7.0,8.0,10.0,11.0,12.0,13.0,14.0,14.0,15.0,15.0,16.0,16.0,17.0,18.0,18.0,19.0,19.0,19.0,20.0,20.0,20.0,21.0,21.0,22.0,22.0,22.0,22.0,23.0,23.0,23.0,23.0,24.0,24.0,24.0,24.0,25.0,25.0,25.0,25.0,25.0,26.0,26.0,26.0,26.0,27.0,27.0,27.0,27.0,27.0,28.0,28.0,28.0,28.0,28.0,28.0,29.0,29.0,29.0,29.0,29.0,30.0,30.0,30.0,30.0,30.0,30.0,31.0,31.0,31.0,31.0,31.0,32.0,32.0,32.0,32.0,32.0,33.0,33.0,33.0,33.0,34.0,34.0,34.0,34.0,34.0,35.0,35.0,35.0,36.0,36.0,36.059999999999945,37.0,38.0,39.0,39.0,40.0,45.0,30.0,1000.3490196168423,1000.5647059082985,1000.705882370472,1000.8235294222832,2000.1529411822557,2000.4117647111416,2000.611764729023,2000.811764717102,3000.364705890417,3001.0,146.68012542724608,154.5782470703125,159.71347045898438,163.86489868164062,167.70468139648438,171.51327514648438,175.83959655761717,182.06026306152344,198.0472412109375,345.8092041015625,223.66281,1.0,test_data/Useful/Validation/Half inch at 1 ft/WhatsApp Image 2024-08-22 at 11.13.05 (2).jpeg,354.0,133.0,33.505500682752924
55,1.990000000000002,5.0,7.0,9.0,10.0,11.0,12.0,13.0,13.0,14.0,14.0,15.0,15.870000000000005,16.0,17.0,17.0,18.0,18.0,19.0,19.0,19.0,20.0,20.0,20.0,21.0,21.0,21.0,21.0,22.0,22.0,22.0,22.0,23.0,23.0,23.0,23.0,24.0,24.0,24.0,24.0,25.0,25.0,25.0,25.0,26.0,26.0,26.0,26.0,26.0,27.0,27.0,27.0,27.0,27.0,28.0,28.0,28.0,28.0,28.0,28.0,29.0,29.0,29.0,29.0,29.0,30.0,30.0,30.0,30.0,30.0,31.0,31.0,31.0,31.0,31.0,32.0,32.0,32.0,32.0,32.0,33.0,33.0,33.0,33.0,34.0,34.0,34.0,34.0,35.0,35.0,35.0,35.0,36.0,36.0,37.0,37.0,38.0,39.0,40.0,44.0,29.0,1000.392156869173,1000.5921568870544,1000.7176470756531,1000.8352941274643,2000.2196078449488,2000.4274509847164,2000.611764729023,2000.7960784435272,3000.364705890417,3001.0,140.16672058105468,148.68279418945312,154.4010009765625,159.1736267089844,163.59112548828125,168.12430114746093,173.28224487304686,180.59463500976568,198.18881225585938,345.8206787109375,224.59512,1.0,test_data/Useful/Validation/Half inch at 1 ft/WhatsApp Image 2024-08-22 at 11.13.05.jpeg,304.0,107.0,34.34342942122276
56,0.0,3.0,7.0,8.0,10.0,11.0,12.0,13.0,14.0,14.0,15.0,16.0,16.0,17.0,17.0,18.0,18.0,19.0,19.0,19.0,20.0,20.0,21.0,21.0,21.0,22.0,22.0,22.0,23.0,23.0,23.0,23.0,24.0,24.0,24.0,24.0,25.0,25.0,25.0,25.0,25.0,26.0,26.0,26.0,26.0,27.0,27.0,27.0,27.0,27.0,28.0,28.0,28.0,28.0,28.0,29.0,29.0,29.0,29.0,29.0,29.0,30.0,30.0,30.0,30.0,30.0,30.0,31.0,31.0,31.0,31.0,31.0,32.0,32.0,32.0,32.0,32.0,32.0,33.0,33.0,33.0,33.0,33.0,34.0,34.0,34.0,34.0,34.0,35.0,35.0,35.0,36.0,36.0,37.0,37.0,38.0,38.0,39.0,41.0,44.0,29.0,1000.352941185236,1000.5647059082985,1000.705882370472,1000.8274509906769,2000.188235297799,2000.419607847929,2000.611764729023,2000.811764717102,3000.352941185236,3001.0,145.99411010742188,153.89486694335938,159.0355987548828,163.2132568359375,167.0911102294922,170.96900329589843,175.40811462402343,181.7412109375,198.02284240722656,345.78155517578125,224.01788,1.0,test_data/Useful/Validation/Half inch at 1 ft/WhatsApp Image 2024-08-22 at 11.13.06 (1).jpeg,361.0,147.0,28.44866516454901
57,0.0,2.0,5.0,7.0,9.0,10.0,11.0,12.0,13.0,14.0,14.0,15.0,15.0,16.0,16.849999999999966,17.0,18.0,18.0,18.0,19.0,19.0,20.0,20.0,20.0,21.0,21.0,22.0,22.0,22.0,23.0,23.0,23.0,23.0,24.0,24.0,24.0,24.0,24.0,25.0,25.0,25.0,25.0,26.0,26.0,26.0,26.0,26.0,26.519999999999982,27.0,27.0,27.0,27.0,27.0,28.0,28.0,28.0,28.0,28.0,28.0,29.0,29.0,29.0,29.0,29.0,29.0,30.0,30.0,30.0,30.0,30.0,31.0,31.0,31.0,31.0,31.0,32.0,32.0,32.0,32.0,32.0,33.0,33.0,33.0,33.0,34.0,34.0,34.0,34.0,35.0,35.0,35.0,36.0,36.0,36.059999999999945,37.0,38.0,38.0,39.0,40.00999999999976,45.0,28.0,1000.4313725531101,1000.6235294342041,1000.745098054409,1000.8784313797951,2000.2509804069996,2000.4352941215038,2000.6078431606293,2000.784313738346,3000.3607843220234,3001.0,143.23650360107422,151.3727264404297,156.77164611816406,161.20912475585936,165.3546905517578,169.51424255371094,174.17853393554685,180.98275146484377,198.3319854736328,345.8092041015625,224.40118,1.0,test_data/Useful/Validation/Half inch at 1 ft/WhatsApp Image 2024-08-22 at 11.13.06 (2).jpeg,361.0,127.0,24.278011052730644
58,0.990000000000002,4.0,6.0,8.0,8.950000000000003,10.0,11.0,12.0,13.0,14.0,15.0,15.879999999999995,16.0,17.0,17.0,18.0,18.0,18.0,19.0,19.0,20.0,20.0,20.0,21.0,21.0,21.0,22.0,22.0,22.0,22.0,23.0,23.0,23.0,23.0,24.0,24.0,24.0,24.0,25.0,25.0,25.0,25.0,25.0,26.0,26.0,26.0,26.0,26.519999999999982,27.0,27.0,27.0,27.0,27.0,28.0,28.0,28.0,28.0,28.0,29.0,29.0,29.0,29.0,29.0,29.0,30.0,30.0,30.0,30.0,31.0,31.0,31.0,31.0,31.0,31.0,32.0,32.0,32.0,32.0,33.0,33.0,33.0,33.0,33.0,34.0,34.0,34.0,34.0,35.0,35.0,35.0,36.0,36.0,36.0,37.0,37.0,38.0,38.0,40.0,41.0,46.0,27.0,1000.3490196168423,1000.5490196347237,1000.6862745285034,1000.7960784435272,2000.0705882385373,2000.3607843220234,2000.5607843399048,2000.7607843279839,3000.3294117748737,3001.0,145.29920959472656,153.1396240234375,158.46226348876954,162.75406188964843,166.6631088256836,170.646728515625,175.088623046875,181.46890258789062,198.01695251464844,345.7980651855469,223.96082,1.0,test_data/Useful/Validation/Half inch at 1 ft/WhatsApp Image 2024-08-22 at 11.13.06.jpeg,357.0,133.0,31.22885683400804
59,1.0,3.0,5.0,7.0,8.950000000000003,10.939999999999998,11.0,12.0,13.0,14.0,15.0,15.0,16.0,16.860000000000014,17.0,18.0,18.0,19.0,19.0,19.0,20.0,20.0,20.0,21.0,21.0,21.0,21.0,22.0,22.0,22.0,23.0,23.0,23.0,23.0,24.0,24.0,24.0,24.0,25.0,25.0,25.0,25.0,25.0,25.0,26.0,26.0,26.0,26.0,27.0,27.0,27.0,27.0,27.0,28.0,28.0,28.0,28.0,29.0,29.0,29.0,29.0,29.0,29.0,30.0,30.0,30.0,30.0,30.0,30.0,31.0,31.0,31.0,31.0,31.0,32.0,32.0,32.0,32.0,32.0,33.0,33.0,33.0,33.0,34.0,34.0,34.0,34.0,35.0,35.0,35.0,35.0,36.0,36.0,37.0,37.0,37.039999999999964,38.0,39.0,41.0,45.0,29.0,1000.4235294163227,1000.6196078658104,1000.745098054409,1000.8784313797951,2000.2549019753933,2000.4431372582912,2000.6156862974167,2000.800000011921,3000.364705890417,3001.0,143.2883316040039,151.40255737304688,156.82259826660155,161.2879638671875,165.36343383789062,169.46533813476563,174.1533203125,180.8763427734375,198.3258819580078,345.8163146972656,224.32924,1.0,test_data/Useful/Validation/Half inch at 1 ft/WhatsApp Image 2024-08-22 at 11.13.07 (1).jpeg,340.0,126.0,30.955167964748142
60,0.0,2.980000000000004,4.0,6.0,7.0,8.0,9.0,11.0,11.0,12.0,13.0,13.0,14.0,15.0,15.0,15.840000000000032,16.0,16.0,17.0,17.0,17.0,18.0,18.0,18.0,19.0,19.0,19.0,19.0,20.0,20.0,20.0,21.0,21.0,21.0,22.0,22.0,22.0,22.0,23.0,23.0,23.0,23.0,24.0,24.0,24.0,24.0,24.0,25.0,25.0,25.0,25.0,25.0,26.0,26.0,26.0,26.0,26.0,27.0,27.0,27.0,27.0,27.0,27.0,28.0,28.0,28.0,28.0,28.0,29.0,29.0,29.0,29.0,30.0,30.0,30.0,30.0,30.0,31.0,31.0,31.0,31.0,32.0,32.0,32.0,32.0,32.0,33.0,33.0,33.0,33.0,34.0,34.0,34.0,35.0,35.0,36.0,37.0,37.0,39.0,43.0,27.0,1000.3647058904171,1000.5490196347237,1000.678431391716,1000.7764706015587,2000.0784313753247,2000.3882353007793,2000.5960784554482,2000.7960784435272,3000.376470595598,3001.0,133.0879364013672,141.73110961914062,147.791015625,153.38031005859375,158.89599609375,164.76202392578125,171.1843719482422,179.61160278320312,197.27618408203125,345.8306884765625,225.44818,1.0,test_data/Useful/Validation/Half inch at 1 ft/WhatsApp Image 2024-08-22 at 11.16.29.jpeg,393.0,165.0,29.999804291789346
61,1.0,4.0,6.0,8.0,10.0,11.0,12.0,13.0,13.0,14.0,15.0,15.0,16.0,16.0,17.0,17.0,18.0,18.0,19.0,19.0,19.0,20.0,20.0,20.0,21.0,21.0,22.0,22.0,22.0,22.0,22.0,23.0,23.0,23.0,24.0,24.0,24.0,24.0,25.0,25.0,25.0,25.0,25.0,26.0,26.0,26.0,26.0,26.0,26.0,27.0,27.0,27.0,27.0,27.0,28.0,28.0,28.0,28.0,28.0,29.0,29.0,29.0,29.0,29.0,29.0,30.0,30.0,30.0,30.0,30.0,31.0,31.0,31.0,31.0,32.0,32.0,32.0,32.0,32.0,33.0,33.0,33.0,33.0,34.0,34.0,34.0,34.0,35.0,35.0,35.0,35.0,36.0,36.0,36.0,37.0,37.0,38.0,39.0,40.0,47.0,26.0,1000.3215686380863,1000.517647087574,1000.6627451181412,1000.7686274647713,1000.9215686321259,2000.352941185236,2000.572549045086,2000.7882353067398,3000.3568627536297,3001.0,142.4086151123047,150.70722045898438,156.1678024291992,160.88054504394532,165.13084411621094,169.48899841308594,174.34222412109375,181.2320098876953,198.06362915039062,345.8186340332031,224.34723,1.0,test_data/Useful/Validation/Half inch at 1 ft/WhatsApp Image 2024-08-22 at 11.16.37.jpeg,335.0,130.0,35.55330929282982
62,1.0,4.0,6.0,7.0,8.950000000000003,10.0,11.0,12.0,13.0,14.0,15.0,16.0,16.0,17.0,17.0,18.0,18.0,19.0,19.0,19.80000000000001,20.0,20.0,21.0,21.0,21.0,21.0,22.0,22.0,22.0,22.699999999999932,23.0,23.0,23.0,24.0,24.0,24.0,24.0,25.0,25.0,25.0,25.0,25.0,26.0,26.0,26.0,26.0,27.0,27.0,27.0,27.0,27.0,27.0,28.0,28.0,28.0,28.0,28.0,28.419999999999845,29.0,29.0,29.0,29.0,29.0,30.0,30.0,30.0,30.0,30.0,30.0,31.0,31.0,31.0,31.0,31.0,32.0,32.0,32.0,32.0,32.0,33.0,33.0,33.0,33.0,33.0,34.0,34.0,34.0,35.0,35.0,35.0,36.0,36.0,36.0,37.0,37.0,37.039999999999964,38.0,39.0,40.0,46.0,30.0,1000.32549020648,1000.5333333611488,1000.6823529601097,1000.7921568751335,2000.0039215688594,2000.4117647111416,2000.6470588445663,3000.0078431377187,3000.403921574354,3001.0,145.76937866210938,153.66156005859375,158.8754425048828,163.16085815429688,167.10964965820312,171.06698913574218,175.6006866455078,181.95960998535156,197.9798583984375,345.8395690917969,223.70934,1.0,test_data/Useful/Validation/Half inch at 1 ft/WhatsApp Image 2024-08-22 at 11.16.42.jpeg,353.0,140.0,29.811716717705252
63,0.0,3.0,6.0,8.0,9.0,10.0,11.0,12.0,13.0,14.0,14.0,15.0,16.0,16.0,17.0,17.840000000000032,18.0,18.0,19.0,19.0,19.0,20.0,20.0,21.0,21.0,21.0,22.0,22.0,22.0,22.0,23.0,23.0,23.0,24.0,24.0,24.0,24.0,25.0,25.0,25.0,25.0,25.0,26.0,26.0,26.0,26.0,26.0,27.0,27.0,27.0,27.0,28.0,28.0,28.0,28.0,28.0,29.0,29.0,29.0,29.0,29.0,29.0,30.0,30.0,30.0,30.0,30.0,30.0,31.0,31.0,31.0,31.0,31.0,31.0,32.0,32.0,32.0,32.0,32.0,33.0,33.0,33.0,33.0,33.0,34.0,34.0,34.0,35.0,35.0,35.0,35.0,36.0,36.0,36.0,37.0,38.0,38.0,39.0,40.00999999999976,43.0,31.0,1000.3058823645115,1000.5137255191803,1000.6666666865349,1000.7843137383461,1000.9372549057007,2000.3764705955982,2000.6274510025978,2000.9215686321259,3000.392156869173,3001.0,147.25350952148438,155.1898193359375,160.29661560058594,164.4134521484375,168.15354919433594,171.9014892578125,176.170654296875,182.21856689453125,198.02491760253906,345.8140563964844,223.58192,1.0,test_data/Useful/Validation/Half inch at 1 ft/WhatsApp Image 2024-08-22 at 11.17.09.jpeg,365.0,138.0,30.5317713317665
64,1.0,5.0,7.0,9.0,10.0,12.0,13.0,13.0,14.0,15.0,16.0,16.0,17.0,17.0,18.0,18.0,18.0,19.0,19.0,19.0,20.0,20.0,20.0,21.0,21.0,21.0,22.0,22.0,22.0,23.0,23.0,23.0,23.0,24.0,24.0,24.0,24.0,25.0,25.0,25.0,25.0,25.0,26.0,26.0,26.0,26.0,26.0,27.0,27.0,27.0,27.0,27.0,28.0,28.0,28.0,28.0,28.0,28.0,29.0,29.0,29.0,29.0,29.0,30.0,30.0,30.0,30.0,30.0,30.309999999999945,31.0,31.0,31.0,31.0,31.0,32.0,32.0,32.0,32.0,33.0,33.0,33.0,33.0,34.0,34.0,34.0,34.0,35.0,35.0,35.0,35.0,36.0,36.0,37.0,37.0,37.0,38.0,39.0,39.01999999999998,41.0,47.0,30.0,1000.3019607961178,1000.5019608139992,1000.6549019813538,1000.7647058963776,1000.8823529481888,2000.3372549116611,2000.6156862974167,3000.0156862754375,3000.403921574354,3001.0,146.8984130859375,154.73338012695314,159.91070556640625,164.05068969726562,167.86530303955078,171.70008850097656,176.02478942871093,182.16140747070312,198.0457305908203,345.8231201171875,223.5906,1.0,test_data/Useful/Validation/Half inch at 1 ft/WhatsApp Image 2024-08-22 at 11.17.16.jpeg,355.0,135.0,31.34257384196605
65,1.0,4.0,6.0,7.0,9.0,10.0,11.0,12.0,13.0,14.0,15.0,15.0,16.0,16.0,17.0,17.0,18.0,18.0,19.0,19.0,19.0,20.0,20.0,21.0,21.0,21.0,21.0,22.0,22.0,22.0,23.0,23.0,23.0,23.0,24.0,24.0,24.0,25.0,25.0,25.0,25.0,25.0,26.0,26.0,26.0,26.0,27.0,27.0,27.0,27.0,27.0,27.0,28.0,28.0,28.0,28.0,28.0,29.0,29.0,29.0,29.0,29.0,30.0,30.0,30.0,30.0,30.0,30.0,31.0,31.0,31.0,31.0,31.0,32.0,32.0,32.0,32.0,32.0,33.0,33.0,33.0,33.0,33.0,34.0,34.0,34.0,34.0,35.0,35.0,35.0,35.0,36.0,36.0,36.059999999999945,37.0,37.0,38.0,39.0,40.0,46.0,30.0,1000.3137255012989,1000.5215686559677,1000.678431391716,1000.7960784435272,1000.9529411792755,2000.4000000059605,2000.6549019813538,3000.043137256056,3000.4117647111416,3001.0,146.96151275634764,154.7413299560547,159.92539978027344,164.06785583496094,167.84329986572266,171.67963256835938,175.96883850097657,182.00233154296876,197.94659423828125,345.8348083496094,223.60155,1.0,test_data/Useful/Validation/Half inch at 1 ft/WhatsApp Image 2024-08-22 at 11.17.21.jpeg,355.0,141.0,25.01087423727851
66,0.0,2.0,5.0,6.0,8.0,9.0,10.0,11.0,12.0,12.0,13.0,14.0,15.0,15.0,16.0,16.0,17.0,17.0,18.0,18.0,18.0,19.0,19.0,19.0,20.0,20.0,20.0,21.0,21.0,21.0,22.0,22.0,22.0,23.0,23.0,23.0,23.0,23.620000000000005,24.0,24.0,24.0,24.0,25.0,25.0,25.0,25.0,26.0,26.0,26.0,26.0,26.0,27.0,27.0,27.0,27.0,27.0,27.429999999999836,28.0,28.0,28.0,28.0,28.0,29.0,29.0,29.0,29.0,29.0,30.0,30.0,30.0,30.0,30.0,30.0,31.0,31.0,31.0,31.0,31.0,32.0,32.0,32.0,32.0,33.0,33.0,33.0,33.0,34.0,34.0,34.0,35.0,35.0,35.0,36.0,36.0,37.0,37.0,38.0,39.0,40.0,47.0,30.0,1000.32549020648,1000.5098039507866,1000.65098041296,1000.7568627595901,1000.866666674614,2000.313725501299,2000.5803921818733,2000.866666674614,3000.392156869173,3001.0,143.13839721679688,151.1083221435547,156.39404296875,160.81712341308594,164.86227416992188,169.03171081542968,173.73025512695312,180.61807250976562,197.97288513183594,345.8334655761719,224.46585,1.0,test_data/Useful/Validation/Half inch at 1 ft/WhatsApp Image 2024-08-22 at 11.17.27.jpeg,372.0,124.0,29.137266809133866
67,0.0,4.0,6.0,8.0,9.0,10.0,12.0,13.0,13.0,14.0,14.0,15.0,16.0,16.0,17.0,17.0,18.0,18.0,18.0,19.0,19.0,19.0,20.0,20.0,20.0,21.0,21.0,21.0,22.0,22.0,22.0,22.0,23.0,23.0,23.0,23.0,24.0,24.0,24.0,24.0,25.0,25.0,25.0,25.0,25.0,26.0,26.0,26.0,26.0,26.0,27.0,27.0,27.0,27.0,27.0,28.0,28.0,28.0,28.0,28.0,29.0,29.0,29.0,29.0,30.0,30.0,30.0,30.0,30.0,31.0,31.0,31.0,31.0,31.0,31.0,32.0,32.0,32.0,32.0,33.0,33.0,33.0,33.0,34.0,34.0,34.0,34.0,35.0,35.0,35.0,35.0,36.0,36.0,37.0,37.0,38.0,38.0,39.0,41.0,48.0,31.0,1000.3137255012989,1000.5215686559677,1000.678431391716,1000.7960784435272,2000.058823529631,2000.3882353007793,2000.6078431606293,2000.8274509906769,3000.368627458811,3001.0,146.27842712402344,154.25726318359375,159.43177795410156,163.61412048339844,167.4586181640625,171.29554748535156,175.6591598510742,181.92283630371094,197.99609375,345.8103942871094,223.80067,1.0,test_data/Useful/Validation/Half inch at 1 ft/WhatsApp Image 2024-08-22 at 11.17.30.jpeg,359.0,139.0,27.173164210101966
68,1.0,4.0,5.0,7.0,10.0,11.0,12.0,13.0,14.0,15.0,15.0,16.0,16.0,17.0,17.0,18.0,18.0,19.0,19.0,20.0,20.0,20.0,21.0,21.0,22.0,22.0,22.0,22.0,23.0,23.0,23.0,23.0,24.0,24.0,24.0,24.0,25.0,25.0,25.0,25.0,25.0,25.0,26.0,26.0,26.0,26.0,26.0,27.0,27.0,27.0,27.0,27.0,28.0,28.0,28.0,28.0,28.0,29.0,29.0,29.0,29.0,29.0,29.0,30.0,30.0,30.0,30.0,30.0,31.0,31.0,31.0,31.0,31.0,31.0,32.0,32.0,32.0,32.0,32.0,33.0,33.0,33.0,33.0,33.0,34.0,34.0,34.0,34.0,35.0,35.0,35.0,36.0,36.0,36.0,37.0,37.0,38.0,39.0,40.0,46.0,29.0,1000.3019607961178,1000.5098039507866,1000.6627451181412,1000.7803921699524,1000.9254902005196,2000.364705890417,2000.6156862974167,2000.9176470637321,3000.3882353007793,3001.0,146.74821929931642,154.67669677734375,159.83203125,164.01010131835938,167.74916076660156,171.56475830078125,175.86103515624998,181.9113525390625,197.90695190429688,345.8087158203125,223.76843,1.0,test_data/Useful/Validation/Half inch at 1 ft/WhatsApp Image 2024-08-22 at 11.17.37.jpeg,363.0,144.0,26.250805728774026
69,1.0,3.0,6.0,7.960000000000008,9.0,10.0,11.0,12.0,13.0,14.0,15.0,15.0,16.0,17.0,17.0,18.0,18.0,19.0,19.0,20.0,20.0,20.0,21.0,21.0,21.0,21.0,22.0,22.0,22.0,23.0,23.0,23.0,23.0,24.0,24.0,24.0,24.0,24.0,25.0,25.0,25.0,25.0,26.0,26.0,26.0,26.0,26.0,27.0,27.0,27.0,27.0,27.0,28.0,28.0,28.0,28.0,28.0,28.0,29.0,29.0,29.0,29.0,29.0,30.0,30.0,30.0,30.0,30.0,30.0,31.0,31.0,31.0,31.0,31.0,32.0,32.0,32.0,32.0,32.0,33.0,33.0,33.0,33.0,33.0,34.0,34.0,34.0,34.0,35.0,35.0,35.0,36.0,36.0,36.0,37.0,37.0,38.0,39.0,40.0,45.0,28.0,1000.3176470696926,1000.5215686559677,1000.6745098233223,1000.7882353067398,1000.9411764740944,2000.3725490272045,2000.6156862974167,2000.866666674614,3000.3882353007793,3001.0,146.57845153808594,154.48021240234377,159.71544494628907,163.92715759277343,167.748291015625,171.58169860839843,175.87496948242188,182.008544921875,198.02838134765625,345.83038330078125,223.65294,1.0,test_data/Useful/Validation/Half inch at 1 ft/WhatsApp Image 2024-08-22 at 11.17.45.jpeg,354.0,132.0,29.115351066994474
70,0.0,3.980000000000004,5.0,7.0,9.0,10.0,11.0,12.0,13.0,14.0,15.0,15.0,16.0,17.0,17.0,18.0,18.0,18.0,19.0,19.0,19.0,20.0,20.0,20.0,21.0,21.0,21.0,22.0,22.0,22.0,23.0,23.0,23.0,23.0,24.0,24.0,24.0,24.0,24.610000000000014,25.0,25.0,25.0,25.0,26.0,26.0,26.0,26.0,26.0,27.0,27.0,27.0,27.0,27.0,28.0,28.0,28.0,28.0,28.0,29.0,29.0,29.0,29.0,29.0,29.0,30.0,30.0,30.0,30.0,30.0,31.0,31.0,31.0,31.0,31.0,32.0,32.0,32.0,32.0,32.0,33.0,33.0,33.0,33.0,33.0,34.0,34.0,34.0,34.0,35.0,35.0,35.0,36.0,36.0,36.0,37.0,37.0,38.0,39.0,40.0,45.0,32.0,1000.32549020648,1000.5372549295425,1000.6901960968971,1000.8039215803146,2000.031372550875,2000.3882353007793,2000.6196078658104,2000.8627451062202,3000.376470595598,3001.0,146.8789505004883,154.71311950683594,159.9231414794922,164.0559539794922,167.81637573242188,171.61160278320312,175.90533447265625,181.97340393066406,198.03363037109375,345.8305358886719,223.87053,1.0,test_data/Useful/Validation/Half inch at 1 ft/WhatsApp Image 2024-08-22 at 11.17.50.jpeg,362.0,138.0,29.892218586214106
71,0.0,3.0,5.0,7.0,9.0,10.0,11.0,12.0,13.0,14.0,14.0,15.0,16.0,16.0,17.0,17.0,18.0,18.0,19.0,19.0,19.0,20.0,20.0,21.0,21.0,21.0,22.0,22.0,22.0,22.0,23.0,23.0,23.0,23.0,24.0,24.0,24.0,24.0,25.0,25.0,25.0,25.0,25.0,26.0,26.0,26.0,26.0,26.0,27.0,27.0,27.0,27.0,27.0,28.0,28.0,28.0,28.0,28.0,28.0,29.0,29.0,29.0,29.0,30.0,30.0,30.0,30.0,30.0,30.0,31.0,31.0,31.0,31.0,31.0,32.0,32.0,32.0,32.0,32.0,33.0,33.0,33.0,33.0,33.0,34.0,34.0,34.0,34.0,35.0,35.0,35.0,36.0,36.0,37.0,37.0,38.0,38.0,39.0,41.0,48.0,28.0,1000.3215686380863,1000.5294117927551,1000.6823529601097,1000.7960784435272,2000.0156862754375,2000.380392163992,2000.6078431606293,2000.8470588326454,3000.3725490272045,3001.0,147.23780364990233,155.1822723388672,160.24785461425782,164.35115661621094,168.09837341308594,171.8949737548828,176.15463256835938,182.19345092773438,197.8860626220703,345.8125305175781,223.45245,1.0,test_data/Useful/Validation/Half inch at 1 ft/WhatsApp Image 2024-08-22 at 11.17.56.jpeg,378.0,152.0,33.798214000986384
72,1.0,4.0,6.0,8.0,9.0,10.0,11.0,12.0,13.0,14.0,15.0,16.0,16.0,16.0,17.0,17.0,18.0,18.0,19.0,19.0,19.0,20.0,20.0,20.0,21.0,21.0,21.0,21.0,22.0,22.0,22.0,23.0,23.0,23.0,24.0,24.0,24.0,24.0,25.0,25.0,25.0,25.0,26.0,26.0,26.0,26.0,26.0,27.0,27.0,27.0,27.0,27.0,27.0,28.0,28.0,28.0,28.0,28.0,28.0,29.0,29.0,29.0,29.0,29.0,29.0,30.0,30.0,30.0,30.0,30.0,31.0,31.0,31.0,31.0,31.0,32.0,32.0,32.0,32.0,33.0,33.0,33.0,33.0,33.0,34.0,34.0,34.0,35.0,35.0,35.0,35.090000000000146,36.0,36.0,37.0,37.0,38.0,38.0,39.0,40.0,45.0,29.0,1000.3490196168423,1000.5529412031174,1000.6901960968971,1000.8000000119209,2000.101960785687,2000.4039215743542,2000.611764729023,2000.8196078538895,3000.376470595598,3001.0,142.84112548828125,151.02863464355468,156.37639923095702,160.92290039062502,165.14089965820312,169.39309692382812,174.24684143066406,181.1067352294922,198.04989624023438,345.8444519042969,224.41052,1.0,test_data/Useful/Validation/Half inch at 1 ft/WhatsApp Image 2024-08-22 at 11.18.33.jpeg,340.0,138.0,29.48030025367998
73,0.0,3.0,4.969999999999999,7.0,9.0,10.0,12.0,13.0,13.0,14.0,15.0,15.0,16.0,17.0,17.0,18.0,18.0,19.0,19.0,20.0,20.0,20.0,21.0,21.0,21.0,21.74000000000001,22.0,22.0,22.0,22.0,23.0,23.0,23.0,23.0,24.0,24.0,24.0,24.0,25.0,25.0,25.0,25.0,26.0,26.0,26.0,26.0,26.0,27.0,27.0,27.0,27.0,28.0,28.0,28.0,28.0,28.0,28.0,29.0,29.0,29.0,29.0,29.0,29.0,30.0,30.0,30.0,30.0,30.0,30.0,31.0,31.0,31.0,31.0,31.0,32.0,32.0,32.0,32.0,33.0,33.0,33.0,33.0,33.0,34.0,34.0,34.0,34.0,35.0,35.0,35.0,36.0,36.0,36.0,37.0,37.0,38.0,39.0,39.0,41.0,44.0,30.0,1000.3333333432674,1000.54509806633,1000.6980392336845,1000.811764717102,2000.023529412225,2000.4156862795353,2000.6549019813538,3000.0156862754375,3000.4156862795353,3001.0,147.53302001953125,155.39187622070312,160.53365325927734,164.65017395019532,168.41597747802734,172.2444274902344,176.49249877929688,182.4666748046875,198.1932830810547,345.8592529296875,223.26074,1.0,test_data/Useful/Validation/Half inch at 1 ft/WhatsApp Image 2024-08-22 at 11.18.43.jpeg,419.0,180.0,31.715412805059245
74,0.0,2.0,5.0,7.0,9.0,10.0,11.0,12.0,13.0,14.0,14.889999999999986,15.0,15.0,16.0,17.0,17.0,18.0,18.0,18.0,19.0,19.0,20.0,20.0,20.0,21.0,21.0,21.0,21.0,21.709999999999923,22.0,22.0,22.0,23.0,23.0,23.0,24.0,24.0,24.0,24.0,24.0,25.0,25.0,25.0,25.0,26.0,26.0,26.0,26.0,27.0,27.0,27.0,27.0,27.0,27.0,28.0,28.0,28.0,28.0,28.0,29.0,29.0,29.0,29.0,29.0,29.0,30.0,30.0,30.0,30.0,30.0,30.0,31.0,31.0,31.0,31.0,31.0,32.0,32.0,32.0,32.0,33.0,33.0,33.0,33.0,34.0,34.0,34.0,34.0,35.0,35.0,35.0,36.0,36.0,36.0,37.0,37.0,38.0,39.0,40.0,45.0,30.0,1000.3450980484486,1000.5529412031174,1000.6941176652908,1000.8078431487083,2000.1411764770746,2000.4117647111416,2000.6156862974167,2000.8196078538895,3000.3607843220234,3001.0,143.56841583251952,151.5683135986328,157.0706344604492,161.530908203125,165.70845794677734,169.93847045898437,174.65318298339844,181.41600036621094,198.2456817626953,345.81475830078125,224.01208,1.0,test_data/Useful/Validation/Half inch at 1 ft/WhatsApp Image 2024-08-22 at 11.18.48.jpeg,362.0,126.0,37.256850478214275
75,0.0,3.0,5.969999999999999,7.0,8.0,10.0,11.0,11.0,12.0,13.0,14.0,14.0,15.0,16.0,16.0,17.0,17.0,18.0,18.0,18.0,19.0,19.0,19.0,20.0,20.0,20.0,21.0,21.0,21.0,22.0,22.0,22.0,22.0,23.0,23.0,23.0,23.0,24.0,24.0,24.0,24.0,25.0,25.0,25.0,25.0,25.0,26.0,26.0,26.0,26.0,26.0,27.0,27.0,27.0,27.0,27.0,28.0,28.0,28.0,28.0,28.0,29.0,29.0,29.0,29.0,29.0,29.0,30.0,30.0,30.0,30.0,31.0,31.0,31.0,31.0,31.0,32.0,32.0,32.0,32.0,33.0,33.0,33.0,33.0,33.0,34.0,34.0,34.0,35.0,35.0,35.0,36.0,36.0,37.0,37.0,37.039999999999964,38.0,39.0,40.0,46.0,29.0,1000.352941185236,1000.5529412031174,1000.6901960968971,1000.8039215803146,2000.1058823540807,2000.3725490272045,2000.572549045086,2000.7803921699524,3000.352941185236,3001.0,144.5628662109375,152.50457763671875,157.79371643066406,162.09738159179688,166.10987854003906,170.09498596191406,174.6054260253906,181.05654907226562,197.93959045410156,345.8147888183594,224.25737,1.0,test_data/Useful/Validation/Half inch at 1 ft/WhatsApp Image 2024-08-22 at 11.30.37.jpeg,375.0,129.0,33.151523456169976
76,1.0,4.0,7.0,9.0,10.0,11.0,12.0,13.0,14.0,14.0,15.0,15.0,16.0,16.0,17.0,17.0,18.0,18.0,19.0,19.0,19.0,20.0,20.0,20.0,21.0,21.0,22.0,22.0,22.0,22.0,23.0,23.0,23.0,24.0,24.0,24.0,24.0,25.0,25.0,25.0,25.0,26.0,26.0,26.0,26.0,26.0,27.0,27.0,27.0,27.0,27.0,28.0,28.0,28.0,28.0,28.0,29.0,29.0,29.0,29.0,29.0,29.0,30.0,30.0,30.0,30.0,30.0,31.0,31.0,31.0,31.0,31.0,31.0,32.0,32.0,32.0,32.0,33.0,33.0,33.0,33.0,33.0,34.0,34.0,34.0,34.0,35.0,35.0,35.0,35.0,36.0,36.0,36.0,37.0,37.0,38.0,38.0,39.0,40.0,47.0,31.0,1000.3372549116611,1000.5529412031174,1000.7019608020782,1000.8156862854958,2000.1098039224744,2000.419607847929,2000.639215707779,2000.89411765337,3000.3960784375668,3001.0,146.84861755371094,154.76390075683594,159.92593383789062,164.10162353515625,167.8671875,171.5709686279297,175.9169921875,182.0222595214844,198.13790893554688,345.8364562988281,223.57027,1.0,test_data/Useful/Validation/Half inch at 1 ft/WhatsApp Image 2024-08-22 at 11.30.38.jpeg,337.0,135.0,32.25836299753719
77,0.990000000000002,4.0,6.0,7.0,9.0,10.0,11.0,12.0,13.0,14.0,14.0,15.0,16.0,16.0,16.849999999999966,17.0,18.0,18.0,19.0,19.0,19.0,20.0,20.0,21.0,21.0,21.0,21.0,22.0,22.0,22.0,22.0,23.0,23.0,23.0,23.0,24.0,24.0,24.0,24.0,25.0,25.0,25.0,25.0,25.0,26.0,26.0,26.0,26.0,26.0,27.0,27.0,27.0,27.0,27.0,28.0,28.0,28.0,28.0,29.0,29.0,29.0,29.0,29.0,30.0,30.0,30.0,30.0,30.0,30.0,31.0,31.0,31.0,31.0,32.0,32.0,32.0,32.0,32.0,32.0,33.0,33.0,33.0,33.0,33.0,34.0,34.0,34.0,34.0,35.0,35.0,35.0,36.0,36.0,36.0,37.0,37.0,38.0,38.01999999999998,40.0,46.0,32.0,1000.3333333432674,1000.5294117927551,1000.6705882549286,1000.7803921699524,1000.9647058844566,2000.392156869173,2000.6156862974167,2000.8470588326454,3000.380392163992,3001.0,143.60354614257812,151.57826232910156,156.9587646484375,161.37245178222656,165.4324951171875,169.60130615234374,174.30927734375,180.92550659179688,197.9916534423828,345.84356689453125,224.41911,1.0,test_data/Useful/Validation/Half inch at 1 ft/WhatsApp Image 2024-08-22 at 11.30.39.jpeg,360.0,127.0,27.938925330463785
78,0.0,2.0,5.0,6.0,8.0,9.0,10.0,11.0,12.0,13.0,13.889999999999986,14.0,15.0,15.0,16.0,16.0,17.0,17.0,18.0,18.0,19.0,19.0,19.0,20.0,20.0,20.0,21.0,21.0,21.0,22.0,22.0,22.0,22.670000000000073,23.0,23.0,23.0,24.0,24.0,24.0,24.0,25.0,25.0,25.0,25.0,25.0,26.0,26.0,26.0,26.0,27.0,27.0,27.0,27.0,27.0,27.0,28.0,28.0,28.0,28.0,28.0,29.0,29.0,29.0,29.0,30.0,30.0,30.0,30.0,30.0,31.0,31.0,31.0,31.0,31.0,31.0,32.0,32.0,32.0,32.0,32.0,32.0,33.0,33.0,33.0,34.0,34.0,34.0,34.0,35.0,35.0,35.0,36.0,36.0,36.0,37.0,37.0,38.0,39.0,40.00999999999976,45.0,31.0,1000.3176470696926,1000.5254902243614,1000.678431391716,1000.7921568751335,2000.0392156876624,2000.392156869173,2000.623529434204,2000.8705882430077,3000.380392163992,3001.0,145.04641723632812,153.05013732910157,158.3285125732422,162.71253967285156,166.6597137451172,170.60523986816406,175.1620635986328,181.65618896484375,197.81846618652344,345.8101806640625,224.12595,1.0,test_data/Useful/Validation/Half inch at 1 ft/WhatsApp Image 2024-08-22 at 11.30.41.jpeg,360.0,137.0,28.98376447905983
79,0.0,3.0,5.0,6.0,8.0,9.0,10.0,11.0,12.0,13.0,14.0,15.0,15.0,16.0,16.0,17.0,17.0,18.0,18.0,18.0,19.0,19.0,19.0,20.0,20.0,21.0,21.0,21.0,21.0,22.0,22.0,22.0,22.0,23.0,23.0,23.0,23.0,24.0,24.0,24.0,24.0,25.0,25.0,25.0,25.0,25.0,26.0,26.0,26.0,26.0,26.0,27.0,27.0,27.0,27.0,27.0,27.0,28.0,28.0,28.0,28.0,28.0,29.0,29.0,29.0,29.0,29.0,30.0,30.0,30.0,30.0,30.0,31.0,31.0,31.0,31.0,31.0,31.0,32.0,32.0,32.0,32.0,32.17000000000007,33.0,33.0,33.0,33.13000000000011,34.0,34.0,34.0,35.0,35.0,35.0,36.0,36.0,37.0,37.0,38.0,40.0,46.0,27.0,1000.3450980484486,1000.5411764979362,1000.678431391716,1000.7882353067398,2000.0901960805058,2000.380392163992,2000.5882353186607,2000.7921568751335,3000.3568627536297,3001.0,142.15805053710938,150.33575439453125,155.8256378173828,160.39634704589844,164.64990234375,168.970458984375,173.780029296875,180.725830078125,197.9470672607422,345.80548095703125,224.7002,1.0,test_data/Useful/Validation/Half inch at 1 ft/WhatsApp Image 2024-08-22 at 11.30.44.jpeg,371.0,137.0,29.080193082513713
80,1.0,5.0,7.0,8.0,9.0,10.0,12.0,12.0,13.0,14.0,15.0,16.0,16.0,17.0,17.0,18.0,18.0,19.0,19.0,20.0,20.0,20.0,21.0,21.0,21.0,22.0,22.0,22.0,22.0,23.0,23.0,23.0,24.0,24.0,24.0,24.0,25.0,25.0,25.0,25.0,25.0,26.0,26.0,26.0,26.0,27.0,27.0,27.0,27.0,27.0,28.0,28.0,28.0,28.0,28.0,28.0,29.0,29.0,29.0,29.0,29.0,29.0,30.0,30.0,30.0,30.0,30.0,31.0,31.0,31.0,31.0,31.0,31.0,32.0,32.0,32.0,32.0,33.0,33.0,33.0,33.0,33.0,34.0,34.0,34.0,35.0,35.0,35.0,35.0,36.0,36.0,36.0,37.0,37.0,37.0,38.0,38.029999999999745,40.0,41.0,44.0,29.0,1000.3137255012989,1000.5137255191803,1000.6627451181412,1000.7764706015587,1000.9411764740944,2000.3686274588108,2000.6039215922356,2000.839215695858,3000.368627458811,3001.0,146.69496154785156,154.63043212890625,159.7492218017578,163.94500732421875,167.73361206054688,171.5450439453125,175.93603515625,182.02457580566406,198.03077697753906,345.8114318847656,223.46884,1.0,test_data/Useful/Validation/Half inch at 1 ft/WhatsApp Image 2024-08-22 at 11.32.34.jpeg,344.0,133.0,26.56691072998241
81,1.0,4.0,6.0,8.0,10.0,11.0,12.0,13.0,14.0,15.0,16.0,16.0,17.0,17.0,18.0,18.0,19.0,19.0,20.0,20.0,21.0,21.0,21.0,22.0,22.0,22.0,22.0,23.0,23.0,23.0,24.0,24.0,24.0,24.0,24.0,25.0,25.0,25.0,25.0,26.0,26.0,26.0,26.0,26.0,27.0,27.0,27.0,27.0,27.0,27.0,28.0,28.0,28.0,28.0,28.0,29.0,29.0,29.0,29.0,29.0,29.0,30.0,30.0,30.0,30.0,30.0,30.0,31.0,31.0,31.0,31.0,31.0,32.0,32.0,32.0,32.0,32.0,33.0,33.0,33.0,33.0,33.0,33.17000000000007,34.0,34.0,34.0,35.0,35.0,35.0,36.0,36.0,36.0,37.0,37.0,37.0,38.0,39.0,39.0,40.00999999999976,44.0,30.0,1000.32549020648,1000.5294117927551,1000.678431391716,1000.7882353067398,1000.9372549057007,2000.3725490272045,2000.6196078658104,2000.8862745165825,3000.3960784375668,3001.0,146.72001953125,154.65372314453126,159.8533935546875,164.05137634277344,167.82516479492188,171.64471435546875,175.91307067871094,182.12747192382812,198.1600799560547,345.8502502441406,223.50237,1.0,test_data/Useful/Validation/Half inch at 1 ft/WhatsApp Image 2024-08-22 at 11.32.36.jpeg,343.0,136.0,31.399861088172685
82,0.0,3.0,5.0,7.0,8.0,9.939999999999998,10.930000000000007,12.0,13.0,14.0,14.889999999999986,15.0,16.0,16.0,17.0,17.0,18.0,18.0,19.0,19.0,20.0,20.0,20.0,21.0,21.0,21.0,22.0,22.0,22.0,22.0,23.0,23.0,23.0,23.0,23.0,24.0,24.0,24.0,24.610000000000014,25.0,25.0,25.0,25.0,26.0,26.0,26.0,26.0,27.0,27.0,27.0,27.0,27.0,28.0,28.0,28.0,28.0,29.0,29.0,29.0,29.0,29.0,29.0,30.0,30.0,30.0,30.0,30.0,30.0,31.0,31.0,31.0,31.0,31.0,32.0,32.0,32.0,32.0,32.22000000000003,33.0,33.0,33.0,33.0,33.0,34.0,34.0,34.0,34.0,35.0,35.0,35.0,35.0,36.0,36.0,37.0,37.0,38.0,38.0,39.0,40.0,45.0,30.0,1000.3137255012989,1000.5137255191803,1000.6588235497475,1000.7686274647713,1000.9098039269447,2000.3411764800549,2000.5803921818733,2000.8156862854958,3000.364705890417,3001.0,146.50656127929688,154.50784301757812,159.72238159179688,163.90997314453125,167.71182250976562,171.56326599121093,175.85491638183592,182.03001098632814,198.05075073242188,345.8132629394531,223.34668,1.0,test_data/Useful/Validation/Half inch at 1 ft/WhatsApp Image 2024-08-22 at 11.32.42.jpeg,373.0,143.0,32.46475762159362
83,0.0,4.0,5.0,7.0,9.0,11.0,12.0,12.0,13.909999999999997,14.0,15.0,16.0,17.0,17.0,18.0,18.0,19.0,19.0,19.0,20.0,20.0,20.0,21.0,21.0,21.0,22.0,22.0,22.0,22.0,23.0,23.0,23.0,23.0,24.0,24.0,24.0,24.0,25.0,25.0,25.0,25.0,26.0,26.0,26.0,26.0,26.0,26.0,27.0,27.0,27.0,27.0,27.0,28.0,28.0,28.0,28.0,28.0,29.0,29.0,29.0,29.0,29.0,29.0,30.0,30.0,30.0,30.0,30.0,31.0,31.0,31.0,31.0,31.0,31.0,32.0,32.0,32.0,32.0,32.0,33.0,33.0,33.0,33.0,34.0,34.0,34.0,34.0,35.0,35.0,35.0,36.0,36.0,36.070000000000164,37.0,37.0,38.0,38.0,39.0,40.0,45.0,29.0,1000.3333333432674,1000.5372549295425,1000.678431391716,1000.7882353067398,1000.9411764740944,2000.3686274588108,2000.6078431606293,2000.8627451062202,3000.3882353007793,3001.0,144.8564453125,152.81625366210938,158.08084106445312,162.38653564453125,166.33084106445312,170.35531616210938,174.84628295898438,181.34349975585937,198.2187042236328,345.85101318359375,224.22934,1.0,test_data/Useful/Validation/Half inch at 1 ft/WhatsApp Image 2024-08-22 at 11.32.46.jpeg,345.0,134.0,28.668066273353674
84,1.0,4.0,6.0,8.0,9.0,11.0,12.0,13.0,14.0,15.0,15.0,16.0,16.0,17.0,17.0,18.0,18.0,19.0,19.0,19.0,20.0,20.0,20.0,21.0,21.0,21.0,22.0,22.0,22.0,22.0,23.0,23.0,23.0,24.0,24.0,24.0,24.0,25.0,25.0,25.0,25.0,25.0,25.0,26.0,26.0,26.0,26.0,27.0,27.0,27.0,27.0,27.0,27.0,28.0,28.0,28.0,28.0,28.0,29.0,29.0,29.0,29.0,29.0,29.0,30.0,30.0,30.0,30.0,31.0,31.0,31.0,31.0,31.0,32.0,32.0,32.0,32.0,32.0,33.0,33.0,33.0,33.0,34.0,34.0,34.0,34.0,35.0,35.0,35.0,36.0,36.0,36.0,37.0,37.0,37.0,38.0,38.029999999999745,39.0,41.0,47.0,27.0,1000.3215686380863,1000.5215686559677,1000.6705882549286,1000.7764706015587,1000.9137254953384,2000.4078431427479,2000.6549019813538,3000.031372550875,3000.4117647111416,3001.0,144.45944213867188,152.51077270507812,157.82721862792968,162.23453674316406,166.26803588867188,170.3488311767578,174.98486328125,181.5335235595703,198.177978515625,345.8727722167969,223.9802,1.0,test_data/Useful/Validation/Half inch at 1 ft/WhatsApp Image 2024-08-22 at 11.32.48.jpeg,342.0,132.0,30.49762699882788
85,2.990000000000002,5.0,7.0,9.0,10.0,11.0,12.0,13.0,14.0,15.0,16.0,16.0,17.0,17.0,18.0,18.0,19.0,19.0,19.0,20.0,20.0,20.0,21.0,21.0,21.0,22.0,22.0,22.0,22.709999999999923,23.0,23.0,23.0,23.0,24.0,24.0,24.0,24.0,25.0,25.0,25.0,25.0,25.579999999999927,26.0,26.0,26.0,26.0,27.0,27.0,27.0,27.0,27.0,27.480000000000018,28.0,28.0,28.0,28.0,28.0,28.0,29.0,29.0,29.0,29.0,29.0,30.0,30.0,30.0,30.0,30.0,31.0,31.0,31.0,31.0,31.0,31.0,32.0,32.0,32.0,32.0,33.0,33.0,33.0,33.0,33.0,34.0,34.0,34.0,34.0,35.0,35.0,35.0,35.0,36.0,36.0,36.0,37.0,37.0,38.0,39.0,40.0,46.0,28.0,1000.2941176593304,1000.4980392158031,1000.6549019813538,1000.7686274647713,1000.8823529481888,2000.3176470696926,2000.6313725709915,3000.0823529437184,3000.4235294163227,3001.0,146.7465057373047,154.7718505859375,159.88650512695312,164.0253448486328,167.84725952148438,171.62411499023438,175.88018341064452,181.97540283203125,197.95803833007812,345.8474426269531,223.67172,1.0,test_data/Useful/Validation/Half inch at 1 ft/WhatsApp Image 2024-08-22 at 11.32.49.jpeg,363.0,158.0,27.61422733494097
86,2.0,4.0,6.0,8.0,9.0,10.0,11.0,12.0,13.0,14.0,14.0,15.0,15.0,16.0,16.0,17.0,17.0,17.0,18.0,18.0,19.0,19.0,20.0,20.0,20.0,21.0,21.0,22.0,22.0,22.0,22.0,23.0,23.0,23.0,24.0,24.0,24.0,24.0,25.0,25.0,25.0,25.0,25.0,26.0,26.0,26.0,26.0,26.0,27.0,27.0,27.0,27.0,28.0,28.0,28.0,28.0,28.0,28.0,29.0,29.0,29.0,29.0,29.0,30.0,30.0,30.0,30.0,30.0,30.0,31.0,31.0,31.0,31.0,31.0,32.0,32.0,32.0,32.0,32.0,32.0,33.0,33.0,33.0,33.0,34.0,34.0,34.0,34.0,35.0,35.0,35.0,36.0,36.0,36.0,37.0,37.0,38.0,39.0,40.0,45.0,30.0,1000.286274522543,1000.486274510622,1000.6431372761726,1000.7647058963776,1000.9019607901573,2000.3568627536297,2000.611764729023,2000.9098039269447,3000.380392163992,3001.0,147.21737823486328,155.08119201660156,160.17564392089844,164.2611511230469,167.99740600585938,171.69826965332032,175.92738647460936,181.99676513671875,197.75820922851562,345.78533935546875,223.51736,1.0,test_data/Useful/Validation/Half inch at 1 ft/WhatsApp Image 2024-08-22 at 11.32.50.jpeg,390.0,151.0,34.47132595168284
87,0.0,3.0,5.0,8.0,9.0,10.0,11.0,12.0,13.0,14.0,15.0,15.0,16.0,17.0,17.0,18.0,18.0,18.0,19.0,19.0,20.0,20.0,20.0,21.0,21.0,22.0,22.0,22.0,23.0,23.0,23.0,23.0,24.0,24.0,24.0,24.0,25.0,25.0,25.0,25.0,25.0,26.0,26.0,26.0,26.0,26.0,27.0,27.0,27.0,27.0,27.0,28.0,28.0,28.0,28.0,28.0,28.429999999999836,29.0,29.0,29.0,29.0,30.0,30.0,30.0,30.0,30.0,30.0,31.0,31.0,31.0,31.0,31.0,32.0,32.0,32.0,32.0,32.0,33.0,33.0,33.0,33.0,33.0,33.0,34.0,34.0,34.0,35.0,35.0,35.0,35.0,36.0,36.0,36.0,37.0,37.0,38.0,38.0,39.0,40.0,47.0,31.0,1000.3098039329052,1000.517647087574,1000.6745098233223,1000.7843137383461,1000.9411764740944,2000.4235294163227,2000.678431391716,3000.113725490868,3000.4274509847164,3001.0,146.76516723632812,154.7189178466797,159.83717346191406,164.03382873535156,167.8187713623047,171.6032257080078,175.9163055419922,182.0255584716797,198.03173828125,345.8462829589844,223.6241,1.0,test_data/Useful/Validation/Half inch at 1 ft/WhatsApp Image 2024-08-22 at 11.32.51.jpeg,376.0,160.0,35.2602675607074
88,1.0,5.0,7.0,8.0,9.0,10.939999999999998,12.0,12.0,13.909999999999997,14.0,15.0,15.0,16.0,16.0,17.0,17.0,17.83000000000004,18.0,18.0,19.0,19.0,20.0,20.0,20.0,21.0,21.0,21.0,21.0,22.0,22.0,22.0,23.0,23.0,23.0,23.649999999999977,24.0,24.0,24.0,24.0,25.0,25.0,25.0,25.0,25.0,26.0,26.0,26.0,26.0,26.0,27.0,27.0,27.0,27.0,28.0,28.0,28.0,28.0,28.0,29.0,29.0,29.0,29.0,29.0,30.0,30.0,30.0,30.0,30.0,31.0,31.0,31.0,31.0,31.0,32.0,32.0,32.0,32.0,32.0,33.0,33.0,33.0,33.0,33.17000000000007,34.0,34.0,34.0,34.0,35.0,35.0,35.0,36.0,36.0,37.0,37.0,38.0,38.0,38.0,39.0,41.0,44.0,31.0,1000.3098039329052,1000.5254902243614,1000.6823529601097,1000.8000000119209,1001.0,2000.4156862795353,2000.6549019813538,3000.0078431377187,3000.403921574354,3001.0,146.92526092529297,154.85528564453125,159.95510864257812,164.08018493652344,167.8292999267578,171.65447998046875,175.8954620361328,181.96127319335938,197.88583374023438,345.85595703125,223.75703,1.0,test_data/Useful/Validation/Half inch at 1 ft/WhatsApp Image 2024-08-22 at 11.32.52.jpeg,342.0,139.0,24.752891039355788
89,0.0,2.0,5.0,7.0,9.0,10.0,11.0,12.0,12.0,13.0,14.0,15.0,15.0,16.0,16.0,17.0,17.0,18.0,18.0,18.0,19.0,19.0,20.0,20.0,20.0,21.0,21.0,21.0,21.0,22.0,22.0,22.0,23.0,23.0,23.0,23.639999999999986,24.0,24.0,24.0,24.0,25.0,25.0,25.0,25.0,25.0,26.0,26.0,26.0,26.0,27.0,27.0,27.0,27.0,27.460000000000036,28.0,28.0,28.0,28.0,29.0,29.0,29.0,29.0,29.0,30.0,30.0,30.0,30.0,30.0,30.0,31.0,31.0,31.0,31.0,31.0,32.0,32.0,32.0,32.0,32.0,33.0,33.0,33.0,33.0,34.0,34.0,34.0,34.0,35.0,35.0,35.0,36.0,36.0,36.0,37.0,37.0,38.0,38.0,39.0,40.0,48.0,30.0,1000.2823529541492,1000.4823529422283,1000.6431372761726,1000.7568627595901,1000.8705882430077,2000.298039227724,2000.6039215922356,2000.9098039269447,3000.3960784375668,3001.0,147.45966491699218,155.38811645507812,160.40330505371094,164.51673889160156,168.29537963867188,171.98480224609375,176.2373504638672,182.18905639648438,197.96852111816406,345.8540344238281,223.49022,1.0,test_data/Useful/Validation/Half inch at 1 ft/WhatsApp Image 2024-08-22 at 11.32.53 (1).jpeg,406.0,151.0,30.20830168168026
90,0.0,2.0,6.0,7.0,9.0,10.0,11.0,12.0,13.0,14.0,14.0,15.0,15.0,16.0,16.849999999999966,17.0,17.0,18.0,18.0,18.0,19.0,19.0,20.0,20.0,20.0,20.0,21.0,21.0,21.0,21.0,22.0,22.0,22.0,23.0,23.0,23.0,23.0,24.0,24.0,24.0,24.0,25.0,25.0,25.0,25.0,26.0,26.0,26.0,26.0,27.0,27.0,27.0,27.0,27.0,28.0,28.0,28.0,28.0,28.0,29.0,29.0,29.0,29.0,29.0,30.0,30.0,30.0,30.0,30.0,31.0,31.0,31.0,31.0,31.0,31.0,32.0,32.0,32.0,32.0,32.0,33.0,33.0,33.0,33.0,34.0,34.0,34.0,34.0,35.0,35.0,36.0,36.0,36.0,37.0,37.0,37.0,38.0,39.0,41.0,44.0,31.0,1000.3137255012989,1000.5215686559677,1000.678431391716,1000.7921568751335,1000.9490196108818,2000.3568627536297,2000.6039215922356,2000.8470588326454,3000.380392163992,3001.0,147.0657958984375,154.84312438964844,159.9350128173828,164.09912109375,167.84326171875,171.60586547851562,175.86111450195312,181.9320831298828,198.0250244140625,345.8442687988281,223.83032,1.0,test_data/Useful/Validation/Half inch at 1 ft/WhatsApp Image 2024-08-22 at 11.32.53 (2).jpeg,402.0,144.0,27.28582945499619
91,1.0,4.0,6.0,8.0,9.0,11.0,12.0,13.0,14.0,14.0,15.0,16.0,16.0,17.0,17.0,18.0,18.0,19.0,19.0,20.0,20.0,20.0,21.0,21.0,21.0,22.0,22.0,22.0,23.0,23.0,23.0,23.0,23.0,24.0,24.0,24.0,24.0,25.0,25.0,25.0,25.0,25.0,26.0,26.0,26.0,26.0,27.0,27.0,27.0,27.0,27.0,27.0,28.0,28.0,28.0,28.0,28.0,29.0,29.0,29.0,29.0,29.0,30.0,30.0,30.0,30.0,30.0,30.0,31.0,31.0,31.0,31.0,31.0,32.0,32.0,32.0,32.0,32.0,33.0,33.0,33.0,33.0,34.0,34.0,34.0,34.0,34.0,35.0,35.0,35.0,36.0,36.0,36.0,37.0,37.0,38.0,38.0,39.0,41.0,44.0,27.0,1000.2941176593304,1000.4980392158031,1000.6549019813538,1000.7686274647713,1000.9019607901573,2000.364705890417,2000.623529434204,2000.89411765337,3000.3882353007793,3001.0,146.84165802001954,154.6732971191406,159.80679168701172,163.95709228515625,167.720703125,171.50864868164064,175.75990295410156,181.9126739501953,197.8603515625,345.834228515625,223.55013,1.0,test_data/Useful/Validation/Half inch at 1 ft/WhatsApp Image 2024-08-22 at 11.32.53.jpeg,337.0,121.0,33.248448747685515
92,0.0,3.0,5.0,7.0,9.0,10.0,11.0,12.0,13.0,14.0,15.0,15.0,16.0,16.0,16.0,17.0,17.0,18.0,18.0,19.0,19.0,19.0,20.0,20.0,21.0,21.0,21.0,22.0,22.0,22.0,22.0,23.0,23.0,23.0,23.0,24.0,24.0,24.0,24.0,25.0,25.0,25.0,25.0,25.0,26.0,26.0,26.0,26.0,27.0,27.0,27.0,27.0,27.0,27.0,28.0,28.0,28.0,28.0,28.0,29.0,29.0,29.0,29.0,29.0,30.0,30.0,30.0,30.0,30.0,30.0,31.0,31.0,31.0,31.0,31.0,32.0,32.0,32.0,32.0,32.0,33.0,33.0,33.0,33.0,33.0,34.0,34.0,34.0,34.0,35.0,35.0,36.0,36.0,36.0,37.0,37.0,38.0,38.01999999999998,39.00999999999976,45.0,30.0,1000.3058823645115,1000.5098039507866,1000.6588235497475,1000.772549033165,1000.9019607901573,2000.3372549116611,2000.5921568870544,2000.8431372642517,3000.376470595598,3001.0,146.82025146484375,154.71673583984375,159.83447265625,164.02915649414064,167.82159423828125,171.59120483398436,175.84622650146486,181.89632568359377,197.97218322753906,345.83587646484375,223.60518,1.0,test_data/Useful/Validation/Half inch at 1 ft/WhatsApp Image 2024-08-22 at 11.32.54 (1).jpeg,368.0,134.0,26.37413251251139
93,0.0,2.0,4.0,6.0,8.0,9.939999999999998,11.0,12.0,13.0,13.0,14.0,15.0,15.0,16.0,16.0,17.0,17.0,18.0,18.0,18.0,19.0,19.0,20.0,20.0,20.0,20.0,21.0,21.0,21.0,22.0,22.0,22.0,23.0,23.0,23.0,23.0,24.0,24.0,24.0,24.0,25.0,25.0,25.0,25.0,25.0,26.0,26.0,26.0,26.0,26.0,26.0,27.0,27.0,27.0,27.0,27.0,28.0,28.0,28.0,28.0,28.0,28.0,29.0,29.0,29.0,29.0,29.0,30.0,30.0,30.0,30.0,30.0,30.0,31.0,31.0,31.0,31.0,32.0,32.0,32.0,32.0,33.0,33.0,33.0,33.0,34.0,34.0,34.0,34.0,35.0,35.0,35.0,36.0,36.0,37.0,37.0,38.0,39.0,40.0,43.0,28.0,1000.3137255012989,1000.5098039507866,1000.6588235497475,1000.7647058963776,1000.8980392217636,2000.3333333432674,2000.5764706134796,2000.8078431487083,3000.3607843220234,3001.0,144.42575225830078,152.45047302246093,157.69644165039062,161.99016723632812,165.9355697631836,169.94100036621094,174.4302520751953,181.01028442382812,197.69911193847656,345.83380126953125,224.09082,1.0,test_data/Useful/Validation/Half inch at 1 ft/WhatsApp Image 2024-08-22 at 11.32.54 (2).jpeg,369.0,147.0,29.396711439584877
94,1.0,4.0,6.0,8.0,10.0,10.0,12.0,13.0,13.0,14.0,14.0,15.0,16.0,16.0,17.0,17.0,18.0,18.0,19.0,19.0,19.789999999999964,20.0,20.0,21.0,21.0,21.0,22.0,22.0,22.0,22.0,23.0,23.0,23.0,23.0,24.0,24.0,24.0,24.0,25.0,25.0,25.0,25.0,26.0,26.0,26.0,26.0,26.0,26.0,27.0,27.0,27.0,27.0,27.0,28.0,28.0,28.0,28.0,28.0,28.0,29.0,29.0,29.0,29.0,29.0,30.0,30.0,30.0,30.0,30.0,31.0,31.0,31.0,31.0,31.0,31.0,32.0,32.0,32.0,32.0,32.0,33.0,33.0,33.0,33.0,34.0,34.0,34.0,34.0,35.0,35.0,35.0,36.0,36.0,37.0,37.0,37.0,38.0,39.0,40.0,47.0,31.0,1000.3176470696926,1000.5215686559677,1000.6745098233223,1000.7882353067398,1000.933333337307,2000.364705890417,2000.611764729023,2000.878431379795,3000.392156869173,3001.0,145.77145538330078,153.70506591796874,158.8943344116211,163.1757598876953,166.97381591796875,170.84869995117188,175.21439361572266,181.45713806152344,197.87599182128906,345.84124755859375,223.70871,1.0,test_data/Useful/Validation/Half inch at 1 ft/WhatsApp Image 2024-08-22 at 11.32.54.jpeg,340.0,136.0,30.084692490446283
95,0.0,3.0,5.0,8.0,9.0,10.0,11.0,12.0,13.0,14.0,15.0,15.0,16.0,16.0,17.0,17.0,18.0,18.0,19.0,19.0,19.0,20.0,20.0,20.0,21.0,21.0,21.0,21.720000000000027,22.0,22.0,22.0,23.0,23.0,23.0,23.0,24.0,24.0,24.0,24.0,25.0,25.0,25.0,25.0,25.0,26.0,26.0,26.0,26.0,26.50999999999999,27.0,27.0,27.0,27.0,27.0,28.0,28.0,28.0,28.0,29.0,29.0,29.0,29.0,29.0,30.0,30.0,30.0,30.0,30.0,30.0,31.0,31.0,31.0,31.0,31.0,32.0,32.0,32.0,32.0,32.0,33.0,33.0,33.0,33.0,34.0,34.0,34.0,34.0,35.0,35.0,35.0,36.0,36.0,36.0,37.0,37.0,38.0,38.0,39.0,40.0,47.0,30.0,1000.3098039329052,1000.5137255191803,1000.6666666865349,1000.772549033165,1000.8901960849762,2000.32549020648,2000.5921568870544,2000.8470588326454,3000.3882353007793,3001.0,146.58938751220703,154.50538330078126,159.7000244140625,163.92396850585936,167.72642517089844,171.50697021484376,175.8163833618164,181.9771728515625,197.88525390625,345.869140625,223.64479,1.0,test_data/Useful/Validation/Half inch at 1 ft/WhatsApp Image 2024-08-22 at 11.32.55 (1).jpeg,379.0,149.0,25.502589775136343
96,1.0,4.0,6.0,8.0,10.0,11.0,12.0,13.0,14.0,14.0,15.0,16.0,16.0,17.0,17.0,18.0,18.0,19.0,19.0,19.0,20.0,20.0,21.0,21.0,21.0,22.0,22.0,22.0,23.0,23.0,23.0,23.0,23.0,24.0,24.0,24.0,24.0,25.0,25.0,25.0,25.0,25.0,26.0,26.0,26.0,26.0,26.0,27.0,27.0,27.0,27.0,27.0,27.0,28.0,28.0,28.0,28.0,29.0,29.0,29.0,29.0,29.0,29.0,30.0,30.0,30.0,30.0,30.0,31.0,31.0,31.0,31.0,31.0,31.0,32.0,32.0,32.0,32.0,33.0,33.0,33.0,33.0,33.0,34.0,34.0,34.0,34.0,35.0,35.0,35.0,35.0,36.0,36.0,37.0,37.0,37.0,38.0,39.0,41.0,46.0,31.0,1000.3176470696926,1000.517647087574,1000.6627451181412,1000.7686274647713,1000.9098039269447,2000.3450980484486,2000.5803921818733,2000.8078431487083,3000.3607843220234,3001.0,145.2932876586914,153.1090545654297,158.35646057128906,162.58226013183594,166.4706268310547,170.41465454101564,174.83240356445313,181.29086303710938,197.85598754882812,345.8269958496094,224.11644,1.0,test_data/Useful/Validation/Half inch at 1 ft/WhatsApp Image 2024-08-22 at 11.32.55 (2).jpeg,346.0,143.0,34.61531395837005
97,0.0,3.0,6.0,8.0,9.0,10.0,11.0,12.0,13.0,14.0,14.889999999999986,15.0,16.0,16.0,17.0,17.0,18.0,18.0,18.0,19.0,19.0,20.0,20.0,20.0,21.0,21.0,21.0,22.0,22.0,22.0,22.0,23.0,23.0,23.0,24.0,24.0,24.0,25.0,25.0,25.0,25.0,26.0,26.0,26.0,26.0,26.0,26.0,27.0,27.0,27.0,27.0,27.0,28.0,28.0,28.0,28.0,28.0,29.0,29.0,29.0,29.0,29.0,29.0,30.0,30.0,30.0,30.0,30.0,30.0,31.0,31.0,31.0,31.0,31.0,32.0,32.0,32.0,32.0,33.0,33.0,33.0,33.0,33.0,34.0,34.0,34.0,34.0,34.0,35.0,35.0,35.0,36.0,36.0,37.0,37.0,37.0,38.0,39.0,40.0,47.0,26.0,1000.3019607961178,1000.5058823823929,1000.6588235497475,1000.772549033165,1000.9098039269447,2000.3490196168423,2000.6039215922356,2000.8627451062202,3000.380392163992,3001.0,147.08297729492188,154.80197143554688,159.89337158203125,164.07070922851562,167.8350830078125,171.63138122558593,175.87470550537108,181.95936584472656,197.85781860351562,345.829345703125,223.78807,1.0,test_data/Useful/Validation/Half inch at 1 ft/WhatsApp Image 2024-08-22 at 11.32.55.jpeg,358.0,133.0,28.33217217980996
98,0.0,3.0,5.969999999999999,8.0,9.0,11.0,11.930000000000007,12.920000000000016,14.0,14.0,15.0,15.0,16.0,16.0,17.0,18.0,18.0,18.0,19.0,19.0,20.0,20.0,20.0,21.0,21.0,21.0,22.0,22.0,22.0,23.0,23.0,23.0,23.0,23.660000000000082,24.0,24.0,24.0,24.0,25.0,25.0,25.0,25.0,25.0,26.0,26.0,26.0,26.0,26.0,27.0,27.0,27.0,27.0,27.0,28.0,28.0,28.0,28.0,28.0,29.0,29.0,29.0,29.0,29.0,29.0,30.0,30.0,30.0,30.0,30.0,30.0,31.0,31.0,31.0,31.0,32.0,32.0,32.0,32.0,32.0,33.0,33.0,33.0,33.0,33.0,34.0,34.0,34.0,34.0,35.0,35.0,35.0,36.0,36.0,36.0,37.0,37.0,38.0,39.0,40.0,48.0,29.0,1000.3137255012989,1000.517647087574,1000.6666666865349,1000.7764706015587,1000.9215686321259,2000.3450980484486,2000.5882353186607,2000.8235294222832,3000.364705890417,3001.0,146.84893798828125,154.70896911621094,159.90353393554688,164.03427124023438,167.7432098388672,171.49443359375,175.82657165527343,181.8824920654297,197.93136596679688,345.8360290527344,223.82417,1.0,test_data/Useful/Validation/Half inch at 1 ft/WhatsApp Image 2024-08-22 at 11.32.56 (1).jpeg,379.0,165.0,28.601453708768286
99,0.0,3.0,5.0,7.960000000000008,9.0,10.0,12.0,12.0,13.0,14.0,15.0,15.0,16.0,16.0,17.0,17.0,18.0,18.0,19.0,19.0,20.0,20.0,20.0,21.0,21.0,21.0,22.0,22.0,22.0,22.0,23.0,23.0,23.0,23.0,24.0,24.0,24.0,24.0,25.0,25.0,25.0,25.0,26.0,26.0,26.0,26.0,26.0,27.0,27.0,27.0,27.0,27.0,28.0,28.0,28.0,28.0,28.0,28.0,29.0,29.0,29.0,29.0,29.0,30.0,30.0,30.0,30.0,30.0,31.0,31.0,31.0,31.0,31.0,31.0,32.0,32.0,32.0,32.0,32.0,33.0,33.0,33.0,33.0,33.0,34.0,34.0,34.0,35.0,35.0,35.0,35.0,36.0,36.0,37.0,37.0,38.0,38.0,39.0,40.0,45.0,31.0,1000.3019607961178,1000.4980392158031,1000.6470588445663,1000.7529411911964,1000.866666674614,2000.298039227724,2000.5764706134796,2000.8313725590706,3000.3725490272045,3001.0,146.302001953125,154.16258239746094,159.4244384765625,163.6342010498047,167.4234161376953,171.27161560058593,175.62451171875,181.88063049316406,197.7919921875,345.841552734375,223.53445,1.0,test_data/Useful/Validation/Half inch at 1 ft/WhatsApp Image 2024-08-22 at 11.32.56.jpeg,347.0,144.0,31.39381378576846
100,0.0,3.0,5.0,6.0,7.0,8.0,10.0,11.0,12.0,13.0,13.0,14.0,15.0,15.0,15.849999999999966,16.0,16.0,17.0,17.0,18.0,18.0,19.0,19.0,20.0,20.0,20.0,21.0,21.0,21.0,21.0,22.0,22.0,22.0,23.0,23.0,23.0,23.0,23.0,24.0,24.0,24.0,24.0,24.0,25.0,25.0,25.0,25.0,26.0,26.0,26.0,26.0,26.0,27.0,27.0,27.0,27.0,27.0,28.0,28.0,28.0,28.0,28.0,29.0,29.0,29.0,29.0,29.0,29.0,30.0,30.0,30.0,30.0,30.0,31.0,31.0,31.0,31.0,31.0,32.0,32.0,32.0,32.0,33.0,33.0,33.0,33.0,33.0,34.0,34.0,34.0,35.0,35.0,35.0,36.0,36.0,37.0,37.0,38.0,39.0,44.0,30.0,1000.2941176593304,1000.4784313738346,1000.6196078658104,1000.7215686440468,1000.8196078538895,2000.1843137294054,2000.4901960790157,2000.7372549176216,3000.341176480055,3001.0,143.7924041748047,151.92498779296875,157.2778778076172,161.70242309570312,165.79308319091797,169.8706817626953,174.48475646972656,181.14420166015626,197.6439208984375,345.85552978515625,224.38525,1.0,test_data/Useful/Validation/Half inch at 1 ft/WhatsApp Image 2024-08-22 at 11.33.04.jpeg,368.0,129.0,25.256189785387377
101,0.990000000000002,3.0,5.0,7.0,9.0,10.0,11.0,12.0,12.0,13.0,14.0,15.0,15.0,16.0,16.0,17.0,17.0,18.0,18.0,19.0,19.0,19.0,20.0,20.0,20.0,20.0,21.0,21.0,22.0,22.0,22.0,23.0,23.0,23.0,23.0,24.0,24.0,24.0,24.0,24.0,25.0,25.0,25.0,25.0,26.0,26.0,26.0,26.0,26.0,27.0,27.0,27.0,27.0,27.0,28.0,28.0,28.0,28.0,28.0,28.0,29.0,29.0,29.0,29.0,29.0,30.0,30.0,30.0,30.0,30.0,30.0,31.0,31.0,31.0,31.0,31.0,32.0,32.0,32.0,32.0,33.0,33.0,33.0,33.0,34.0,34.0,34.0,34.0,35.0,35.0,35.0,36.0,36.0,37.0,37.0,38.0,38.0,39.0,40.0,47.0,29.0,1000.2941176593304,1000.4901960790157,1000.6352941393852,1000.7411764860153,1000.8352941274643,2000.149019613862,2000.4784313738346,2000.7254902124405,3000.3176470696926,3001.0,147.09102630615234,154.8924102783203,159.98846435546875,164.1728973388672,167.98898315429688,171.75540161132812,175.99859619140625,182.05068969726562,197.76324462890625,345.8907470703125,223.4812,1.0,test_data/Useful/Validation/Half inch at 1 ft/WhatsApp Image 2024-08-22 at 11.33.05 (1).jpeg,354.0,146.0,34.79123189828635
102,0.990000000000002,3.0,5.0,8.0,9.0,10.0,11.0,12.0,13.0,13.0,14.0,15.0,16.0,16.0,17.0,17.0,17.0,18.0,18.0,19.0,19.0,19.0,20.0,20.0,20.75,21.0,21.0,21.0,22.0,22.0,22.0,22.0,23.0,23.0,23.0,23.0,24.0,24.0,24.0,24.0,25.0,25.0,25.0,25.0,26.0,26.0,26.0,26.0,26.0,26.0,27.0,27.0,27.0,27.0,27.0,28.0,28.0,28.0,28.0,28.0,28.0,29.0,29.0,29.0,29.0,29.0,30.0,30.0,30.0,30.0,30.0,31.0,31.0,31.0,31.0,31.0,32.0,32.0,32.0,32.0,32.0,33.0,33.0,33.0,33.0,34.0,34.0,34.0,34.0,34.0,35.0,35.0,36.0,36.0,37.0,37.0,38.0,39.0,40.0,44.0,26.0,1000.286274522543,1000.4823529422283,1000.6274510025978,1000.7372549176216,1000.8431372642517,2000.2274509817362,2000.5058823823929,2000.7411764860153,3000.32549020648,3001.0,146.2928924560547,154.2117156982422,159.49452209472656,163.6807403564453,167.494384765625,171.26181030273438,175.57171630859375,181.67431640625,197.66542053222656,345.83380126953125,223.60428,1.0,test_data/Useful/Validation/Half inch at 1 ft/WhatsApp Image 2024-08-22 at 11.33.05.jpeg,368.0,143.0,33.36004067450647
103,0.0,3.0,5.0,7.0,8.950000000000003,10.0,11.0,12.0,13.0,14.0,14.0,15.0,15.0,16.0,17.0,17.0,17.0,18.0,18.0,19.0,19.0,19.0,20.0,20.0,21.0,21.0,21.0,22.0,22.0,22.0,22.0,23.0,23.0,23.0,23.0,24.0,24.0,24.0,24.0,24.0,25.0,25.0,25.0,25.0,26.0,26.0,26.0,26.0,26.0,26.0,27.0,27.0,27.0,27.0,27.0,27.0,28.0,28.0,28.0,28.0,28.0,29.0,29.0,29.0,29.0,29.0,30.0,30.0,30.0,30.0,30.0,30.279999999999973,31.0,31.0,31.0,31.0,32.0,32.0,32.0,32.0,32.0,33.0,33.0,33.0,33.0,34.0,34.0,34.0,35.0,35.0,35.0,35.0,36.0,36.0,36.0,37.0,38.0,38.01999999999998,40.0,46.0,30.0,1000.2980392277241,1000.4980392158031,1000.6470588445663,1000.7529411911964,1000.8549019694328,2000.2352941185236,2000.5137255191803,2000.7490196228027,3000.3333333432674,3001.0,146.96102905273438,154.9230499267578,160.09812927246094,164.22817993164062,167.97488403320312,171.72293090820312,175.9744110107422,182.07937622070312,197.72528076171875,345.877197265625,223.55232,1.0,test_data/Useful/Validation/Half inch at 1 ft/WhatsApp Image 2024-08-22 at 11.33.06 (1).jpeg,387.0,160.0,28.326494038855785
104,1.0,4.0,6.0,7.0,9.0,10.0,11.0,12.0,13.0,13.0,14.0,14.0,15.0,15.0,16.0,16.0,17.0,17.0,18.0,18.0,19.0,19.0,20.0,20.0,20.0,21.0,21.0,21.0,22.0,22.0,22.0,22.0,23.0,23.0,23.0,23.0,24.0,24.0,24.0,24.0,25.0,25.0,25.0,25.0,25.0,26.0,26.0,26.0,26.0,26.0,26.0,27.0,27.0,27.0,27.0,27.0,28.0,28.0,28.0,28.0,28.0,29.0,29.0,29.0,29.0,29.0,29.0,30.0,30.0,30.0,30.0,30.0,31.0,31.0,31.0,31.0,32.0,32.0,32.0,32.0,32.0,33.0,33.0,33.0,34.0,34.0,34.0,35.0,35.0,35.0,35.0,36.0,36.0,36.0,37.0,38.0,38.0,39.0,40.0,44.0,29.0,1000.3137255012989,1000.5137255191803,1000.6627451181412,1000.7647058963776,1000.8745098114014,2000.286274522543,2000.5529412031174,2000.7764706015587,3000.364705890417,3001.0,146.73956604003905,154.5706359863281,159.7268524169922,163.90204772949218,167.74150848388672,171.53220825195314,175.91327819824218,182.01150512695312,198.0165252685547,345.9048156738281,223.46114,1.0,test_data/Useful/Validation/Half inch at 1 ft/WhatsApp Image 2024-08-22 at 11.33.06 (2).jpeg,376.0,143.0,33.31544829959188
0,0.0,0.0,0.0,0.0,0.0,0.0,0.0,0.0,0.0,0.0,0.0,0.0,0.0,0.0,0.0,0.0,0.0,0.0,0.0,0.0,0.0,0.0,0.0,0.0,0.0,0.0,0.0,0.0,0.0,0.0,0.0,0.0,0.0,0.0,0.0,0.0,0.0,0.0,0.0,0.0,0.0,0.0,0.0,0.0,0.0,0.0,0.0,0.0,0.0,0.0,0.0,0.0,0.0,0.0,0.0,0.0,0.0,0.0,0.0,0.0,0.0,0.0,0.0,0.0,0.0,0.0,0.0,0.0,0.0,1.0,1.0,2.0,3.0,4.0,5.0,5.240000000000009,7.0,8.0,9.0,10.0,11.0,12.0,13.0,14.0,15.0,16.0,17.0,18.0,19.0,20.0,21.0,22.0,24.0,25.0,26.049999999999727,28.0,29.0,31.0,34.0,43.0,0.0,1000.6941176652908,1000.7294117808342,1000.7529411911964,1000.772549033165,1000.7921568751335,1000.8078431487083,1000.8274509906769,1000.8431372642517,1000.8705882430077,1001.0,152.48736572265625,160.27340698242188,165.21095275878906,169.08253173828126,172.4607925415039,175.71947021484374,179.13010253906248,183.22445068359374,190.66785583496096,346.71466064453125,210.16595,6.0,test_data/Useful/Validation/Nsk-White-Sand-Close/20240201_072439.jpg,165.0,90.0,31.4901424590337
1,0.0,0.0,0.0,0.0,0.0,0.0,0.0,0.0,0.0,0.0,0.0,0.0,0.0,0.0,0.0,0.0,0.0,0.0,0.0,0.0,0.0,0.0,0.0,0.0,0.0,0.0,0.0,0.0,0.0,0.0,0.0,0.0,0.0,0.0,0.0,0.0,0.0,0.0,0.0,0.0,0.0,0.0,0.0,0.0,0.0,0.0,0.0,0.0,0.0,0.0,0.0,0.0,0.0,0.0,0.0,0.0,0.0,0.0,0.0,0.0,0.0,0.0,0.0,1.0,2.0,2.0,3.0,3.0,4.0,5.0,5.289999999999964,7.0,7.0,8.259999999999991,10.0,11.0,12.0,13.0,14.0,15.0,16.0,17.0,18.0,20.0,21.0,22.0,23.0,24.0,26.0,27.0,28.0,29.0,30.0,32.0,33.0,34.0,35.0,36.01999999999998,39.0,47.0,0.0,1000.65098041296,1000.705882370472,1000.7411764860153,1000.7686274647713,1000.7960784435272,1000.8235294222832,1000.8470588326454,1000.8784313797951,1000.9215686321259,1001.0,157.5272216796875,165.20034790039062,170.10821533203125,173.88226318359375,177.2072525024414,180.35732727050782,183.61010284423827,187.42677612304686,193.4534683227539,346.6014099121094,207.40921,6.0,test_data/Useful/Validation/Nsk-White-Sand-Close/20240201_072443.jpg,136.0,95.0,29.585207096486446
2,0.0,0.0,0.0,0.0,0.0,0.0,0.0,0.0,0.0,0.0,0.0,0.0,0.0,0.0,0.0,0.0,0.0,0.0,0.0,0.0,0.0,0.0,0.0,0.0,0.0,0.0,0.0,0.0,0.0,0.0,0.0,0.0,0.0,0.0,0.0,0.0,0.0,0.0,0.0,0.0,0.0,0.0,0.0,0.0,0.0,0.0,0.0,0.0,0.0,0.0,0.0,0.0,0.0,0.0,0.0,0.0,0.0,0.0,0.0,0.0,0.0,0.0,0.0,0.0,0.0,0.0,0.0,0.0,0.0,0.0,0.0,0.0,0.0,1.0,1.0,2.0,3.0,4.0,5.0,6.0,7.0,9.0,11.0,12.0,13.0,14.0,16.0,17.11999999999989,19.0,21.0,22.0,24.0,25.0,27.0,28.0,29.039999999999964,31.0,34.0,37.00999999999976,45.0,0.0,1000.6901960968971,1000.7254902124405,1000.7568627595901,1000.7843137383461,1000.8078431487083,1000.8274509906769,1000.8509804010391,1000.8745098114014,1000.9098039269447,1001.0,153.88717651367188,161.78436279296875,166.64946746826172,170.46035766601562,173.7452850341797,176.875732421875,180.22110748291016,184.1476623535156,190.84964294433593,346.6890869140625,207.45049,6.0,test_data/Useful/Validation/Nsk-White-Sand-Close/20240201_072444.jpg,121.0,66.0,31.94306561430208
3,0.0,0.0,0.0,0.0,0.0,0.0,0.0,0.0,0.0,0.0,0.0,0.0,0.0,0.0,0.0,0.0,0.0,0.0,0.0,0.0,0.0,0.0,0.0,0.0,0.0,0.0,0.0,0.0,0.0,0.0,0.0,0.0,0.0,0.0,0.0,0.0,0.0,0.0,0.0,0.0,0.0,0.0,0.0,0.0,0.0,0.0,0.0,0.0,0.0,0.0,0.0,0.0,0.0,0.0,0.0,0.0,0.0,0.0,0.0,0.0,0.0,0.0,0.0,0.0,0.0,0.0,1.0,2.0,2.0,3.0,4.0,5.0,6.0,7.0,7.0,8.0,9.0,10.0,11.210000000000036,12.200000000000045,13.0,15.0,16.0,17.0,18.0,19.0,20.0,21.0,22.0,24.0,25.090000000000146,27.0,28.0,29.0,31.0,32.0,33.029999999999745,36.0,39.0,43.0,0.0,1000.6470588445663,1000.6941176652908,1000.7254902124405,1000.7529411911964,1000.772549033165,1000.7960784435272,1000.8196078538895,1000.8431372642517,1000.8784313797951,1001.0,156.5565628051758,164.24400634765624,169.15814361572265,172.99614562988282,176.33155822753906,179.42640686035156,182.67324829101562,186.49734191894532,192.62362670898438,346.57452392578125,207.07352,6.0,test_data/Useful/Validation/Nsk-White-Sand-Close/20240201_072445.jpg,138.0,94.0,34.569089569224076
4,0.0,0.0,0.0,0.0,0.0,0.0,0.0,0.0,0.0,0.0,0.0,0.0,0.0,0.0,0.0,0.0,0.0,0.0,0.0,0.0,0.0,0.0,0.0,0.0,0.0,0.0,0.0,0.0,0.0,0.0,0.0,0.0,0.0,0.0,0.0,0.0,0.0,0.0,0.0,0.0,0.0,0.0,0.0,0.0,0.0,0.0,0.0,0.0,0.0,0.0,0.0,0.0,0.0,0.0,0.0,0.0,0.0,0.0,0.0,0.0,0.0,0.0,0.0,0.0,0.0,0.0,0.0,0.0,0.0,0.0,0.0,0.0,0.0,0.0,1.0,1.0,2.0,3.0,4.0,5.0,6.0,7.0,9.0,10.0,11.0,12.139999999999873,14.0,15.0,16.0,18.0,19.0,20.0,21.0,23.0,24.0,26.0,28.0,30.0,33.00999999999976,41.0,0.0,1000.6980392336845,1000.7333333492279,1000.7568627595901,1000.7803921699524,1000.8000000119209,1000.8156862854958,1000.8313725590706,1000.8470588326454,1000.8705882430077,1001.0,148.6111099243164,156.26824340820312,161.29052734375,165.17037963867188,168.60414123535156,171.9685516357422,175.57559204101562,180.04647827148438,188.90257263183594,346.73175048828125,209.91873,6.0,test_data/Useful/Validation/Nsk-White-Sand-Close/20240201_072446.jpg,191.0,96.0,29.29753987582999
5,0.0,0.0,0.0,0.0,0.0,0.0,0.0,0.0,0.0,0.0,0.0,0.0,0.0,0.0,0.0,0.0,0.0,0.0,0.0,0.0,0.0,0.0,0.0,0.0,0.0,0.0,0.0,0.0,0.0,0.0,0.0,0.0,0.0,0.0,0.0,0.0,0.0,0.0,0.0,0.0,0.0,0.0,0.0,0.0,0.0,0.0,0.0,0.0,0.0,0.0,0.0,0.0,0.0,0.0,0.0,0.0,0.0,0.0,0.0,0.0,0.0,1.0,2.0,2.3600000000001273,3.0,4.0,4.0,5.0,6.0,7.0,8.0,8.0,9.0,10.0,11.0,12.0,12.0,13.0,14.0,14.0,15.0,16.0,17.0,18.0,19.0,20.0,21.0,22.0,23.0,24.0,25.0,26.0,28.0,28.059999999999945,30.0,31.0,33.0,34.0,36.0,47.0,0.0,1000.7137255072594,1000.7490196228027,1000.772549033165,1000.7960784435272,1000.811764717102,1000.8274509906769,1000.8470588326454,1000.8627451062202,1000.8862745165825,1001.0,153.4446762084961,161.24249267578125,166.16793823242188,169.9246826171875,173.2880401611328,176.4446258544922,179.74920654296875,183.84141540527344,191.33425903320312,346.7843017578125,210.11758,6.0,test_data/Useful/Validation/Nsk-White-Sand-Close/20240201_072447.jpg,249.0,133.0,29.29758912915246
6,0.0,0.0,0.0,0.0,0.0,0.0,0.0,0.0,0.0,0.0,0.0,0.0,0.0,0.0,0.0,0.0,0.0,0.0,0.0,0.0,0.0,0.0,0.0,0.0,0.0,0.0,0.0,0.0,0.0,0.0,0.0,0.0,0.0,0.0,0.0,0.0,0.0,0.0,0.0,0.0,0.0,0.0,0.0,0.0,0.0,0.0,0.0,0.0,1.0,1.0,2.0,2.0,3.0,3.0,4.0,5.0,5.0,6.0,7.0,8.0,9.0,10.0,10.0,11.0,12.0,12.0,13.0,14.0,15.0,15.0,16.0,17.0,17.0,18.0,19.0,20.0,20.0,21.0,22.0,22.200000000000045,23.0,24.0,25.0,25.0,25.0,26.0,27.0,28.0,28.0,29.0,30.0,31.0,32.0,32.0,33.0,34.0,35.0,36.0,38.0,44.0,0.0,1000.6823529601097,1000.7176470756531,1000.7411764860153,1000.7607843279839,1000.7803921699524,1000.7960784435272,1000.8156862854958,1000.8352941274643,1000.8588235378265,2000.584313750267,155.26575469970703,163.02265014648438,167.8740234375,171.700634765625,175.00347137451172,178.1461608886719,181.51148834228516,185.4875030517578,192.64157104492188,346.64276123046875,211.27104,6.0,test_data/Useful/Validation/Nsk-White-Sand-Close/20240201_072451.jpg,265.0,156.0,34.737638446522176
7,0.0,0.0,0.0,0.0,0.0,0.0,0.0,0.0,0.0,0.0,0.0,0.0,0.0,0.0,0.0,0.0,0.0,0.0,0.0,0.0,0.0,0.0,0.0,0.0,0.0,0.0,0.0,0.0,0.0,0.0,0.0,0.0,0.0,0.0,0.0,0.0,0.0,0.0,0.0,0.0,0.0,0.0,0.0,0.0,0.0,0.0,0.0,0.0,0.0,0.0,0.0,0.0,0.0,0.0,0.0,0.0,1.0,1.0,2.0,3.0,3.0,4.0,5.0,6.0,7.0,7.0,8.0,8.320000000000164,9.0,10.0,11.0,12.0,13.0,14.0,15.0,15.0,16.0,17.0,18.0,19.0,20.0,21.0,22.0,22.159999999999854,23.15000000000009,24.139999999999873,25.0,26.0,27.0,28.0,29.0,30.0,31.0,31.0,32.0,33.0,35.0,36.0,38.0,44.0,0.0,1000.6392157077789,1000.6823529601097,1000.7098039388657,1000.7294117808342,1000.7529411911964,1000.7764706015587,1000.8000000119209,1000.8313725590706,1000.8705882430077,1001.0,157.20924072265626,164.88738403320312,169.73883209228515,173.51690063476562,176.85479736328125,179.99716186523438,183.24623107910156,187.04379272460938,193.28617095947266,346.4921875,208.55035,6.0,test_data/Useful/Validation/Nsk-White-Sand-Close/20240201_072452.jpg,178.0,123.0,32.302304187458724
8,0.0,0.0,0.0,0.0,0.0,0.0,0.0,0.0,0.0,0.0,0.0,0.0,0.0,0.0,0.0,0.0,0.0,0.0,0.0,0.0,0.0,0.0,0.0,0.0,0.0,0.0,0.0,0.0,0.0,0.0,0.0,0.0,0.0,0.0,0.0,0.0,0.0,0.0,0.0,0.0,0.0,0.0,0.0,0.0,0.0,0.0,0.0,0.0,0.0,0.0,0.0,0.0,0.0,0.0,0.0,0.0,0.0,0.0,0.0,0.0,0.0,1.0,1.0,2.0,2.0,3.0,4.0,4.0,5.0,6.0,7.0,8.0,9.0,10.0,10.0,11.0,12.0,13.0,14.0,15.0,15.190000000000055,17.0,18.0,18.0,19.0,20.0,22.0,23.0,24.0,25.0,26.0,27.0,28.0,29.0,31.0,32.0,33.0,35.0,37.0,45.0,0.0,1000.6352941393852,1000.678431391716,1000.705882370472,1000.7254902124405,1000.745098054409,1000.7686274647713,1000.7921568751335,1000.8196078538895,1000.8549019694328,1001.0,156.86790313720704,164.51361083984375,169.3721923828125,173.1939697265625,176.5174102783203,179.61862182617188,182.8551483154297,186.70256958007812,192.9615020751953,346.48138427734375,208.08852,6.0,test_data/Useful/Validation/Nsk-White-Sand-Close/20240201_072453.jpg,167.0,117.0,28.591576842195146
9,0.0,0.0,0.0,0.0,0.0,0.0,0.0,0.0,0.0,0.0,0.0,0.0,0.0,0.0,0.0,0.0,0.0,0.0,0.0,0.0,0.0,0.0,0.0,0.0,0.0,0.0,0.0,0.0,0.0,0.0,0.0,0.0,0.0,0.0,0.0,0.0,0.0,0.0,0.0,0.0,0.0,0.0,0.0,0.0,0.0,0.0,0.0,0.0,0.0,0.0,0.0,0.0,0.0,0.0,0.0,0.0,0.0,0.0,0.0,0.0,0.0,0.0,0.0,0.0,0.0,0.0,0.0,0.0,0.0,0.0,0.0,0.0,0.2699999999999818,2.0,3.0,4.0,5.0,5.220000000000027,6.0,7.0,9.0,10.0,11.0,12.0,14.0,15.0,17.0,18.0,20.0,21.0,22.0,24.0,25.0,27.0,28.0,29.039999999999964,31.0,33.0,36.0,47.0,0.0,1000.611764729023,1000.6549019813538,1000.6862745285034,1000.7098039388657,1000.7333333492279,1000.7607843279839,1000.7882353067398,1000.8196078538895,1000.8705882430077,1001.0,157.58502044677735,165.19163818359374,170.10519409179688,173.89337158203125,177.23593139648438,180.39376831054688,183.63296508789062,187.4574432373047,193.2365859985352,346.418701171875,206.63072,6.0,test_data/Useful/Validation/Nsk-White-Sand-Close/20240201_072454(0).jpg,96.0,69.0,31.627680130757895
10,0.0,0.0,0.0,0.0,0.0,0.0,0.0,0.0,0.0,0.0,0.0,0.0,0.0,0.0,0.0,0.0,0.0,0.0,0.0,0.0,0.0,0.0,0.0,0.0,0.0,0.0,0.0,0.0,0.0,0.0,0.0,0.0,0.0,0.0,0.0,0.0,0.0,0.0,0.0,0.0,0.0,0.0,0.0,0.0,0.0,0.0,0.0,0.0,0.0,0.0,0.0,0.0,0.0,0.0,0.0,0.0,0.0,0.0,0.0,0.0,0.0,0.0,0.0,1.0,2.0,2.0,3.0,3.0,4.0,5.0,6.0,6.0,7.0,8.0,9.0,10.0,11.0,11.220000000000027,13.0,14.0,15.0,16.0,16.0,17.159999999999854,19.0,20.0,21.0,22.0,23.0,24.0,25.090000000000146,27.0,28.0,29.0,30.0,31.0,32.029999999999745,34.0,36.00999999999976,44.0,0.0,1000.611764729023,1000.6588235497475,1000.6862745285034,1000.7098039388657,1000.7294117808342,1000.7490196228027,1000.772549033165,1000.8000000119209,1000.8352941274643,2000.5294117927551,156.6083984375,164.14735412597656,169.0530548095703,172.78672790527344,176.1001739501953,179.22686767578125,182.49137115478516,186.30392456054688,192.47698974609375,346.4283752441406,208.14136,6.0,test_data/Useful/Validation/Nsk-White-Sand-Close/20240201_072454.jpg,147.0,88.0,28.609746921562614
11,0.0,0.0,0.0,0.0,0.0,0.0,0.0,0.0,0.0,0.0,0.0,0.0,0.0,0.0,0.0,0.0,0.0,0.0,0.0,0.0,0.0,0.0,0.0,0.0,0.0,0.0,0.0,0.0,0.0,0.0,0.0,0.0,0.0,0.0,0.0,0.0,0.0,0.0,0.0,0.0,0.0,0.0,0.0,0.0,0.0,0.0,0.0,0.0,0.0,0.0,0.0,0.0,0.0,0.0,0.0,0.0,0.0,0.0,0.0,0.0,0.0,0.0,0.0,0.0,0.0,1.0,2.0,3.0,4.0,4.0,5.0,6.0,7.0,8.0,9.0,10.0,11.0,11.0,12.0,13.0,14.0,15.0,16.0,17.0,18.0,19.0,20.0,21.0,22.0,23.0,24.0,26.0,27.0,28.0,29.0,31.0,32.0,33.0,36.0,44.0,0.0,1000.6705882549286,1000.7098039388657,1000.7333333492279,1000.7529411911964,1000.7686274647713,1000.7843137383461,1000.8039215803146,1000.8196078538895,1000.8431372642517,1001.0,153.58814697265626,161.31883239746094,166.1214630126953,169.94100952148438,173.27459716796875,176.47079467773438,179.8616943359375,183.9661865234375,191.40443420410156,346.6456298828125,209.16385,6.0,test_data/Useful/Validation/Nsk-White-Sand-Close/20240201_072455.jpg,193.0,108.0,28.60281073928923
12,0.0,0.0,0.0,0.0,0.0,0.0,0.0,0.0,0.0,0.0,0.0,0.0,0.0,0.0,0.0,0.0,0.0,0.0,0.0,0.0,0.0,0.0,0.0,0.0,0.0,0.0,0.0,0.0,0.0,0.0,0.0,0.0,0.0,0.0,0.0,0.0,0.0,0.0,0.0,0.0,0.0,0.0,0.0,0.0,0.0,0.0,0.0,0.0,0.0,0.0,0.0,0.0,0.0,0.0,0.0,0.0,0.0,0.0,0.0,0.0,0.0,0.0,0.0,0.0,0.0,0.0,0.0,1.0,1.0,2.0,3.0,3.0,4.0,5.0,6.0,7.0,8.0,9.0,10.0,11.0,12.0,13.0,14.0,15.0,16.0,17.0,18.0,20.0,21.0,22.0,23.0,24.0,26.0,27.0,28.0,29.0,30.029999999999745,32.0,35.00999999999976,46.0,0.0,1000.6352941393852,1000.6862745285034,1000.7215686440468,1000.7490196228027,1000.7764706015587,1000.8000000119209,1000.8235294222832,1000.8509804010391,1000.8862745165825,1001.0,155.87450561523437,163.55934143066406,168.44129943847656,172.2306335449219,175.53795623779297,178.737060546875,182.00799560546875,185.81729125976562,192.17752075195312,346.556396484375,208.2912,6.0,test_data/Useful/Validation/Nsk-White-Sand-Close/20240201_072456.jpg,175.0,97.0,30.725886814698104
13,0.0,0.0,0.0,0.0,0.0,0.0,0.0,0.0,0.0,0.0,0.0,0.0,0.0,0.0,0.0,0.0,0.0,0.0,0.0,0.0,0.0,0.0,0.0,0.0,0.0,0.0,0.0,0.0,0.0,0.0,0.0,0.0,0.0,0.0,0.0,0.0,0.0,0.0,0.0,0.0,0.0,0.0,0.0,0.0,0.0,1.0,2.0,3.0,3.0,4.0,5.0,6.0,7.0,8.0,8.0,9.0,10.0,11.0,11.0,12.0,13.0,14.0,15.0,16.0,16.0,17.0,18.0,18.0,19.0,20.0,20.0,21.0,21.0,22.0,23.0,23.0,24.0,25.0,25.0,26.0,26.0,27.0,27.0,28.0,28.0,29.0,30.0,30.0,31.0,32.0,32.0,33.0,33.070000000000164,34.0,35.0,36.0,37.0,38.0,40.0,44.0,0.0,1000.6352941393852,1000.6823529601097,1000.7098039388657,1000.7294117808342,1000.7529411911964,1000.772549033165,1000.7960784435272,1000.8196078538895,1000.8509804010391,1001.0,153.19323120117187,160.8911895751953,165.81301879882812,169.61671447753906,172.95379638671875,176.16122436523438,179.55946350097656,183.73963928222656,191.9219970703125,346.493896484375,213.07,6.0,test_data/Useful/Validation/Nsk-White-Sand-Close/20240201_072457.jpg,253.0,125.0,24.260159266026605
14,0.0,0.0,0.0,0.0,0.0,0.0,0.0,0.0,0.0,0.0,0.0,0.0,0.0,0.0,0.0,0.0,0.0,0.0,0.0,0.0,0.0,0.0,0.0,0.0,0.0,0.0,0.0,0.0,0.0,0.0,0.0,0.0,0.0,0.0,0.0,0.0,0.0,0.0,0.0,0.0,0.0,1.0,2.0,3.0,3.0,4.0,5.0,6.0,7.0,7.0,8.0,9.0,10.0,10.0,11.0,12.0,12.0,13.0,14.0,15.0,16.0,16.0,17.0,18.0,19.0,19.0,20.0,20.0,21.0,21.299999999999955,22.0,23.0,23.0,24.0,25.0,25.0,26.0,26.0,27.0,28.0,28.0,29.0,29.0,30.0,30.0,31.0,31.0,32.0,32.0,33.0,34.0,34.0,35.0,35.0,36.0,37.0,37.0,38.0,40.0,47.0,0.0,1000.5803921818733,1000.6352941393852,1000.6705882549286,1000.6980392336845,1000.7254902124405,1000.7529411911964,1000.7843137383461,1000.8196078538895,1000.8627451062202,1001.0,156.38401794433594,164.1648712158203,169.05859375,172.83404541015625,176.17630004882812,179.37179565429688,182.67877197265625,186.6885986328125,193.23993225097655,346.341552734375,210.6282,6.0,test_data/Useful/Validation/Nsk-White-Sand-Close/20240201_072458.jpg,209.0,145.0,24.8252465024609
15,0.0,0.0,0.0,0.0,0.0,0.0,0.0,0.0,0.0,0.0,0.0,0.0,0.0,0.0,0.0,0.0,0.0,0.0,0.0,0.0,0.0,0.0,0.0,0.0,0.0,0.0,0.0,0.0,0.0,0.0,0.0,0.0,0.0,0.0,0.0,0.0,0.0,0.0,0.0,0.0,0.0,0.0,0.0,0.0,0.0,0.0,0.0,0.0,0.0,0.0,0.0,0.0,0.0,0.0,0.0,0.0,0.0,0.0,0.0,0.0,0.0,0.0,0.0,0.0,0.0,0.0,0.0,0.0,0.0,1.0,2.0,3.0,4.0,5.0,7.0,8.0,9.0,10.0,11.0,12.0,14.0,15.0,17.0,18.0,19.0,21.0,21.0,23.0,24.0,25.0,26.0,28.0,29.0,30.0,31.0,33.0,34.0,36.0,39.0,47.0,0.0,1000.6392157077789,1000.6901960968971,1000.7176470756531,1000.745098054409,1000.772549033165,1000.7960784435272,1000.8235294222832,1000.8509804010391,1000.8901960849762,2000.3764705955982,154.2969207763672,162.02481079101562,166.8839874267578,170.680908203125,173.9981231689453,177.16477966308594,180.43533325195312,184.35511474609376,190.98848876953124,346.57415771484375,207.66328,6.0,test_data/Useful/Validation/Nsk-White-Sand-Close/20240201_072507.jpg,139.0,79.0,28.313137412277083
16,0.0,0.0,0.0,0.0,0.0,0.0,0.0,0.0,0.0,0.0,0.0,0.0,0.0,0.0,0.0,0.0,0.0,0.0,0.0,0.0,0.0,0.0,0.0,0.0,0.0,0.0,0.0,0.0,0.0,0.0,0.0,0.0,0.0,0.0,0.0,0.0,0.0,0.0,0.0,0.0,0.0,0.0,0.0,0.0,0.0,0.0,0.0,0.0,0.0,0.0,0.0,0.0,0.0,0.0,0.0,0.0,0.0,0.0,0.0,0.0,0.0,0.0,0.0,0.0,0.0,0.0,0.0,1.0,2.0,3.0,4.0,4.279999999999973,5.0,6.0,7.0,8.0,9.0,10.0,11.0,12.0,14.0,15.0,16.0,17.0,18.0,19.0,20.0,21.0,23.0,24.0,25.0,26.0,27.070000000000164,29.0,30.0,32.0,33.0,35.0,37.0,44.0,0.0,1000.6352941393852,1000.6862745285034,1000.7176470756531,1000.7490196228027,1000.7764706015587,1000.8078431487083,1000.839215695858,1000.8705882430077,1000.9176470637321,1001.0,155.89232025146484,163.51602172851562,168.386962890625,172.2119140625,175.52879333496094,178.6721923828125,181.91444091796876,185.80711364746094,192.1793991088867,346.57415771484375,208.17703,6.0,test_data/Useful/Validation/Nsk-White-Sand-Close/20240201_072508.jpg,143.0,94.0,26.961506638996728
17,0.0,0.0,0.0,0.0,0.0,0.0,0.0,0.0,0.0,0.0,0.0,0.0,0.0,0.0,0.0,0.0,0.0,0.0,0.0,0.0,0.0,0.0,0.0,0.0,0.0,0.0,0.0,0.0,0.0,0.0,0.0,0.0,0.0,0.0,0.0,0.0,0.0,0.0,0.0,0.0,0.0,0.0,0.0,0.0,0.0,0.0,0.0,0.0,0.0,0.0,0.0,0.0,0.0,0.0,0.0,0.0,0.0,0.0,0.0,0.0,0.0,0.0,0.0,0.0,0.0,0.0,0.0,0.0,0.0,0.0,0.0,0.0,0.0,0.0,0.0,1.0,2.0,3.0,4.0,5.0,7.0,8.0,9.170000000000073,11.0,12.0,14.0,16.0,17.0,18.0,19.09999999999991,21.0,22.0,24.0,26.0,27.0,29.0,32.0,33.0,36.0,46.0,0.0,1000.678431391716,1000.7137255072594,1000.7372549176216,1000.7647058963776,1000.7882353067398,1000.811764717102,1000.8313725590706,1000.8549019694328,1000.8862745165825,1001.0,152.55154418945312,160.2218780517578,165.14197845458983,168.94107666015626,172.2779998779297,175.48033447265624,178.8051498413086,182.77013549804687,190.05902099609375,346.6661071777344,208.77495,6.0,test_data/Useful/Validation/Nsk-White-Sand-Close/20240201_072509.jpg,165.0,84.0,30.94274199778582
18,0.0,0.0,0.0,0.0,0.0,0.0,0.0,0.0,0.0,0.0,0.0,0.0,0.0,0.0,0.0,0.0,0.0,0.0,0.0,0.0,0.0,0.0,0.0,0.0,0.0,0.0,0.0,0.0,0.0,0.0,0.0,0.0,0.0,0.0,0.0,0.0,0.0,0.0,0.0,0.0,0.0,0.0,0.0,0.0,0.0,0.0,0.0,0.0,0.0,0.0,0.0,0.0,0.0,0.0,0.0,0.0,0.0,0.0,0.0,0.0,0.0,0.0,0.0,0.0,0.0,0.0,0.0,0.0,0.0,0.0,0.0,0.0,1.0,2.0,3.0,4.0,5.0,6.0,7.0,8.0,9.0,10.0,11.0,12.0,13.0,14.0,16.0,17.0,18.0,20.0,21.0,22.0,23.0,25.0,26.0,28.0,29.0,32.0,35.0,43.0,0.0,1000.7098039388657,1000.7372549176216,1000.7647058963776,1000.7843137383461,1000.8000000119209,1000.8156862854958,1000.8313725590706,1000.8470588326454,1000.866666674614,1001.0,146.31981506347657,154.0134460449219,159.0639175415039,163.0770721435547,166.7772216796875,170.5027618408203,174.57044982910156,179.86658325195313,189.89950714111328,346.76397705078125,209.66095,6.0,test_data/Useful/Validation/Nsk-White-Sand-Close/20240201_072510.jpg,183.0,93.0,27.27592777343637
19,0.0,0.0,0.0,0.0,0.0,0.0,0.0,0.0,0.0,0.0,0.0,0.0,0.0,0.0,0.0,0.0,0.0,0.0,0.0,0.0,0.0,0.0,0.0,0.0,0.0,0.0,0.0,0.0,0.0,0.0,0.0,0.0,0.0,0.0,0.0,0.0,0.0,0.0,0.0,0.0,0.0,0.0,0.0,0.0,0.0,0.0,0.0,0.0,0.0,0.0,0.0,0.0,0.0,0.0,0.0,0.0,0.0,0.0,0.0,0.0,0.0,0.0,0.0,0.0,0.0,0.0,0.0,0.0,0.0,0.0,0.0,0.0,1.0,2.0,3.0,4.0,5.0,6.0,7.0,8.0,10.0,11.0,13.0,14.0,15.0,16.0,18.0,20.0,21.0,23.0,24.0,25.0,26.070000000000164,28.0,29.0,31.0,33.0,35.0,37.0,46.0,0.0,1000.6470588445663,1000.6941176652908,1000.7215686440468,1000.7490196228027,1000.7686274647713,1000.7921568751335,1000.8156862854958,1000.839215695858,1000.8745098114014,1001.0,156.8456573486328,164.49725341796875,169.42681884765625,173.24224853515625,176.56807708740234,179.72726135253907,182.9759979248047,186.67861938476562,192.58348083496094,346.5601806640625,205.66338,6.0,test_data/Useful/Validation/Nsk-White-Sand-Close/20240201_072517.jpg,103.0,72.0,25.763088895994127
20,0.0,0.0,0.0,0.0,0.0,0.0,0.0,0.0,0.0,0.0,0.0,0.0,0.0,0.0,0.0,0.0,0.0,0.0,0.0,0.0,0.0,0.0,0.0,0.0,0.0,0.0,0.0,0.0,0.0,0.0,0.0,0.0,0.0,0.0,0.0,0.0,0.0,0.0,0.0,0.0,0.0,0.0,0.0,0.0,0.0,0.0,0.0,0.0,0.0,0.0,0.0,0.0,0.0,0.0,0.0,0.0,0.0,0.0,0.0,0.0,0.0,0.0,0.0,0.0,1.0,2.0,2.0,3.3200000000001637,5.0,6.0,7.0,8.0,9.0,10.0,11.0,12.0,13.0,15.0,16.0,17.0,18.0,19.0,20.0,21.0,22.0,23.0,24.0,25.0,26.0,28.0,29.0,29.0,30.0,31.0,32.0,34.0,35.0,36.0,38.0,45.0,0.0,1000.5826771855354,1000.6220472455025,1000.641732275486,1000.6614173054695,1000.681102335453,1000.6968504190445,1000.716535449028,1000.744094491005,1000.8661417365074,3000.9645669460297,156.78628540039062,164.45054626464844,169.30172729492188,173.0650634765625,176.35845947265625,179.48898315429688,182.7121124267578,186.51451721191407,192.6950225830078,346.65625,207.16118,6.0,test_data/Useful/Validation/Nsk-White-Sand-Close/20240201_083155.jpg,119.0,87.0,34.39694630676466
21,0.0,0.0,0.0,0.0,0.0,0.0,0.0,0.0,0.0,0.0,0.0,0.0,0.0,0.0,0.0,0.0,0.0,0.0,0.0,0.0,0.0,0.0,0.0,0.0,0.0,0.0,0.0,0.0,0.0,0.0,0.0,0.0,0.0,0.0,0.0,0.0,0.0,0.0,0.0,0.0,0.0,0.0,0.0,0.0,0.0,0.0,0.0,0.0,0.0,0.0,0.0,0.0,0.0,0.0,0.0,0.0,0.0,0.0,0.0,0.0,0.0,0.0,0.0,0.36000000000012733,1.0,2.0,3.0,4.0,4.0,5.0,6.0,7.0,8.0,9.0,10.0,11.0,12.0,12.0,14.0,15.0,16.0,17.0,18.0,19.0,20.0,21.0,23.0,24.0,25.0,26.0,27.0,28.0,29.0,30.0,31.049999999999727,32.0,34.0,35.0,38.0,43.0,0.0,1000.5889328122139,1000.6245059370995,1000.648221373558,1000.664031624794,1000.67984187603,1000.6956521868706,1000.7154150009155,1000.7391304373741,1000.8102766871452,3000.9604743123055,156.65958557128906,164.37841796875,169.25057983398438,173.10096740722656,176.46629333496094,179.5500946044922,182.76614379882812,186.59483337402344,192.76978759765626,346.67413330078125,207.03522,6.0,test_data/Useful/Validation/Nsk-White-Sand-Close/20240201_083156.jpg,142.0,96.0,29.322671098540393
22,0.0,0.0,0.0,0.0,0.0,0.0,0.0,0.0,0.0,0.0,0.0,0.0,0.0,0.0,0.0,0.0,0.0,0.0,0.0,0.0,0.0,0.0,0.0,0.0,0.0,0.0,0.0,0.0,0.0,0.0,0.0,0.0,0.0,0.0,0.0,0.0,0.0,0.0,0.0,0.0,0.0,0.0,0.0,0.0,0.0,0.0,0.0,0.0,0.0,0.0,0.0,0.0,0.0,0.0,0.0,0.0,0.0,0.0,0.0,0.0,0.0,0.0,0.0,1.0,2.0,2.0,3.0,4.0,5.0,6.0,7.0,8.0,9.0,10.0,11.0,11.0,12.0,13.0,15.0,16.0,17.0,18.0,19.0,20.0,21.0,22.0,23.0,24.0,25.0,26.0,27.0,27.0,28.0,30.0,31.0,32.0,33.0,35.0,37.0,48.0,0.0,1000.6015936136246,1000.6334661245346,1000.6533864736557,1000.6693227291107,1000.6852589845657,1000.7011952400208,1000.7211155295372,1000.7410358786583,1000.8207171559334,3000.96812748909,156.7537841796875,164.39221801757813,169.22679138183594,173.03915100097657,176.34883880615234,179.512939453125,182.74477996826172,186.62545776367188,192.87969970703125,346.6839904785156,207.51431,6.0,test_data/Useful/Validation/Nsk-White-Sand-Close/20240201_083157.jpg,123.0,90.0,30.20258461406377
23,0.0,0.0,0.0,0.0,0.0,0.0,0.0,0.0,0.0,0.0,0.0,0.0,0.0,0.0,0.0,0.0,0.0,0.0,0.0,0.0,0.0,0.0,0.0,0.0,0.0,0.0,0.0,0.0,0.0,0.0,0.0,0.0,0.0,0.0,0.0,0.0,0.0,0.0,0.0,0.0,0.0,0.0,0.0,0.0,0.0,0.0,0.0,0.0,0.0,0.0,0.0,0.0,0.0,0.0,0.0,0.0,0.0,0.0,1.0,1.3999999999998636,2.0,3.0,3.0,4.0,5.0,6.0,6.0,7.0,8.0,8.0,9.0,10.0,11.0,12.0,13.0,14.0,15.0,15.0,16.0,17.0,18.0,19.0,20.0,21.0,21.0,23.0,24.0,25.0,25.0,26.0,27.0,28.0,30.0,31.0,32.0,33.0,34.0,36.0,37.0,43.0,0.0,1000.6055777072906,1000.6374502182007,1000.6533864736557,1000.6693227291107,1000.6852589845657,1000.7011952400208,1000.7211155295372,1000.7410358786583,1000.8446215391159,3000.988047838211,156.1912841796875,163.8068389892578,168.73912658691407,172.5677001953125,175.89581298828125,179.07522583007812,182.3206329345703,186.19937133789062,192.45957946777344,346.7113037109375,208.08427,6.0,test_data/Useful/Validation/Nsk-White-Sand-Close/20240201_083158.jpg,159.0,102.0,25.72575544135963
24,0.0,0.0,0.0,0.0,0.0,0.0,0.0,0.0,0.0,0.0,0.0,0.0,0.0,0.0,0.0,0.0,0.0,0.0,0.0,0.0,0.0,0.0,0.0,0.0,0.0,0.0,0.0,0.0,0.0,0.0,0.0,0.0,0.0,0.0,0.0,0.0,0.0,0.0,0.0,0.0,0.0,0.0,0.0,0.0,0.0,0.0,0.0,0.0,0.0,0.0,0.0,0.0,0.0,0.0,0.0,0.0,0.0,0.0,0.0,0.0,1.0,1.0,2.0,2.0,3.0,4.0,4.0,5.0,6.0,7.0,7.0,8.0,9.0,10.0,11.0,12.0,13.0,14.0,15.0,16.0,17.0,18.0,19.0,20.0,21.0,22.0,23.0,24.0,25.0,26.09999999999991,27.090000000000146,28.0,29.0,30.0,31.0,32.0,34.0,35.0,37.0,44.0,0.0,1000.5882353186607,1000.6235294342041,1000.6431372761726,1000.6588235497475,1000.678431391716,1000.6980392336845,1000.7176470756531,1000.7490196228027,2000.6156862974167,3000.972549021244,156.6886169433594,164.23557739257814,169.09837951660157,172.86185607910156,176.15253448486328,179.2925262451172,182.54344482421874,186.39403686523437,192.6564178466797,346.66937255859375,207.43683,6.0,test_data/Useful/Validation/Nsk-White-Sand-Close/20240201_083159.jpg,170.0,112.0,28.36685182642445
25,0.0,0.0,0.0,0.0,0.0,0.0,0.0,0.0,0.0,0.0,0.0,0.0,0.0,0.0,0.0,0.0,0.0,0.0,0.0,0.0,0.0,0.0,0.0,0.0,0.0,0.0,0.0,0.0,0.0,0.0,0.0,0.0,0.0,0.0,0.0,0.0,0.0,0.0,0.0,0.0,0.0,0.0,0.0,0.0,0.0,0.0,0.0,0.0,0.0,0.0,0.0,0.0,0.0,0.0,0.0,0.0,0.0,1.0,1.0,2.0,3.0,4.0,4.0,5.0,6.0,7.0,8.0,9.0,10.0,11.0,12.0,13.0,14.0,15.0,16.0,17.0,18.0,20.0,21.0,22.0,23.0,24.0,25.0,25.0,26.0,27.0,28.0,29.0,30.0,30.09999999999991,31.090000000000146,32.0,33.0,34.0,35.0,36.0,37.0,38.0,40.0,45.0,0.0,1000.5882353186607,1000.6235294342041,1000.6431372761726,1000.6588235497475,1000.678431391716,1000.6980392336845,1000.7137255072594,1000.745098054409,2000.6000000238419,3000.9686274528503,156.92917022705078,164.51341247558594,169.32957458496094,173.11093139648438,176.42027282714844,179.61932983398438,182.8469482421875,186.70466918945314,192.9676544189453,346.677001953125,208.23535,6.0,test_data/Useful/Validation/Nsk-White-Sand-Close/20240201_083200.jpg,154.0,96.0,30.3327677691296
26,0.0,0.0,0.0,0.0,0.0,0.0,0.0,0.0,0.0,0.0,0.0,0.0,0.0,0.0,0.0,0.0,0.0,0.0,0.0,0.0,0.0,0.0,0.0,0.0,0.0,0.0,0.0,0.0,0.0,0.0,0.0,0.0,0.0,0.0,0.0,0.0,0.0,0.0,0.0,0.0,0.0,0.0,0.0,0.0,0.0,0.0,0.0,0.0,0.0,0.0,0.0,0.0,0.0,0.0,1.0,1.0,2.0,2.0,3.0,4.0,4.0,5.0,6.0,6.360000000000127,7.0,8.0,9.0,10.0,10.0,11.0,12.0,13.0,14.0,14.259999999999991,15.0,16.0,16.230000000000018,17.0,18.0,19.0,20.0,21.0,21.0,22.0,23.0,24.0,25.0,26.0,27.0,28.0,28.0,29.0,30.0,31.0,32.0,33.0,34.0,35.0,38.0,43.0,0.0,1000.6434426307678,1000.6721311211586,1000.6885246038437,1000.7049180269241,1000.7172130942345,1000.7295082211494,1000.7418032884598,1000.7581967115402,1000.9262295365334,3000.9590163826942,154.066162109375,161.64669799804688,166.5048828125,170.33718872070312,173.6947250366211,176.8339416503906,180.1492431640625,184.2246124267578,191.4678955078125,346.8647766113281,209.57272,6.0,test_data/Useful/Validation/Nsk-White-Sand-Close/20240201_083201.jpg,226.0,139.0,26.54701926773309
27,0.0,0.0,0.0,0.0,0.0,0.0,0.0,0.0,0.0,0.0,0.0,0.0,0.0,0.0,0.0,0.0,0.0,0.0,0.0,0.0,0.0,0.0,0.0,0.0,0.0,0.0,0.0,0.0,0.0,0.0,0.0,0.0,0.0,0.0,0.0,0.0,0.0,0.0,0.0,0.0,0.0,0.0,0.0,0.0,0.0,0.0,0.0,0.0,0.0,0.0,0.0,0.0,0.0,0.0,0.0,0.0,0.0,0.0,0.0,0.0,0.0,0.0,0.0,0.0,0.0,0.0,0.0,0.0,0.0,1.0,2.0,2.0,3.0,4.0,5.25,7.0,8.0,9.0,10.0,11.0,12.0,13.0,14.0,15.0,16.0,18.0,19.0,20.0,21.0,22.09999999999991,24.0,25.0,27.0,28.0,30.0,31.0,32.0,34.0,36.0,43.0,0.0,1000.5921568870544,1000.6235294342041,1000.6431372761726,1000.6627451181412,1000.6823529601097,1000.6980392336845,1000.7137255072594,1000.7372549176216,1000.7882353067398,3000.9686274528503,156.3150833129883,164.03070678710938,168.91712646484376,172.73256225585936,176.03753662109375,179.1972229003906,182.48208618164062,186.314453125,192.4454086303711,346.7030334472656,207.3475,6.0,test_data/Useful/Validation/Nsk-White-Sand-Close/20240201_083203.jpg,131.0,78.0,31.127094055037016
28,0.0,0.0,0.0,0.0,0.0,0.0,0.0,0.0,0.0,0.0,0.0,0.0,0.0,0.0,0.0,0.0,0.0,0.0,0.0,0.0,0.0,0.0,0.0,0.0,0.0,0.0,0.0,0.0,0.0,0.0,0.0,0.0,0.0,0.0,0.0,0.0,0.0,0.0,0.0,0.0,0.0,0.0,0.0,0.0,0.0,0.0,0.0,0.0,0.0,0.0,0.0,0.0,0.0,0.0,0.0,0.0,0.0,0.0,0.0,0.0,1.0,1.0,2.0,2.0,3.0,4.0,5.0,6.0,7.0,8.0,9.0,10.0,11.0,12.0,13.0,13.0,14.0,15.0,16.0,17.0,18.0,19.0,19.170000000000073,20.0,21.0,22.0,23.0,24.0,25.0,26.0,27.0,28.0,29.0,30.0,31.0,32.0,33.0,35.0,37.00999999999976,50.0,0.0,1000.584313750267,1000.6156862974167,1000.6392157077789,1000.6549019813538,1000.6745098233223,1000.6901960968971,1000.7098039388657,1000.7333333492279,1000.7882353067398,3000.9529411792755,155.75213623046875,163.385107421875,168.23929748535156,172.06248474121094,175.3932113647461,178.5090118408203,181.7811325073242,185.61646728515626,192.13302612304688,346.67724609375,208.75204,6.0,test_data/Useful/Validation/Nsk-White-Sand-Close/20240201_083204(0).jpg,181.0,116.0,28.198083930243584
29,0.0,0.0,0.0,0.0,0.0,0.0,0.0,0.0,0.0,0.0,0.0,0.0,0.0,0.0,0.0,0.0,0.0,0.0,0.0,0.0,0.0,0.0,0.0,0.0,0.0,0.0,0.0,0.0,0.0,0.0,0.0,0.0,0.0,0.0,0.0,0.0,0.0,0.0,0.0,0.0,0.0,0.0,0.0,0.0,0.0,0.0,0.0,0.0,0.0,0.0,0.0,0.0,0.0,0.0,0.0,0.0,0.0,0.0,0.0,0.0,0.0,0.0,0.0,0.0,0.0,1.0,1.0,2.0,3.0,3.0,4.0,5.0,6.0,7.0,9.0,10.0,11.0,12.0,13.0,14.0,15.0,15.0,16.0,17.0,18.15000000000009,20.0,21.0,22.0,23.0,24.0,25.0,26.0,28.0,29.0,30.0,31.0,32.0,34.0,37.00999999999976,43.0,0.0,1000.5882353186607,1000.6235294342041,1000.6431372761726,1000.6588235497475,1000.678431391716,1000.6941176652908,1000.7137255072594,1000.7333333492279,1000.7764706015587,3000.9411764740944,155.43748779296877,163.10731506347656,167.98855895996093,171.80097351074218,175.11629486083984,178.27218322753907,181.5876434326172,185.46343688964845,191.8431396484375,346.6947937011719,207.89697,6.0,test_data/Useful/Validation/Nsk-White-Sand-Close/20240201_083204.jpg,152.0,97.0,29.124918750620168
30,0.0,0.0,0.0,0.0,0.0,0.0,0.0,0.0,0.0,0.0,0.0,0.0,0.0,0.0,0.0,0.0,0.0,0.0,0.0,0.0,0.0,0.0,0.0,0.0,0.0,0.0,0.0,0.0,0.0,0.0,0.0,0.0,0.0,0.0,0.0,0.0,0.0,0.0,0.0,0.0,0.0,0.0,0.0,0.0,0.0,0.0,0.0,0.0,0.0,0.0,0.0,0.0,0.0,0.0,0.0,0.0,0.0,0.0,0.0,0.0,0.0,0.0,0.0,0.0,0.0,0.0,0.0,1.0,1.0,2.0,3.0,3.0,4.0,5.0,6.0,7.0,8.0,9.0,10.0,10.0,11.0,13.0,14.0,15.0,16.0,17.0,19.0,20.0,21.0,22.0,23.0,25.0,25.0,27.0,29.0,31.0,32.0,34.0,36.0,44.0,0.0,1000.5968379378319,1000.6284584999084,1000.652173936367,1000.671936750412,1000.6916996240616,1000.7075098752975,1000.7272727489471,1000.7588932514191,2000.6086956262589,3000.9723320007324,155.3903350830078,163.160107421875,168.07339477539062,171.9329833984375,175.2783966064453,178.43386840820312,181.73361206054688,185.5799102783203,191.88226318359375,346.69549560546875,207.37473,6.0,test_data/Useful/Validation/Nsk-White-Sand-Close/20240201_083206(0).jpg,136.0,91.0,28.194880163311808
31,0.0,0.0,0.0,0.0,0.0,0.0,0.0,0.0,0.0,0.0,0.0,0.0,0.0,0.0,0.0,0.0,0.0,0.0,0.0,0.0,0.0,0.0,0.0,0.0,0.0,0.0,0.0,0.0,0.0,0.0,0.0,0.0,0.0,0.0,0.0,0.0,0.0,0.0,0.0,0.0,0.0,0.0,0.0,0.0,0.0,0.0,0.0,0.0,0.0,0.0,0.0,0.0,0.0,0.0,0.0,0.0,0.0,0.0,0.0,0.0,0.0,0.0,0.0,0.0,0.0,0.0,0.0,0.0,1.0,2.0,2.0,3.0,4.0,5.0,6.0,7.0,7.230000000000018,8.0,10.0,10.0,11.0,13.0,14.0,15.0,16.0,17.0,18.0,20.0,21.0,22.0,23.0,25.0,26.0,27.0,28.0,30.0,31.0,33.0,36.0,44.0,0.0,1000.5921568870544,1000.6235294342041,1000.6431372761726,1000.6627451181412,1000.6823529601097,1000.7019608020782,1000.7215686440468,1000.7647058963776,2000.6274510025978,3000.9764705896378,155.64841918945314,163.2574432373047,168.11463623046876,171.87045288085938,175.2217559814453,178.37937927246094,181.666650390625,185.5162780761719,191.8723861694336,346.69061279296875,207.43759,6.0,test_data/Useful/Validation/Nsk-White-Sand-Close/20240201_083206.jpg,170.0,89.0,35.55683455352681
32,0.0,0.0,0.0,0.0,0.0,0.0,0.0,0.0,0.0,0.0,0.0,0.0,0.0,0.0,0.0,0.0,0.0,0.0,0.0,0.0,0.0,0.0,0.0,0.0,0.0,0.0,0.0,0.0,0.0,0.0,0.0,0.0,0.0,0.0,0.0,0.0,0.0,0.0,0.0,0.0,0.0,0.0,0.0,0.0,0.0,0.0,0.0,0.0,0.0,0.0,0.0,0.0,0.0,0.0,0.0,0.0,0.0,0.0,0.0,0.0,0.0,0.0,0.0,0.0,0.0,1.0,2.0,3.0,4.0,5.0,6.0,7.0,8.0,9.0,11.0,12.0,14.0,14.0,15.0,16.0,17.0,19.0,19.0,21.0,22.0,23.0,24.0,24.0,26.0,27.0,28.0,29.0,30.0,31.0,32.0,33.0,35.0,36.0,39.0,45.0,0.0,1000.5882353186607,1000.6274510025978,1000.65098041296,1000.6705882549286,1000.6862745285034,1000.705882370472,1000.7215686440468,1000.745098054409,1000.866666674614,3000.960784316063,155.6329513549805,163.23890075683593,168.18912353515626,171.9192901611328,175.21279907226562,178.31576538085938,181.62161560058593,185.53870849609376,191.86572875976563,346.69097900390625,207.34677,6.0,test_data/Useful/Validation/Nsk-White-Sand-Close/20240201_083207.jpg,144.0,92.0,29.9595083257862
33,0.0,0.0,0.0,0.0,0.0,0.0,0.0,0.0,0.0,0.0,0.0,0.0,0.0,0.0,0.0,0.0,0.0,0.0,0.0,0.0,0.0,0.0,0.0,0.0,0.0,0.0,0.0,0.0,0.0,0.0,0.0,0.0,0.0,0.0,0.0,0.0,0.0,0.0,0.0,0.0,0.0,0.0,0.0,0.0,0.0,0.0,0.0,0.0,0.0,0.0,0.0,0.0,0.0,0.0,0.0,0.0,0.0,0.0,0.0,0.0,0.0,0.0,0.0,0.0,0.0,0.0,1.0,2.0,3.0,3.0,4.0,5.0,6.0,7.0,8.0,10.0,11.0,12.0,13.0,14.0,15.0,16.0,17.0,19.0,20.0,21.0,22.0,23.0,24.0,25.09999999999991,27.0,28.0,29.0,30.0,31.0,32.039999999999964,34.0,36.0,39.0,44.0,0.0,1000.5952380895615,1000.6309523582458,1000.6547619104385,1000.674603164196,1000.6904761791229,1000.7103174328804,1000.7261904478073,1000.75,2000.575396835804,3000.984126985073,155.9236297607422,163.480224609375,168.31013031005858,172.07251586914063,175.4709701538086,178.61510620117187,181.87022857666017,185.68242492675782,192.0151123046875,346.68731689453125,207.48703,6.0,test_data/Useful/Validation/Nsk-White-Sand-Close/20240201_083208(0).jpg,143.0,87.0,26.8268672131323
34,0.0,0.0,0.0,0.0,0.0,0.0,0.0,0.0,0.0,0.0,0.0,0.0,0.0,0.0,0.0,0.0,0.0,0.0,0.0,0.0,0.0,0.0,0.0,0.0,0.0,0.0,0.0,0.0,0.0,0.0,0.0,0.0,0.0,0.0,0.0,0.0,0.0,0.0,0.0,0.0,0.0,0.0,0.0,0.0,0.0,0.0,0.0,0.0,0.0,0.0,0.0,0.0,0.0,0.0,0.0,0.0,0.0,0.0,0.0,0.0,0.0,0.0,0.0,1.0,1.0,2.0,3.0,4.0,5.0,6.0,7.0,8.0,9.0,10.0,11.0,12.0,14.0,15.0,16.0,17.0,18.0,19.0,20.0,21.0,22.0,23.0,25.0,26.0,27.0,28.0,29.0,30.0,31.0,32.0,33.0,34.0,35.0,37.0,39.0,46.0,0.0,1000.5921568870544,1000.6235294342041,1000.6470588445663,1000.6666666865349,1000.6862745285034,1000.7019608020782,1000.7176470756531,1000.7411764860153,1000.8352941274643,3000.9647058844566,155.6826171875,163.43649291992188,168.2523193359375,172.04006958007812,175.3975830078125,178.54978942871094,181.85386657714844,185.7402801513672,192.1627197265625,346.68841552734375,207.40776,6.0,test_data/Useful/Validation/Nsk-White-Sand-Close/20240201_083208.jpg,148.0,94.0,32.46763473630957
35,0.0,0.0,0.0,0.0,0.0,0.0,0.0,0.0,0.0,0.0,0.0,0.0,0.0,0.0,0.0,0.0,0.0,0.0,0.0,0.0,0.0,0.0,0.0,0.0,0.0,0.0,0.0,0.0,0.0,0.0,0.0,0.0,0.0,0.0,0.0,0.0,0.0,0.0,0.0,0.0,0.0,0.0,0.0,0.0,0.0,0.0,0.0,0.0,0.0,0.0,0.0,0.0,0.0,0.0,0.0,0.0,0.0,0.0,0.0,0.0,0.0,0.0,0.0,0.0,0.0,0.0,0.0,0.0,0.0,1.0,1.0,2.0,3.0,4.0,5.0,6.0,8.0,9.0,10.0,11.0,12.0,13.0,14.0,16.0,17.0,18.0,20.0,21.0,23.0,24.0,25.0,26.0,28.0,29.0,30.0,32.0,33.0,35.0,38.0,45.0,0.0,1000.6039999723434,1000.6359999775887,1000.660000026226,1000.6759999990463,1000.6959999799728,1000.7080000042915,1000.7239999771118,1000.7400000095367,1000.7879999876022,3000.967999994755,156.0479278564453,163.6932342529297,168.5933349609375,172.4075469970703,175.7689208984375,178.92813110351562,182.14548034667968,185.99280395507813,192.2217025756836,346.70855712890625,206.3482,6.0,test_data/Useful/Validation/Nsk-White-Sand-Close/20240201_083209.jpg,121.0,73.0,26.337469050086934
36,0.0,0.0,0.0,0.0,0.0,0.0,0.0,0.0,0.0,0.0,0.0,0.0,0.0,0.0,0.0,0.0,0.0,0.0,0.0,0.0,0.0,0.0,0.0,0.0,0.0,0.0,0.0,0.0,0.0,0.0,0.0,0.0,0.0,0.0,0.0,0.0,0.0,0.0,0.0,0.0,0.0,0.0,0.0,0.0,0.0,0.0,0.0,0.0,0.0,0.0,0.0,0.0,0.0,0.0,0.0,0.0,0.0,0.0,0.0,0.0,0.0,0.0,0.0,0.0,0.0,0.0,0.0,0.0,0.0,0.0,0.0,0.0,0.0,1.0,1.0,2.0,3.0,5.0,6.0,7.0,9.0,10.0,11.0,12.0,14.0,16.0,17.0,19.0,21.0,22.0,24.0,25.0,26.0,27.059999999999945,29.0,30.0,32.0,34.0,36.00999999999976,42.0,0.0,1000.5936254858971,1000.6254979968071,1000.6494023799896,1000.6653386354446,1000.6812748908997,1000.6972111463547,1000.7131474018097,1000.7370517849922,1000.7928286790848,3000.96812748909,156.29010009765625,163.8721923828125,168.75579833984375,172.55899047851562,175.8829345703125,179.05130004882812,182.34825134277344,186.11927490234376,192.10157165527343,346.69573974609375,205.62491,6.0,test_data/Useful/Validation/Nsk-White-Sand-Close/20240201_083211(0).jpg,98.0,67.0,30.626590785014265
37,0.0,0.0,0.0,0.0,0.0,0.0,0.0,0.0,0.0,0.0,0.0,0.0,0.0,0.0,0.0,0.0,0.0,0.0,0.0,0.0,0.0,0.0,0.0,0.0,0.0,0.0,0.0,0.0,0.0,0.0,0.0,0.0,0.0,0.0,0.0,0.0,0.0,0.0,0.0,0.0,0.0,0.0,0.0,0.0,0.0,0.0,0.0,0.0,0.0,0.0,0.0,0.0,0.0,0.0,0.0,0.0,0.0,0.0,0.0,0.0,0.0,0.0,0.0,0.0,0.0,0.0,0.0,0.0,0.0,0.0,0.0,0.0,1.0,2.0,4.0,5.0,6.0,7.0,9.0,10.0,11.0,12.0,13.0,15.0,16.0,18.0,19.0,20.0,22.0,23.0,25.0,26.0,27.0,29.0,30.0,32.0,34.0,36.0,39.0,45.0,0.0,1000.5976095795631,1000.6334661245346,1000.6533864736557,1000.6693227291107,1000.6852589845657,1000.7011952400208,1000.7131474018097,1000.7330677509308,1000.7768924236298,3000.972111582756,155.96442413330078,163.6039245605469,168.51206665039064,172.2807586669922,175.61585235595703,178.7407684326172,181.94687042236328,185.78289794921875,191.87075805664062,346.7207336425781,205.80762,6.0,test_data/Useful/Validation/Nsk-White-Sand-Close/20240201_083211.jpg,94.0,70.0,24.120989628360675
38,0.0,0.0,0.0,0.0,0.0,0.0,0.0,0.0,0.0,0.0,0.0,0.0,0.0,0.0,0.0,0.0,0.0,0.0,0.0,0.0,0.0,0.0,0.0,0.0,0.0,0.0,0.0,0.0,0.0,0.0,0.0,0.0,0.0,0.0,0.0,0.0,0.0,0.0,0.0,0.0,0.0,0.0,0.0,0.0,0.0,0.0,0.0,0.0,0.0,0.0,0.0,0.0,0.0,0.0,0.0,0.0,0.0,0.0,0.0,0.0,0.0,0.0,0.0,0.0,0.0,0.0,0.0,0.0,0.0,0.0,0.0,0.0,0.2699999999999818,1.0,2.0,3.0,4.0,5.0,6.0,8.0,9.0,11.0,12.0,13.159999999999854,15.0,16.0,17.0,18.0,19.0,21.0,22.0,23.0,25.0,26.0,28.0,31.0,32.0,34.0,36.0,47.0,0.0,1000.5984252095222,1000.6299212574959,1000.6456692814827,1000.6614173054695,1000.6771653294563,1000.6929134130478,1000.7086614370346,1000.7283464670181,1000.7716535329819,3000.97637796402,156.81314086914062,164.4805908203125,169.3577880859375,173.16241455078125,176.43145751953125,179.5462188720703,182.80252075195312,186.60345458984375,192.59910583496094,346.72503662109375,205.83493,6.0,test_data/Useful/Validation/Nsk-White-Sand-Close/20240201_083212(0).jpg,108.0,76.0,26.015441853304708
39,0.0,0.0,0.0,0.0,0.0,0.0,0.0,0.0,0.0,0.0,0.0,0.0,0.0,0.0,0.0,0.0,0.0,0.0,0.0,0.0,0.0,0.0,0.0,0.0,0.0,0.0,0.0,0.0,0.0,0.0,0.0,0.0,0.0,0.0,0.0,0.0,0.0,0.0,0.0,0.0,0.0,0.0,0.0,0.0,0.0,0.0,0.0,0.0,0.0,0.0,0.0,0.0,0.0,0.0,0.0,0.0,0.0,0.0,0.0,0.0,0.0,0.0,0.0,0.0,0.0,0.0,0.0,0.0,0.0,0.0,0.0,0.0,0.0,0.0,1.0,2.0,3.0,4.0,6.0,7.0,8.0,9.0,10.0,12.0,13.0,14.139999999999873,17.0,18.0,20.0,22.0,23.0,24.0,25.070000000000164,27.0,28.0,30.0,31.0,34.0,36.0,44.0,0.0,1000.6015936136246,1000.6334661245346,1000.6533864736557,1000.6693227291107,1000.6852589845657,1000.7011952400208,1000.7171314954758,1000.7370517849922,1000.7848605513573,3000.9760956168175,156.68738555908203,164.19920349121094,169.1085662841797,172.9123107910156,176.17303466796875,179.29873657226562,182.56080627441406,186.3284149169922,192.241455078125,346.7046813964844,205.60666,6.0,test_data/Useful/Validation/Nsk-White-Sand-Close/20240201_083212.jpg,91.0,67.0,30.590583707607372
40,0.0,0.0,0.0,0.0,0.0,0.0,0.0,0.0,0.0,0.0,0.0,0.0,0.0,0.0,0.0,0.0,0.0,0.0,0.0,0.0,0.0,0.0,0.0,0.0,0.0,0.0,0.0,0.0,0.0,0.0,0.0,0.0,0.0,0.0,0.0,0.0,0.0,0.0,0.0,0.0,0.0,0.0,0.0,0.0,0.0,0.0,0.0,0.0,0.0,0.0,0.0,0.0,0.0,0.0,0.0,0.0,0.0,0.0,0.0,0.0,0.0,0.0,0.0,0.0,0.0,0.0,1.0,2.0,3.0,4.0,5.0,6.0,7.0,8.0,9.0,10.0,11.0,12.0,13.0,14.0,15.0,16.0,17.0,19.0,19.0,21.0,22.0,23.0,24.0,25.0,27.0,28.0,29.0,30.0,31.049999999999727,33.0,34.0,36.01999999999998,38.0,45.0,0.0,1000.6007905006409,1000.6324110627174,1000.652173936367,1000.664031624794,1000.67984187603,1000.6956521868706,1000.7114624381065,1000.7312253117561,1000.7865612506866,3000.9683794379234,156.96247253417968,164.542431640625,169.44149780273438,173.26416625976563,176.61070251464844,179.73681640625,182.95457458496094,186.71286010742188,192.74090576171875,346.7191162109375,206.38315,6.0,test_data/Useful/Validation/Nsk-White-Sand-Close/20240201_083213.jpg,121.0,78.0,32.21539973998623
41,0.0,0.0,0.0,0.0,0.0,0.0,0.0,0.0,0.0,0.0,0.0,0.0,0.0,0.0,0.0,0.0,0.0,0.0,0.0,0.0,0.0,0.0,0.0,0.0,0.0,0.0,0.0,0.0,0.0,0.0,0.0,0.0,0.0,0.0,0.0,0.0,0.0,0.0,0.0,0.0,0.0,0.0,0.0,0.0,0.0,0.0,0.0,0.0,0.0,0.0,0.0,0.0,0.0,0.0,0.0,0.0,0.0,0.0,0.0,0.0,0.0,0.0,0.0,0.0,0.0,1.0,2.0,3.0,3.0,4.0,5.0,6.0,7.0,8.0,9.0,11.0,12.0,13.0,14.0,15.0,16.0,17.0,18.0,19.0,20.0,21.0,22.0,23.0,25.0,26.0,27.0,28.0,29.0,30.0,31.0,32.039999999999964,34.0,36.0,38.0,43.0,0.0,1000.599206328392,1000.6309523582458,1000.650793671608,1000.6666666865349,1000.6825397014618,1000.6984127163887,1000.7182539701462,1000.7380952239037,1000.7976190447807,3000.9801587462425,156.88836669921875,164.57461547851562,169.47201538085938,173.25042724609375,176.55764770507812,179.69918823242188,182.9763275146484,186.76370239257812,192.76318359375,346.7049865722656,206.97249,6.0,test_data/Useful/Validation/Nsk-White-Sand-Close/20240201_083214.jpg,134.0,94.0,30.51410484356991
42,0.0,0.0,0.0,0.0,0.0,0.0,0.0,0.0,0.0,0.0,0.0,0.0,0.0,0.0,0.0,0.0,0.0,0.0,0.0,0.0,0.0,0.0,0.0,0.0,0.0,0.0,0.0,0.0,0.0,0.0,0.0,0.0,0.0,0.0,0.0,0.0,0.0,0.0,0.0,0.0,0.0,0.0,0.0,0.0,0.0,0.0,0.0,0.0,0.0,0.0,0.0,0.0,0.0,0.0,0.0,0.0,0.0,0.0,0.0,0.0,0.0,1.0,1.0,2.0,3.0,4.0,4.0,5.0,6.0,7.0,8.0,9.0,9.269999999999982,11.0,11.0,12.0,13.0,14.0,15.0,16.0,17.0,18.0,20.0,20.0,21.0,22.0,23.0,24.0,25.0,26.0,27.0,28.0,29.0,30.0,31.0,33.0,34.0,36.0,38.0,44.0,0.0,1000.5905511975288,1000.6259842514992,1000.6456692814827,1000.6614173054695,1000.6771653294563,1000.6929134130478,1000.7125984430313,1000.7322834730148,1000.783464550972,3000.972440958023,157.11917114257812,164.74496765136718,169.63646545410157,173.4413269042969,176.7661895751953,179.91589965820313,183.1508346557617,186.99952697753906,193.14620971679688,346.6729431152344,207.54205,6.0,test_data/Useful/Validation/Nsk-White-Sand-Close/20240201_083215.jpg,137.0,96.0,29.65305515283528
43,0.0,0.0,0.0,0.0,0.0,0.0,0.0,0.0,0.0,0.0,0.0,0.0,0.0,0.0,0.0,0.0,0.0,0.0,0.0,0.0,0.0,0.0,0.0,0.0,0.0,0.0,0.0,0.0,0.0,0.0,0.0,0.0,0.0,0.0,0.0,0.0,0.0,0.0,0.0,0.0,0.0,0.0,0.0,0.0,0.0,0.0,0.0,0.0,0.0,0.0,0.0,0.0,0.0,0.0,0.0,0.0,1.0,1.0,2.0,2.0,3.0,4.0,4.0,5.0,6.0,7.0,7.0,8.0,9.0,9.0,10.0,11.0,12.0,13.0,14.0,15.0,15.230000000000018,16.0,17.0,18.0,19.0,20.0,21.0,22.0,23.0,24.0,25.0,25.0,26.0,27.0,28.0,29.0,30.0,31.0,32.0,33.0,34.0,35.01999999999998,38.0,44.0,0.0,1000.5921568870544,1000.6274510025978,1000.6431372761726,1000.6588235497475,1000.6745098233223,1000.6901960968971,1000.705882370472,1000.7254902124405,1000.7647058963776,3000.960784316063,156.37604827880858,164.03291015625,168.89287109375,172.63031005859375,175.9359588623047,179.04150390625,182.31759643554688,186.1614990234375,192.44149780273438,346.6825866699219,207.81091,6.0,test_data/Useful/Validation/Nsk-White-Sand-Close/20240201_083216.jpg,163.0,126.0,29.096688913232132
44,0.0,0.0,0.0,0.0,0.0,0.0,0.0,0.0,0.0,0.0,0.0,0.0,0.0,0.0,0.0,0.0,0.0,0.0,0.0,0.0,0.0,0.0,0.0,0.0,0.0,0.0,0.0,0.0,0.0,0.0,0.0,0.0,0.0,0.0,0.0,0.0,0.0,0.0,0.0,0.0,0.0,0.0,0.0,0.0,0.0,0.0,0.0,0.0,0.0,0.0,0.0,0.0,0.0,1.0,1.0,2.0,3.0,4.0,4.0,5.0,6.0,7.0,7.0,8.0,9.0,10.0,11.0,12.0,13.0,14.0,15.0,16.0,16.0,17.0,18.0,19.0,19.0,20.0,21.0,22.0,23.0,23.0,24.0,25.0,26.0,27.0,28.0,29.0,29.0,30.0,31.0,32.0,33.0,33.0,34.0,35.0,36.0,37.0,39.0,43.0,0.0,1000.6047430634499,1000.6363636255264,1000.652173936367,1000.667984187603,1000.6877470612526,1000.7035573124886,1000.7193675637245,1000.7391304373741,1000.7826086878777,3000.9723320007324,156.7170669555664,164.39049072265624,169.21218872070312,173.00577697753906,176.30047607421875,179.47310791015624,182.74432373046875,186.60641479492188,192.9357147216797,346.72906494140625,208.20105,6.0,test_data/Useful/Validation/Nsk-White-Sand-Close/20240201_083217(0).jpg,183.0,126.0,25.56443402889772
45,0.0,0.0,0.0,0.0,0.0,0.0,0.0,0.0,0.0,0.0,0.0,0.0,0.0,0.0,0.0,0.0,0.0,0.0,0.0,0.0,0.0,0.0,0.0,0.0,0.0,0.0,0.0,0.0,0.0,0.0,0.0,0.0,0.0,0.0,0.0,0.0,0.0,0.0,0.0,0.0,0.0,0.0,0.0,0.0,0.0,0.0,0.0,0.0,0.0,0.0,0.0,0.0,0.0,0.0,0.0,0.0,0.0,0.0,1.0,1.0,2.0,2.0,3.0,3.0,4.0,4.0,5.0,6.0,7.0,7.0,8.0,10.0,10.0,11.0,12.0,13.0,14.0,14.0,15.0,16.0,17.0,18.0,19.0,20.0,21.0,22.139999999999873,24.0,25.0,25.110000000000127,26.0,27.0,28.0,29.0,30.0,31.0,33.0,34.0,36.0,38.0,44.0,0.0,1000.5921568870544,1000.6235294342041,1000.6431372761726,1000.6588235497475,1000.6745098233223,1000.6941176652908,1000.7098039388657,1000.7294117808342,1000.7803921699524,3000.960784316063,156.03943634033203,163.74822998046875,168.7169387817383,172.50779418945314,175.8136444091797,178.93959045410156,182.239013671875,186.06380615234374,192.51007080078125,346.705322265625,208.23141,6.0,test_data/Useful/Validation/Nsk-White-Sand-Close/20240201_083217.jpg,174.0,116.0,27.840467374815873
46,0.0,0.0,0.0,0.0,0.0,0.0,0.0,0.0,0.0,0.0,0.0,0.0,0.0,0.0,0.0,0.0,0.0,0.0,0.0,0.0,0.0,0.0,0.0,0.0,0.0,0.0,0.0,0.0,0.0,0.0,0.0,0.0,0.0,0.0,0.0,0.0,0.0,0.0,0.0,0.0,0.0,0.0,0.0,0.0,0.0,0.0,0.0,0.0,0.0,0.0,0.0,0.4800000000000182,1.0,2.0,2.0,3.0,4.0,4.0,5.0,6.0,6.0,7.379999999999882,8.0,9.0,10.0,11.0,12.0,13.0,13.0,14.0,15.0,15.0,16.0,17.0,18.0,18.24000000000001,19.0,20.0,21.0,22.0,23.0,23.0,24.0,25.0,26.0,27.0,28.0,29.0,29.0,30.0,31.0,32.0,33.0,34.0,34.0,35.0,36.0,38.0,40.0,45.0,0.0,1000.602362215519,1000.6338582634926,1000.6496062874794,1000.6653543114662,1000.681102335453,1000.6968504190445,1000.7125984430313,1000.7283464670181,1000.7637795209885,3000.944881916046,156.62635955810546,164.27413940429688,169.09994506835938,172.8932342529297,176.20977783203125,179.37320556640626,182.58314514160156,186.40359497070312,192.8023681640625,346.7148132324219,208.22801,6.0,test_data/Useful/Validation/Nsk-White-Sand-Close/20240201_083218.jpg,180.0,108.0,28.618083687120638
47,0.0,0.0,0.0,0.0,0.0,0.0,0.0,0.0,0.0,0.0,0.0,0.0,0.0,0.0,0.0,0.0,0.0,0.0,0.0,0.0,0.0,0.0,0.0,0.0,0.0,0.0,0.0,0.0,0.0,0.0,0.0,0.0,0.0,0.0,0.0,0.0,0.0,0.0,0.0,0.0,0.0,0.0,0.0,0.0,0.0,0.0,0.0,0.0,0.0,0.0,0.0,0.0,0.0,0.0,0.0,0.0,0.0,0.0,0.0,0.0,0.0,0.0,1.0,2.0,3.0,3.0,4.0,5.0,6.0,7.0,8.0,9.0,10.0,11.0,12.0,13.0,13.0,14.0,15.0,16.200000000000045,17.0,19.0,20.0,21.0,22.0,23.0,24.0,25.0,26.0,27.0,28.0,30.0,31.0,32.0,33.0,34.0,35.0,36.0,38.0,45.0,0.0,1000.6007905006409,1000.6324110627174,1000.652173936367,1000.671936750412,1000.6877470612526,1000.7035573124886,1000.7193675637245,1000.7391304373741,1000.7747035622597,3000.940711438656,156.17932586669923,163.68707580566405,168.54017181396483,172.34161071777345,175.66378784179688,178.82623291015625,182.08108520507812,185.93032836914062,192.31790161132812,346.7038269042969,207.43547,6.0,test_data/Useful/Validation/Nsk-White-Sand-Close/20240201_083219.jpg,149.0,101.0,33.171366678656746
48,0.0,0.0,0.0,0.0,0.0,0.0,0.0,0.0,0.0,0.0,0.0,0.0,0.0,0.0,0.0,0.0,0.0,0.0,0.0,0.0,0.0,0.0,0.0,0.0,0.0,0.0,0.0,0.0,0.0,0.0,0.0,0.0,0.0,0.0,0.0,0.0,0.0,0.0,0.0,0.0,0.0,0.0,0.0,0.0,0.0,0.0,0.0,0.0,0.0,0.0,0.0,0.0,0.0,0.0,0.0,0.0,0.0,0.0,0.0,0.0,0.0,0.0,0.0,0.0,0.0,0.0,0.0,0.0,1.0,2.0,2.0,3.0,4.0,5.0,6.0,7.0,8.0,9.0,10.0,11.0,12.0,13.0,14.0,16.0,17.0,18.0,19.0,20.0,22.0,23.0,24.0,26.0,27.0,29.0,30.0,32.0,33.029999999999745,35.0,38.0,47.0,0.0,1000.602362215519,1000.6338582634926,1000.6535432934761,1000.6692913174629,1000.6889764070511,1000.7047244310379,1000.7204724550247,1000.7362204790115,1000.7637795209885,3000.9330708384514,155.64247131347656,163.19501953125,168.0630340576172,171.87921142578125,175.2071533203125,178.4091339111328,181.637939453125,185.4261596679688,191.71975708007812,346.709716796875,207.45476,6.0,test_data/Useful/Validation/Nsk-White-Sand-Close/20240201_083220.jpg,146.0,84.0,31.030854868705383
49,0.0,0.0,0.0,0.0,0.0,0.0,0.0,0.0,0.0,0.0,0.0,0.0,0.0,0.0,0.0,0.0,0.0,0.0,0.0,0.0,0.0,0.0,0.0,0.0,0.0,0.0,0.0,0.0,0.0,0.0,0.0,0.0,0.0,0.0,0.0,0.0,0.0,0.0,0.0,0.0,0.0,0.0,0.0,0.0,0.0,0.0,0.0,0.0,0.0,0.0,1.0,2.0,2.0,3.0,4.0,4.0,5.0,5.419999999999845,6.0,7.0,8.0,8.0,9.0,10.0,11.0,11.0,12.0,13.0,14.0,15.0,15.0,16.0,17.0,18.0,19.0,19.0,20.0,21.0,21.0,22.0,23.0,24.0,25.0,25.0,26.0,27.0,28.0,28.0,29.0,30.0,31.0,31.0,32.0,33.0,35.0,35.0,36.0,37.0,39.00999999999976,43.0,0.0,1000.6071428656578,1000.6388888955116,1000.6547619104385,1000.6706349253654,1000.6865079402924,1000.6984127163887,1000.7142857313156,1000.7341269850731,1000.7738095521927,3000.9642857313156,156.88540649414062,164.48379516601562,169.35955810546875,173.20022583007812,176.50619506835938,179.67274475097656,182.91901550292968,186.80055236816406,193.11546325683594,346.71441650390625,208.76962,6.0,test_data/Useful/Validation/Nsk-White-Sand-Close/20240201_083221.jpg,207.0,140.0,24.7108795339118
50,0.0,0.0,0.0,0.0,0.0,0.0,0.0,0.0,0.0,0.0,0.0,0.0,0.0,0.0,0.0,0.0,0.0,0.0,0.0,0.0,0.0,0.0,0.0,0.0,0.0,0.0,0.0,0.0,0.0,0.0,0.0,0.0,0.0,0.0,0.0,0.0,0.0,0.0,0.0,0.0,0.0,0.0,0.0,0.0,0.0,0.0,0.0,0.0,0.0,1.0,1.0,2.0,2.0,3.0,4.0,5.0,5.0,6.0,7.0,8.0,9.0,9.0,10.0,11.0,12.0,13.0,14.0,14.0,15.0,16.0,17.0,18.0,18.0,19.0,20.0,21.0,21.0,22.0,23.0,23.0,24.0,25.0,25.0,26.0,27.0,27.0,28.0,29.0,29.0,30.0,31.0,31.0,32.0,32.0,33.0,34.0,35.0,37.0,39.0,43.0,0.0,1000.6935483813286,1000.7177419066429,1000.7338709831238,1000.745967745781,1000.7580645084381,1000.7741935253143,1000.7943548560143,1000.8266128897667,2000.7338709831238,3000.967741906643,152.46328887939453,160.023681640625,165.01646423339844,168.87388610839844,172.25353240966797,175.51173400878906,178.93313903808593,183.1894073486328,191.71893310546875,347.0118713378906,210.41132,6.0,test_data/Useful/Validation/Nsk-White-Sand-Close/20240201_083446.jpg,240.0,138.0,30.972251908184386
51,0.0,0.0,0.0,0.0,0.0,0.0,0.0,0.0,0.0,0.0,0.0,0.0,0.0,0.0,0.0,0.0,0.0,0.0,0.0,0.0,0.0,0.0,0.0,0.0,0.0,0.0,0.0,0.0,0.0,0.0,0.0,0.0,0.0,0.0,0.0,0.0,0.0,0.0,0.0,0.0,0.0,0.0,0.0,0.0,0.0,0.0,0.0,0.0,0.0,0.0,0.0,0.0,0.0,0.0,0.0,0.0,0.0,0.0,0.0,0.0,0.0,0.0,0.0,0.0,0.0,0.0,0.0,1.0,1.0,2.0,3.0,3.0,4.0,5.0,6.0,7.0,8.0,9.0,10.0,11.0,12.0,13.0,14.0,15.159999999999854,17.0,18.0,18.13000000000011,20.0,21.0,23.0,24.0,25.0,26.0,28.0,29.0,30.039999999999964,32.0,33.0,36.0,43.0,0.0,1000.6352941393852,1000.6745098233223,1000.7019608020782,1000.7215686440468,1000.745098054409,1000.772549033165,1000.8156862854958,2000.6705882549286,2000.8313725590706,3001.0,156.15936737060548,163.70943603515624,168.59990844726562,172.43833618164064,175.7220687866211,178.82574462890625,182.04197387695314,185.85569763183594,192.1640838623047,346.8347473144531,207.67456,6.0,test_data/Useful/Validation/Nsk-White-Sand-Close/20240201_083447.jpg,131.0,84.0,28.84475315875105
52,0.0,0.0,0.0,0.0,0.0,0.0,0.0,0.0,0.0,0.0,0.0,0.0,0.0,0.0,0.0,0.0,0.0,0.0,0.0,0.0,0.0,0.0,0.0,0.0,0.0,0.0,0.0,0.0,0.0,0.0,0.0,0.0,0.0,0.0,0.0,0.0,0.0,0.0,0.0,0.0,0.0,0.0,0.0,0.0,0.0,0.0,0.0,0.0,0.0,0.0,0.0,0.0,1.0,1.0,2.0,2.0,3.0,4.0,4.0,5.0,5.0,6.0,7.0,8.0,8.0,9.0,10.0,11.0,12.0,12.0,13.0,14.0,15.0,15.0,16.0,17.0,18.0,19.0,19.210000000000036,20.0,21.0,22.0,23.0,23.0,25.0,26.0,26.0,27.0,28.0,29.0,29.0,31.0,31.070000000000164,32.0,33.04999999999973,35.0,36.0,37.0,38.00999999999976,45.0,0.0,1000.6431372761726,1000.6862745285034,1000.7098039388657,1000.7294117808342,1000.7529411911964,1000.7764706015587,1000.8196078538895,2000.6745098233223,2000.7764706015587,3001.0,155.80062103271484,163.43665771484376,168.33895874023438,172.1581817626953,175.4615020751953,178.61097412109376,181.88219451904297,185.78766479492188,192.49962158203127,346.8788146972656,209.36621,6.0,test_data/Useful/Validation/Nsk-White-Sand-Close/20240201_083448.jpg,183.0,125.0,27.969233999082125
53,0.0,0.0,0.0,0.0,0.0,0.0,0.0,0.0,0.0,0.0,0.0,0.0,0.0,0.0,0.0,0.0,0.0,0.0,0.0,0.0,0.0,0.0,0.0,0.0,0.0,0.0,0.0,0.0,0.0,0.0,0.0,0.0,0.0,0.0,0.0,0.0,0.0,0.0,0.0,0.0,0.0,0.0,0.0,0.0,0.0,0.0,0.0,0.0,0.0,0.0,0.0,0.0,0.0,0.0,0.0,0.0,0.0,0.0,0.0,0.0,0.0,0.0,0.0,0.0,0.0,0.0,0.3300000000001546,1.0,2.0,3.0,4.0,5.0,6.0,7.0,8.0,9.0,10.0,12.0,13.0,14.0,15.0,16.0,17.0,18.0,19.0,20.0,21.0,22.0,23.0,25.0,26.0,28.0,30.0,31.0,32.0,33.0,35.0,36.0,38.0,45.0,0.0,1000.6549019813538,1000.6980392336845,1000.7215686440468,1000.7529411911964,1000.7843137383461,1000.8352941274643,2000.6823529601097,2000.7607843279839,3000.6823529601097,3001.0,155.61778259277344,163.26685180664063,168.12713470458985,171.93053283691407,175.20291137695312,178.35904541015626,181.6476272583008,185.51787414550782,191.76474609375,346.91973876953125,207.12782,6.0,test_data/Useful/Validation/Nsk-White-Sand-Close/20240201_083450.jpg,126.0,88.0,31.835028866522602
54,0.0,0.0,0.0,0.0,0.0,0.0,0.0,0.0,0.0,0.0,0.0,0.0,0.0,0.0,0.0,0.0,0.0,0.0,0.0,0.0,0.0,0.0,0.0,0.0,0.0,0.0,0.0,0.0,0.0,0.0,0.0,0.0,0.0,0.0,0.0,0.0,0.0,0.0,0.0,0.0,0.0,0.0,0.0,0.0,0.0,0.0,0.0,0.0,0.0,0.0,0.0,0.0,0.0,0.0,0.0,0.0,0.0,0.0,0.0,0.0,0.0,0.0,0.0,0.0,0.0,0.0,0.0,0.0,0.0,0.0,0.0,0.0,0.0,0.0,0.0,0.0,0.0,0.0,0.0,1.0,2.0,3.0,5.0,6.0,8.0,9.0,11.0,13.0,14.0,15.0,16.090000000000146,18.0,20.0,21.0,23.0,25.039999999999964,28.0,31.0,34.0,44.0,0.0,1000.6666666865349,1000.7098039388657,1000.7529411911964,1000.811764717102,2000.6705882549286,2000.745098054409,2000.89411765337,3000.7254902124405,3000.784313738346,3001.0,154.22673797607422,161.93572387695312,166.8196014404297,170.63831481933593,173.95098876953125,177.0616943359375,180.319075012207,184.18149108886718,190.47757568359376,346.9468688964844,206.18379,6.0,test_data/Useful/Validation/Nsk-White-Sand-Close/20240201_083451.jpg,91.0,58.0,33.092998567487854
55,0.0,0.0,0.0,0.0,0.0,0.0,0.0,0.0,0.0,0.0,0.0,0.0,0.0,0.0,0.0,0.0,0.0,0.0,0.0,0.0,0.0,0.0,0.0,0.0,0.0,0.0,0.0,0.0,0.0,0.0,0.0,0.0,0.0,0.0,0.0,0.0,0.0,0.0,0.0,0.0,0.0,0.0,0.0,0.0,0.0,0.0,0.0,0.0,0.0,0.0,0.0,0.0,0.0,0.0,0.0,0.0,0.0,0.0,0.0,0.0,0.0,0.0,0.0,0.0,0.0,0.0,0.3300000000001546,1.0,2.0,3.0,3.2899999999999636,5.0,5.0,6.0,7.0,8.0,9.0,10.0,11.0,13.0,14.0,15.0,16.0,17.0,18.0,19.0,20.0,22.0,22.0,24.0,25.0,26.0,26.0,28.0,29.0,30.0,31.0,34.0,36.0,44.0,0.0,1000.6392157077789,1000.678431391716,1000.7019608020782,1000.7254902124405,1000.7607843279839,1000.8156862854958,2000.6745098233223,2000.7490196228027,3000.6823529601097,3001.0,154.1641387939453,161.9047393798828,166.69549560546875,170.49851989746094,173.82717895507812,176.9941192626953,180.27437896728514,184.10896911621094,190.75421600341798,346.8426208496094,208.20007,6.0,test_data/Useful/Validation/Nsk-White-Sand-Close/20240201_083452.jpg,133.0,87.0,32.79384035734859
56,0.0,0.0,0.0,0.0,0.0,0.0,0.0,0.0,0.0,0.0,0.0,0.0,0.0,0.0,0.0,0.0,0.0,0.0,0.0,0.0,0.0,0.0,0.0,0.0,0.0,0.0,0.0,0.0,0.0,0.0,0.0,0.0,0.0,0.0,0.0,0.0,0.0,0.0,0.0,0.0,0.0,0.0,0.0,0.0,0.0,0.0,0.0,0.0,0.0,0.0,0.0,0.0,0.0,0.0,0.0,0.0,0.0,0.0,0.0,0.0,0.0,0.0,0.0,0.0,1.0,1.0,2.0,3.0,4.0,5.0,6.0,7.0,8.0,9.0,10.0,11.0,12.0,13.0,14.0,15.0,16.0,17.0,18.0,19.0,20.0,22.0,22.0,23.0,24.0,25.0,26.0,27.0,28.0,29.0,30.049999999999727,32.0,33.0,35.0,38.0,47.0,0.0,1000.6313725709915,1000.6666666865349,1000.6901960968971,1000.7098039388657,1000.7254902124405,1000.745098054409,1000.772549033165,1000.811764717102,2000.6901960968971,3001.0,155.58792114257812,163.17124938964844,168.0696258544922,171.8553466796875,175.14077758789062,178.31256103515625,181.5587615966797,185.40977478027344,191.8837127685547,346.8408508300781,207.75937,6.0,test_data/Useful/Validation/Nsk-White-Sand-Close/20240201_083453.jpg,134.0,88.0,27.482347430332084
57,0.0,0.0,0.0,0.0,0.0,0.0,0.0,0.0,0.0,0.0,0.0,0.0,0.0,0.0,0.0,0.0,0.0,0.0,0.0,0.0,0.0,0.0,0.0,0.0,0.0,0.0,0.0,0.0,0.0,0.0,0.0,0.0,0.0,0.0,0.0,0.0,0.0,0.0,0.0,0.0,0.0,0.0,0.0,0.0,0.0,0.0,0.0,0.0,0.0,0.0,0.0,0.0,0.0,0.0,0.0,0.0,0.0,0.0,0.0,0.0,0.0,0.0,0.0,0.0,0.0,0.0,1.0,2.0,2.0,3.0,4.0,5.0,6.0,7.0,8.0,9.0,11.0,11.0,12.210000000000036,14.0,15.0,16.0,17.0,18.0,19.0,20.0,22.0,23.0,24.0,25.0,27.0,28.0,29.0,31.0,32.0,33.0,34.0,36.01999999999998,39.0,49.0,0.0,1000.6274510025978,1000.6666666865349,1000.6941176652908,1000.7137255072594,1000.7294117808342,1000.7529411911964,1000.7843137383461,1000.8470588326454,2000.7137255072594,3001.0,156.34890747070312,163.96969604492188,168.88441467285156,172.695068359375,176.0243377685547,179.19068908691406,182.46051025390625,186.2751007080078,192.51797485351562,346.83453369140625,207.40309,6.0,test_data/Useful/Validation/Nsk-White-Sand-Close/20240201_083454.jpg,130.0,82.0,29.072362872446355
58,0.0,0.0,0.0,0.0,0.0,0.0,0.0,0.0,0.0,0.0,0.0,0.0,0.0,0.0,0.0,0.0,0.0,0.0,0.0,0.0,0.0,0.0,0.0,0.0,0.0,0.0,0.0,0.0,0.0,0.0,0.0,0.0,0.0,0.0,0.0,0.0,0.0,0.0,0.0,0.0,0.0,0.0,0.0,0.0,0.0,0.0,0.0,0.0,0.0,0.0,0.0,0.0,0.0,0.0,0.0,0.0,0.0,0.0,0.0,0.0,0.0,0.0,0.0,0.0,1.0,2.0,2.0,3.0,4.0,5.0,5.0,6.0,7.0,8.0,9.0,10.0,11.0,12.220000000000027,14.0,15.0,16.0,17.0,18.0,19.0,20.0,21.0,22.0,23.0,25.0,26.0,27.0,28.0,29.0,30.0,31.0,32.0,33.0,34.01999999999998,37.0,45.0,0.0,1000.6274510025978,1000.6666666865349,1000.6941176652908,1000.7176470756531,1000.7372549176216,1000.7607843279839,1000.7921568751335,1000.8901960849762,2000.7294117808342,3001.0,155.83462677001953,163.46201171875,168.32096099853516,172.0727294921875,175.37039184570312,178.48850708007814,181.71387481689453,185.5306396484375,191.82626190185547,346.8626403808594,207.34521,6.0,test_data/Useful/Validation/Nsk-White-Sand-Close/20240201_083455.jpg,137.0,101.0,30.99379029421069
59,0.0,0.0,0.0,0.0,0.0,0.0,0.0,0.0,0.0,0.0,0.0,0.0,0.0,0.0,0.0,0.0,0.0,0.0,0.0,0.0,0.0,0.0,0.0,0.0,0.0,0.0,0.0,0.0,0.0,0.0,0.0,0.0,0.0,0.0,0.0,0.0,0.0,0.0,0.0,0.0,0.0,0.0,0.0,0.0,0.0,0.0,0.0,0.0,0.0,0.0,0.0,0.0,0.0,0.0,0.0,0.0,0.0,1.0,1.0,2.0,3.0,4.0,5.0,5.0,6.0,7.0,8.0,9.0,10.0,11.0,12.0,13.0,14.0,15.0,16.0,18.0,18.0,19.0,20.0,21.0,22.0,22.0,23.0,24.0,25.0,26.0,27.0,28.0,28.110000000000127,29.0,30.0,31.0,32.0,32.0,33.0,34.0,35.029999999999745,37.0,39.0,43.0,0.0,1000.6470588445663,1000.678431391716,1000.6980392336845,1000.7137255072594,1000.7294117808342,1000.745098054409,1000.7843137383461,2000.6901960968971,2000.7607843279839,3000.9803921580315,153.96604919433594,161.59097290039062,166.41925048828125,170.22027587890625,173.5338897705078,176.74471435546874,180.03667297363282,184.00958251953125,191.10658264160156,346.933349609375,209.7139,6.0,test_data/Useful/Validation/Nsk-White-Sand-Close/20240201_083456.jpg,179.0,106.0,32.92663538136708
60,0.0,0.0,0.0,0.0,0.0,0.0,0.0,0.0,0.0,0.0,0.0,0.0,0.0,0.0,0.0,0.0,0.0,0.0,0.0,0.0,0.0,0.0,0.0,0.0,0.0,0.0,0.0,0.0,0.0,0.0,0.0,0.0,0.0,0.0,0.0,0.0,0.0,0.0,0.0,0.0,0.0,0.0,0.0,0.0,0.0,0.0,0.0,0.0,0.0,0.0,0.0,0.0,0.0,0.0,0.0,0.0,0.0,0.0,0.0,0.0,0.0,0.0,0.0,0.0,0.0,0.0,0.0,0.0,0.0,0.0,0.0,0.0,0.0,1.0,3.0,3.240000000000009,5.0,6.0,8.0,8.200000000000045,10.0,11.179999999999836,13.0,15.0,17.0,18.139999999999873,20.0,21.11999999999989,24.0,25.0,26.0,28.0,29.0,30.0,32.0,33.0,35.0,36.0,38.0,46.0,0.0,1000.6235294342041,1000.6666666865349,1000.6941176652908,1000.7098039388657,1000.7254902124405,1000.745098054409,1000.7764706015587,1000.8862745165825,2000.717647075653,3001.0,156.13170928955077,163.63204345703124,168.50270080566406,172.3332702636719,175.61593627929688,178.79122924804688,182.0008087158203,185.77597045898438,191.79367065429688,346.8301086425781,205.53586,6.0,test_data/Useful/Validation/Nsk-White-Sand-Close/20240201_083457.jpg,109.0,72.0,28.56247728646413
61,0.0,0.0,0.0,0.0,0.0,0.0,0.0,0.0,0.0,0.0,0.0,0.0,0.0,0.0,0.0,0.0,0.0,0.0,0.0,0.0,0.0,0.0,0.0,0.0,0.0,0.0,0.0,0.0,0.0,0.0,0.0,0.0,0.0,0.0,0.0,0.0,0.0,0.0,0.0,0.0,0.0,0.0,0.0,0.0,0.0,0.0,0.0,0.0,0.0,0.0,0.0,0.0,0.0,0.0,0.0,0.0,0.0,0.0,0.0,0.0,0.0,0.0,0.0,0.0,0.0,0.0,0.0,0.0,0.0,0.0,1.0,1.0,2.0,3.0,4.0,5.0,6.0,7.220000000000027,9.0,10.200000000000045,12.0,13.0,14.0,16.0,17.0,19.0,20.0,21.0,23.0,25.0,26.0,27.0,29.0,30.0,31.0,32.0,34.0,36.0,38.0,48.0,0.0,1000.6078431606293,1000.6470588445663,1000.6705882549286,1000.6901960968971,1000.705882370472,1000.7254902124405,1000.7411764860153,1000.7647058963776,1000.8000000119209,3000.9803921580315,156.1857452392578,163.70201110839844,168.62008666992188,172.42269897460938,175.76678466796875,178.89573669433594,182.1611328125,185.98992919921875,192.24041748046875,346.7236328125,206.4997,6.0,test_data/Useful/Validation/Nsk-White-Sand-Close/20240201_083458.jpg,109.0,74.0,29.44302307000855
62,0.0,0.0,0.0,0.0,0.0,0.0,0.0,0.0,0.0,0.0,0.0,0.0,0.0,0.0,0.0,0.0,0.0,0.0,0.0,0.0,0.0,0.0,0.0,0.0,0.0,0.0,0.0,0.0,0.0,0.0,0.0,0.0,0.0,0.0,0.0,0.0,0.0,0.0,0.0,0.0,0.0,0.0,0.0,0.0,0.0,0.0,0.0,0.0,0.0,0.0,0.0,0.0,0.0,0.0,0.0,0.0,0.0,0.0,0.0,0.0,0.0,0.0,0.0,0.0,0.0,0.0,0.0,0.0,0.0,0.0,0.0,0.0,0.0,1.0,2.0,3.0,4.0,5.0,7.0,8.0,10.0,11.0,12.0,13.0,14.0,15.0,17.0,18.0,20.0,21.0,22.0,24.0,25.0,26.0,27.0,29.0,30.0,33.0,35.00999999999976,42.0,0.0,1000.6352941393852,1000.6627451181412,1000.6823529601097,1000.6980392336845,1000.7098039388657,1000.7215686440468,1000.7333333492279,1000.7490196228027,1000.7764706015587,3000.960784316063,155.4571990966797,163.02700805664062,167.94912719726562,171.67051696777344,174.99612426757812,178.1273620605469,181.37387084960938,185.32586669921875,191.65975952148438,346.8411560058594,206.94289,6.0,test_data/Useful/Validation/Nsk-White-Sand-Close/20240201_083500.jpg,136.0,74.0,26.680995077981915
63,0.0,0.0,0.0,0.0,0.0,0.0,0.0,0.0,0.0,0.0,0.0,0.0,0.0,0.0,0.0,0.0,0.0,0.0,0.0,0.0,0.0,0.0,0.0,0.0,0.0,0.0,0.0,0.0,0.0,0.0,0.0,0.0,0.0,0.0,0.0,0.0,0.0,0.0,0.0,0.0,0.0,0.0,0.0,0.0,0.0,0.0,0.0,0.0,0.0,0.0,0.0,0.0,0.0,0.0,0.0,0.0,0.0,0.0,0.0,0.0,0.0,0.0,0.0,0.0,0.0,0.0,0.0,0.0,1.0,2.0,3.0,4.0,5.0,6.0,6.0,8.0,9.0,10.0,11.0,12.0,13.0,15.0,16.0,17.0,18.0,19.0,20.0,22.0,23.0,23.09999999999991,25.0,26.0,28.0,29.0,31.0,32.0,34.0,35.0,38.0,46.0,0.0,1000.5568627715111,1000.6000000238419,1000.6313725709915,1000.6549019813538,1000.678431391716,1000.7019608020782,1000.7254902124405,1000.7568627595901,1000.8274509906769,3000.9960784316063,155.44894409179688,163.10836486816407,167.99237060546875,171.74368896484376,175.08680725097656,178.2594757080078,181.52745208740234,185.3507873535156,191.73729095458984,346.58782958984375,206.46568,6.0,test_data/Useful/Validation/Nsk-White-Sand-Close/20240201_083505.jpg,121.0,83.0,26.411380127757987
64,0.0,0.0,0.0,0.0,0.0,0.0,0.0,0.0,0.0,0.0,0.0,0.0,0.0,0.0,0.0,0.0,0.0,0.0,0.0,0.0,0.0,0.0,0.0,0.0,0.0,0.0,0.0,0.0,0.0,0.0,0.0,0.0,0.0,0.0,0.0,0.0,0.0,0.0,0.0,0.0,0.0,0.0,0.0,0.0,0.0,0.0,0.0,0.0,0.0,0.0,0.0,0.0,0.0,0.0,0.0,0.0,0.0,0.0,1.0,2.0,2.0,3.0,3.0,4.0,5.0,6.0,6.0,7.0,8.0,9.0,10.0,11.0,12.0,13.0,14.0,15.0,16.0,17.0,18.0,19.0,20.0,21.0,22.0,23.0,23.0,24.0,25.0,26.0,27.0,28.0,29.0,30.0,30.0,32.0,32.0,33.0,34.0,35.0,38.0,43.0,0.0,1000.54509806633,1000.5921568870544,1000.6196078658104,1000.6431372761726,1000.6666666865349,1000.6941176652908,1000.7333333492279,1000.9137254953384,2000.7372549176216,3000.984313726425,156.26215667724608,163.948974609375,168.81884765625,172.58531188964844,175.9375762939453,179.08895874023438,182.40267944335938,186.21914672851562,192.44239807128906,346.5478515625,207.73877,6.0,test_data/Useful/Validation/Nsk-White-Sand-Close/20240201_083506.jpg,144.0,103.0,32.43757746718259
65,0.0,0.0,0.0,0.0,0.0,0.0,0.0,0.0,0.0,0.0,0.0,0.0,0.0,0.0,0.0,0.0,0.0,0.0,0.0,0.0,0.0,0.0,0.0,0.0,0.0,0.0,0.0,0.0,0.0,0.0,0.0,0.0,0.0,0.0,0.0,0.0,0.0,0.0,0.0,0.0,0.0,0.0,0.0,0.0,0.0,0.0,0.0,0.0,0.0,0.0,0.0,0.0,0.0,0.0,0.0,0.0,0.0,1.0,1.0,1.0,2.0,3.0,4.0,5.0,6.0,7.0,8.0,9.0,10.0,11.0,12.0,13.0,14.0,15.0,16.0,17.0,18.0,19.0,21.0,22.0,23.0,23.0,24.0,25.0,26.0,27.0,28.0,29.0,30.0,31.0,32.0,32.0,33.0,34.0,35.0,36.0,37.0,38.0,40.0,46.0,0.0,1000.5533596873283,1000.5968379378319,1000.6284584999084,1000.656126499176,1000.6996047496796,1000.8102766871452,2000.6403161883354,2000.758893251419,3000.667984187603,3001.0,157.57518157958984,165.0885772705078,169.9713897705078,173.75628662109375,177.06094360351562,180.2019775390625,183.42007446289062,187.20909118652344,193.341064453125,346.5207214355469,207.41669,6.0,test_data/Useful/Validation/Nsk-White-Sand-Close/20240201_083508(0).jpg,138.0,96.0,34.06872008571247
66,0.0,0.0,0.0,0.0,0.0,0.0,0.0,0.0,0.0,0.0,0.0,0.0,0.0,0.0,0.0,0.0,0.0,0.0,0.0,0.0,0.0,0.0,0.0,0.0,0.0,0.0,0.0,0.0,0.0,0.0,0.0,0.0,0.0,0.0,0.0,0.0,0.0,0.0,0.0,0.0,0.0,0.0,0.0,0.0,0.0,0.0,0.0,0.0,0.0,0.0,0.0,0.0,1.0,1.0,2.0,2.0,3.0,3.0,4.0,5.0,5.0,6.0,7.0,7.0,8.0,9.0,9.0,10.0,11.0,12.299999999999955,13.0,15.0,16.0,17.0,18.0,19.0,20.0,20.220000000000027,21.0,22.0,23.0,24.0,25.0,26.0,27.0,28.0,28.0,29.0,30.0,31.0,31.0,32.0,33.0,34.0,35.0,36.0,37.0,38.0,40.0,45.0,0.0,1000.5411764979362,1000.5882353186607,1000.611764729023,1000.6352941393852,1000.6549019813538,1000.6862745285034,1000.7254902124405,2000.3725490272045,2000.705882370472,3000.9764705896378,157.42077026367187,165.18125915527344,170.02215576171875,173.86106872558594,177.15011596679688,180.3289031982422,183.62640838623048,187.44060668945315,193.52115783691406,346.500244140625,207.47736,6.0,test_data/Useful/Validation/Nsk-White-Sand-Close/20240201_083508.jpg,154.0,114.0,29.783969635258998
67,0.0,0.0,0.0,0.0,0.0,0.0,0.0,0.0,0.0,0.0,0.0,0.0,0.0,0.0,0.0,0.0,0.0,0.0,0.0,0.0,0.0,0.0,0.0,0.0,0.0,0.0,0.0,0.0,0.0,0.0,0.0,0.0,0.0,0.0,0.0,0.0,0.0,0.0,0.0,0.0,0.0,0.0,0.0,0.0,0.0,0.0,0.0,0.0,0.0,0.0,0.0,0.0,0.0,0.0,0.0,0.0,0.0,0.0,0.0,0.0,1.0,1.0,2.0,3.0,3.0,4.0,5.0,6.0,7.0,8.0,9.0,10.0,11.0,12.0,13.0,14.0,15.0,16.0,17.0,18.0,19.0,21.0,21.0,22.0,23.0,24.0,24.0,25.0,26.0,27.0,28.0,29.0,30.0,31.0,33.0,34.0,35.0,36.0,38.0,47.0,0.0,1000.5607843399048,1000.611764729023,1000.6470588445663,1000.6941176652908,1000.8039215803146,2000.6274510025978,2000.7215686440468,3000.627451002598,3000.6862745285034,3000.9803921580315,156.6487579345703,164.34571533203126,169.1896545410156,172.9826904296875,176.3007354736328,179.44462890625,182.73052368164062,186.49042053222655,192.80865173339845,346.55010986328125,207.86343,6.0,test_data/Useful/Validation/Nsk-White-Sand-Close/20240201_083509.jpg,161.0,111.0,33.01059869367607
68,0.0,0.0,0.0,0.0,0.0,0.0,0.0,0.0,0.0,0.0,0.0,0.0,0.0,0.0,0.0,0.0,0.0,0.0,0.0,0.0,0.0,0.0,0.0,0.0,0.0,0.0,0.0,0.0,0.0,0.0,0.0,0.0,0.0,0.0,0.0,0.0,0.0,0.0,0.0,0.0,0.0,0.0,0.0,0.0,0.0,0.0,0.0,0.0,0.0,0.0,0.0,0.0,0.0,0.0,0.0,0.0,0.0,1.0,2.0,2.0,3.0,4.0,4.0,5.0,6.0,7.0,7.0,8.0,9.0,10.0,11.0,11.0,12.0,13.0,14.0,15.0,15.230000000000018,16.0,17.0,18.0,19.0,20.0,21.0,21.0,22.0,23.0,24.0,25.0,26.0,27.0,28.0,29.0,30.0,31.0,32.0,33.0,34.0,36.0,38.0,44.0,0.0,1000.5873016119003,1000.6349206566811,1000.6706349253654,1000.7182539701462,2000.5436508059502,2000.650793671608,2000.7460317611694,3000.642857134342,3000.7023809552193,3001.0,155.9609146118164,163.63681030273438,168.4913330078125,172.29456787109376,175.59906768798828,178.7635040283203,182.0444763183594,185.89440307617187,192.3361358642578,346.6148376464844,208.50279,6.0,test_data/Useful/Validation/Nsk-White-Sand-Close/20240201_083510.jpg,157.0,110.0,31.084908075142902
69,0.0,0.0,0.0,0.0,0.0,0.0,0.0,0.0,0.0,0.0,0.0,0.0,0.0,0.0,0.0,0.0,0.0,0.0,0.0,0.0,0.0,0.0,0.0,0.0,0.0,0.0,0.0,0.0,0.0,0.0,0.0,0.0,0.0,0.0,0.0,0.0,0.0,0.0,0.0,0.0,0.0,0.0,0.0,0.0,0.0,0.0,0.0,0.0,0.0,0.0,0.0,0.0,0.0,0.0,0.0,0.0,1.0,1.0,1.0,2.0,2.0,3.0,4.0,4.0,5.0,6.0,7.0,7.0,8.0,9.0,10.0,10.0,11.0,12.0,13.0,14.0,15.0,15.0,16.0,17.0,18.0,19.0,20.0,21.0,22.0,23.0,24.0,25.0,26.0,27.0,28.0,29.0,30.0,30.0,32.0,33.0,34.0,36.0,39.0,44.0,0.0,1000.5725490450859,1000.6196078658104,1000.6549019813538,1000.6980392336845,1000.7843137383461,2000.6039215922356,2000.6705882549286,3000.5411764979362,3000.6705882549286,3000.9764705896378,156.99199523925782,164.65814208984375,169.47897033691407,173.2263977050781,176.51302337646484,179.66890563964844,182.90665283203126,186.6986877441406,192.8800048828125,346.578125,208.2604,6.0,test_data/Useful/Validation/Nsk-White-Sand-Close/20240201_083512(0).jpg,172.0,112.0,28.06464073618463
70,0.0,0.0,0.0,0.0,0.0,0.0,0.0,0.0,0.0,0.0,0.0,0.0,0.0,0.0,0.0,0.0,0.0,0.0,0.0,0.0,0.0,0.0,0.0,0.0,0.0,0.0,0.0,0.0,0.0,0.0,0.0,0.0,0.0,0.0,0.0,0.0,0.0,0.0,0.0,0.0,0.0,0.0,0.0,0.0,0.0,0.0,0.0,0.0,0.0,0.0,0.0,0.0,0.0,0.0,0.0,0.0,0.0,0.0,0.0,0.0,0.0,0.0,0.0,0.0,0.0,0.0,0.0,1.0,2.0,3.0,4.0,5.0,6.0,7.0,8.0,9.0,11.0,12.0,13.0,14.0,15.0,16.0,17.0,19.0,20.0,21.0,22.0,23.0,24.0,26.0,27.0,28.0,29.0,30.0,32.0,33.0,35.0,36.0,38.0,44.0,0.0,1000.5708661675453,1000.6220472455025,1000.6574802994728,1000.6968504190445,1000.755905508995,2000.5905511975288,2000.6653543114662,2000.7283464670181,3000.6496062874794,3001.0,156.28993225097656,163.8448486328125,168.66091918945312,172.49014282226562,175.76947784423828,178.9408721923828,182.17868041992188,186.0166442871094,192.2427978515625,346.5992736816406,207.4423,6.0,test_data/Useful/Validation/Nsk-White-Sand-Close/20240201_083712.jpg,143.0,95.0,31.084186816525243
71,0.0,0.0,0.0,0.0,0.0,0.0,0.0,0.0,0.0,0.0,0.0,0.0,0.0,0.0,0.0,0.0,0.0,0.0,0.0,0.0,0.0,0.0,0.0,0.0,0.0,0.0,0.0,0.0,0.0,0.0,0.0,0.0,0.0,0.0,0.0,0.0,0.0,0.0,0.0,0.0,0.0,0.0,0.0,0.0,0.0,0.0,0.0,0.0,0.0,0.0,0.0,1.0,1.0,2.0,2.0,3.0,3.0,4.0,5.0,6.0,7.0,7.0,8.370000000000118,9.0,10.0,11.0,12.0,13.0,14.0,15.0,16.0,16.279999999999973,17.0,18.0,19.0,19.0,21.0,21.0,23.0,23.0,24.0,25.0,25.0,26.0,27.0,27.0,28.0,29.0,29.0,30.0,31.0,32.0,33.0,34.0,35.0,35.0,36.0,38.0,40.0,46.0,0.0,1000.5770751237869,1000.6324110627174,1000.683794438839,1000.8260869383812,2000.5968379378319,2000.6442687511444,2000.6996047496796,3000.5217391252518,3000.675889313221,3001.0,157.25015258789062,164.90188598632812,169.77562561035157,173.63835449218752,176.9375762939453,180.0877227783203,183.362385559082,187.26529235839843,193.44174194335938,346.526123046875,208.64038,6.0,test_data/Useful/Validation/Nsk-White-Sand-Close/20240201_083714.jpg,184.0,122.0,34.61410969939791
72,0.0,0.0,0.0,0.0,0.0,0.0,0.0,0.0,0.0,0.0,0.0,0.0,0.0,0.0,0.0,0.0,0.0,0.0,0.0,0.0,0.0,0.0,0.0,0.0,0.0,0.0,0.0,0.0,0.0,0.0,0.0,0.0,0.0,0.0,0.0,0.0,0.0,0.0,0.0,0.0,0.0,0.0,0.0,0.0,0.0,0.0,0.0,0.0,0.0,0.0,0.0,0.0,0.0,0.0,0.0,0.0,0.0,0.0,0.0,0.0,1.0,1.0,2.0,3.0,4.0,5.0,6.0,7.0,8.0,9.0,10.0,11.0,12.0,13.0,15.0,16.0,18.0,18.220000000000027,19.0,20.0,22.0,23.0,24.0,25.0,26.0,27.0,27.0,28.0,29.0,30.0,31.0,31.0,32.0,33.0,34.0,35.0,36.0,37.0,39.0,45.0,0.0,1000.5647059082985,1000.611764729023,1000.6392157077789,1000.6627451181412,1000.6823529601097,1000.7019608020782,1000.7176470756531,1000.7411764860153,1000.7803921699524,3000.9764705896378,156.84954833984375,164.3874969482422,169.32183837890625,173.11646118164063,176.44721221923828,179.60715942382814,182.84205322265623,186.70099792480468,193.1236572265625,346.5524597167969,208.26309,6.0,test_data/Useful/Validation/Nsk-White-Sand-Close/20240201_083719.jpg,168.0,104.0,29.892521882670145
73,0.0,0.0,0.0,0.0,0.0,0.0,0.0,0.0,0.0,0.0,0.0,0.0,0.0,0.0,0.0,0.0,0.0,0.0,0.0,0.0,0.0,0.0,0.0,0.0,0.0,0.0,0.0,0.0,0.0,0.0,0.0,0.0,0.0,0.0,0.0,0.0,0.0,0.0,0.0,0.0,0.0,0.0,0.0,0.0,0.0,0.0,0.0,0.0,0.0,0.0,0.0,0.0,0.0,0.0,0.0,0.0,0.0,0.0,0.0,0.0,0.0,0.0,0.0,0.0,0.0,0.0,1.0,2.0,2.0,3.0,4.0,5.0,6.0,7.0,8.0,10.0,11.0,12.0,13.0,14.0,15.0,16.0,18.0,19.0,20.0,21.0,22.13000000000011,24.0,25.0,26.0,28.0,29.0,30.0,31.0,32.0,33.0,34.0,36.0,38.0,45.0,0.0,1000.5764706134796,1000.6196078658104,1000.6431372761726,1000.6666666865349,1000.6862745285034,1000.7019608020782,1000.7215686440468,1000.7411764860153,1000.7764706015587,3000.972549021244,156.49542236328125,164.01004028320312,168.91368713378907,172.68771362304688,176.0397186279297,179.244189453125,182.47877960205076,186.31148681640627,192.6112838745117,346.5942077636719,207.80746,6.0,test_data/Useful/Validation/Nsk-White-Sand-Close/20240201_083720.jpg,144.0,86.0,34.69393096744202
74,0.0,0.0,0.0,0.0,0.0,0.0,0.0,0.0,0.0,0.0,0.0,0.0,0.0,0.0,0.0,0.0,0.0,0.0,0.0,0.0,0.0,0.0,0.0,0.0,0.0,0.0,0.0,0.0,0.0,0.0,0.0,0.0,0.0,0.0,0.0,0.0,0.0,0.0,0.0,0.0,0.0,0.0,0.0,0.0,0.0,0.0,0.0,0.0,0.0,0.0,0.0,0.0,0.0,0.0,0.0,0.0,0.0,0.0,0.0,0.0,0.0,0.0,0.0,0.0,0.0,0.0,0.0,1.0,2.0,3.0,4.0,5.0,6.0,7.0,8.0,9.0,10.0,12.0,13.0,14.0,15.190000000000055,17.0,18.0,19.0,20.0,21.0,22.0,23.0,24.0,25.0,26.0,27.0,28.0,29.0,30.049999999999727,32.0,34.0,35.01999999999998,38.0,49.0,0.0,1000.5882353186607,1000.6235294342041,1000.6470588445663,1000.6627451181412,1000.6823529601097,1000.6980392336845,1000.7137255072594,1000.7333333492279,1000.7607843279839,3000.9529411792755,156.107421875,163.878173828125,168.70375061035156,172.55276489257812,175.86557006835938,179.01929321289063,182.26622314453124,186.11416625976562,192.35452270507812,346.632080078125,207.56335,6.0,test_data/Useful/Validation/Nsk-White-Sand-Close/20240201_083721.jpg,134.0,84.0,22.140764687730766
75,0.0,0.0,0.0,0.0,0.0,0.0,0.0,0.0,0.0,0.0,0.0,0.0,0.0,0.0,0.0,0.0,0.0,0.0,0.0,0.0,0.0,0.0,0.0,0.0,0.0,0.0,0.0,0.0,0.0,0.0,0.0,0.0,0.0,0.0,0.0,0.0,0.0,0.0,0.0,0.0,0.0,0.0,0.0,0.0,0.0,0.0,0.0,0.0,0.0,0.0,0.0,1.0,1.0,2.0,2.0,3.0,3.0,4.0,5.0,5.0,6.0,7.0,8.0,8.0,9.0,10.0,11.0,12.0,13.0,13.0,14.0,15.0,15.0,16.0,17.0,18.0,18.0,19.0,20.0,21.0,21.0,22.0,23.0,24.0,24.0,25.0,26.0,27.0,27.110000000000127,29.0,29.0,30.0,31.0,31.0,32.0,33.0,35.0,36.0,38.0,46.0,0.0,1000.577689230442,1000.6135458350182,1000.6374502182007,1000.6533864736557,1000.6693227291107,1000.6892430186272,1000.7091633677483,1000.7370517849922,1000.8247011899948,3000.9800797104836,155.71783447265625,163.38644409179688,168.27651977539062,172.11952209472656,175.4786148071289,178.707568359375,182.00546417236328,185.95825805664063,192.56935272216796,346.60137939453125,209.06534,6.0,test_data/Useful/Validation/Nsk-White-Sand-Close/20240201_083722.jpg,183.0,125.0,32.46570751312567
76,0.0,0.0,0.0,0.0,0.0,0.0,0.0,0.0,0.0,0.0,0.0,0.0,0.0,0.0,0.0,0.0,0.0,0.0,0.0,0.0,0.0,0.0,0.0,0.0,0.0,0.0,0.0,0.0,0.0,0.0,0.0,0.0,0.0,0.0,0.0,0.0,0.0,0.0,0.0,0.0,0.0,0.0,0.0,0.0,1.0,1.0,2.0,2.0,3.0,4.0,5.0,5.0,6.0,7.0,8.0,8.0,9.0,10.0,11.0,11.0,12.0,12.379999999999882,13.0,14.0,14.0,15.0,16.0,17.0,18.0,18.0,19.0,20.0,20.0,21.0,22.0,23.0,23.0,24.0,25.0,25.0,26.0,27.0,27.0,28.0,29.0,29.0,30.0,30.0,31.0,32.0,33.0,33.0,34.0,35.0,36.0,37.0,38.0,39.0,40.0,47.0,0.0,1000.5600000023842,1000.6000000238419,1000.6280000209808,1000.6520000100136,1000.6759999990463,1000.7080000042915,1000.7799999713898,2000.6439999938011,2000.7960000038147,3000.9760000109673,156.50396728515625,164.1240234375,169.01536560058594,172.86819458007812,176.17010498046875,179.35785522460938,182.608154296875,186.47257385253906,193.09783935546875,346.5289001464844,209.23491,6.0,test_data/Useful/Validation/Nsk-White-Sand-Close/20240201_083724.jpg,204.0,129.0,30.261141204714512
77,0.0,0.0,0.0,0.0,0.0,0.0,0.0,0.0,0.0,0.0,0.0,0.0,0.0,0.0,0.0,0.0,0.0,0.0,0.0,0.0,0.0,0.0,0.0,0.0,0.0,0.0,0.0,0.0,0.0,0.0,0.0,0.0,0.0,0.0,0.0,0.0,0.0,0.0,0.0,0.0,0.0,0.0,0.0,0.0,0.0,0.0,0.0,0.0,0.0,0.0,0.0,0.0,0.0,0.0,0.0,0.0,0.0,0.0,0.0,0.0,0.0,0.0,0.0,0.0,0.0,0.0,0.0,0.0,0.0,0.0,0.0,0.0,0.0,0.0,0.0,1.0,2.0,3.0,5.0,6.0,8.0,9.0,10.0,12.0,13.0,14.139999999999873,16.0,18.0,20.0,21.0,23.0,24.0,25.070000000000164,27.0,28.0,30.0,31.0,33.0,37.0,43.0,0.0,1000.6163265109062,1000.6530612111092,1000.6734693646431,1000.6897959113121,1000.710204064846,1000.7224490046501,1000.7387754917145,1000.7510204315186,1000.7755101919174,3000.9755101799965,153.17727355957032,160.8981964111328,165.7174285888672,169.5467529296875,172.87205505371094,176.00010681152344,179.37091369628905,183.32071838378906,190.2148193359375,346.7301025390625,207.30322,6.0,test_data/Useful/Validation/Nsk-White-Sand-Close/20240201_083725.jpg,121.0,71.0,29.102977948602398
78,0.0,0.0,0.0,0.0,0.0,0.0,0.0,0.0,0.0,0.0,0.0,0.0,0.0,0.0,0.0,0.0,0.0,0.0,0.0,0.0,0.0,0.0,0.0,0.0,0.0,0.0,0.0,0.0,0.0,0.0,0.0,0.0,0.0,0.0,0.0,0.0,0.0,0.0,0.0,0.0,0.0,0.0,0.0,0.0,0.0,0.0,0.0,0.0,0.0,0.0,0.0,0.0,0.0,0.0,0.0,0.0,0.0,0.0,0.0,0.0,0.0,0.0,0.0,0.0,0.0,0.0,0.0,0.0,0.0,0.0,0.0,0.0,0.0,0.0,1.0,2.0,3.0,4.0,5.0,7.0,8.0,10.0,12.0,13.0,15.0,16.0,17.0,18.0,20.0,21.0,22.0,24.0,25.0,27.0,28.0,30.0,32.0,34.0,36.0,44.0,0.0,1000.5810276865959,1000.6245059370995,1000.648221373558,1000.664031624794,1000.683794438839,1000.6996047496796,1000.7154150009155,1000.7351778745651,1000.7628458738327,3000.9604743123055,154.5743408203125,162.3156311035156,167.18172607421874,170.97958984375,174.3434066772461,177.5051727294922,180.82051696777344,184.7541931152344,191.3813934326172,346.6551513671875,208.25325,6.0,test_data/Useful/Validation/Nsk-White-Sand-Close/20240201_083726.jpg,134.0,76.0,30.275282329606508
79,0.0,0.0,0.0,0.0,0.0,0.0,0.0,0.0,0.0,0.0,0.0,0.0,0.0,0.0,0.0,0.0,0.0,0.0,0.0,0.0,0.0,0.0,0.0,0.0,0.0,0.0,0.0,0.0,0.0,0.0,0.0,0.0,0.0,0.0,0.0,0.0,0.0,0.0,0.0,0.0,0.0,0.0,0.0,0.0,0.0,0.0,0.0,0.0,0.0,0.0,0.0,0.0,0.0,0.0,0.0,0.0,0.0,0.0,0.0,0.0,0.0,0.0,0.0,0.0,0.0,0.0,0.0,0.0,1.0,2.0,2.0,4.0,5.0,6.0,7.0,8.0,9.0,11.0,12.0,12.200000000000045,14.0,16.0,17.0,18.0,19.0,20.0,22.0,23.0,24.0,25.0,26.0,27.0,28.0,29.0,31.0,32.0,34.0,35.0,37.0,44.0,0.0,1000.6040816307068,1000.6448979377747,1000.6693877577782,1000.6857143044472,1000.7020407915115,1000.7142857313156,1000.73061221838,1000.742857158184,1000.7673469185829,3000.9673469662666,152.7596893310547,160.44635009765625,165.34034729003906,169.18828125,172.50519561767578,175.72630004882814,179.026611328125,183.07101440429688,190.32106018066406,346.6703796386719,208.84314,6.0,test_data/Useful/Validation/Nsk-White-Sand-Close/20240201_083727.jpg,154.0,89.0,24.037293256197323
80,0.0,0.0,0.0,0.0,0.0,0.0,0.0,0.0,0.0,0.0,0.0,0.0,0.0,0.0,0.0,0.0,0.0,0.0,0.0,0.0,0.0,0.0,0.0,0.0,0.0,0.0,0.0,0.0,0.0,0.0,0.0,0.0,0.0,0.0,0.0,0.0,0.0,0.0,0.0,0.0,0.0,0.0,0.0,0.0,0.0,0.0,0.0,0.0,0.0,0.0,0.0,0.0,0.0,0.0,0.0,0.0,0.0,0.0,0.0,0.0,0.0,0.0,0.0,0.0,0.0,0.0,0.0,1.0,2.0,2.0,3.0,4.0,5.0,6.0,7.0,8.0,10.0,11.0,12.0,13.200000000000045,15.0,16.0,17.0,18.0,19.0,21.0,22.0,23.0,24.0,25.0,27.0,28.0,29.070000000000164,30.0,32.0,34.0,35.0,36.0,38.0,45.0,0.0,1000.561752974987,1000.6055777072906,1000.6334661245346,1000.6533864736557,1000.6693227291107,1000.6892430186272,1000.7091633677483,1000.7330677509308,1000.7729083895683,3000.9800797104836,156.03526306152344,163.72039794921875,168.5759735107422,172.41156005859375,175.6956787109375,178.8212432861328,182.1247085571289,186.048681640625,192.21729736328126,346.55853271484375,206.9858,6.0,test_data/Useful/Validation/Nsk-White-Sand-Close/20240201_083728.jpg,119.0,79.0,29.340984336487463
81,0.0,0.0,0.0,0.0,0.0,0.0,0.0,0.0,0.0,0.0,0.0,0.0,0.0,0.0,0.0,0.0,0.0,0.0,0.0,0.0,0.0,0.0,0.0,0.0,0.0,0.0,0.0,0.0,0.0,0.0,0.0,0.0,0.0,0.0,0.0,0.0,0.0,0.0,0.0,0.0,0.0,0.0,0.0,0.0,0.0,0.0,0.0,0.0,0.0,0.0,0.0,0.0,0.0,0.0,0.0,0.0,0.0,0.0,0.0,1.0,1.0,2.0,3.0,3.0,4.0,5.0,6.0,6.320000000000164,8.0,9.0,10.0,11.0,12.0,13.0,14.0,15.0,16.0,17.0,18.0,19.0,19.190000000000055,21.0,22.0,23.0,24.0,24.0,25.0,26.0,27.0,28.0,29.0,30.0,31.0,32.0,33.0,34.0,35.0,37.0,39.0,43.0,0.0,1000.5634920597076,1000.6031746268272,1000.6309523582458,1000.650793671608,1000.6706349253654,1000.6904761791229,1000.7142857313156,1000.7420634627342,2000.440476179123,3000.9801587462425,155.4588882446289,163.1294403076172,168.0903778076172,171.90518188476562,175.2515106201172,178.39577026367186,181.66319732666017,185.5701690673828,191.94622497558595,346.54730224609375,208.19492,6.0,test_data/Useful/Validation/Nsk-White-Sand-Close/20240201_083729(0).jpg,165.0,106.0,31.07133771453524
82,0.0,0.0,0.0,0.0,0.0,0.0,0.0,0.0,0.0,0.0,0.0,0.0,0.0,0.0,0.0,0.0,0.0,0.0,0.0,0.0,0.0,0.0,0.0,0.0,0.0,0.0,0.0,0.0,0.0,0.0,0.0,0.0,0.0,0.0,0.0,0.0,0.0,0.0,0.0,0.0,0.0,0.0,0.0,0.0,0.0,0.0,0.0,0.0,0.0,0.0,0.0,0.0,0.0,0.0,0.0,0.0,0.0,0.0,0.0,0.0,0.0,0.0,0.0,0.0,0.0,0.0,0.0,0.0,0.0,0.0,1.0,2.0,3.0,4.0,5.0,6.0,8.0,9.0,10.0,11.0,13.0,14.0,15.0,17.0,18.0,19.0,21.0,22.0,23.0,24.0,26.0,27.0,28.0,29.0,31.0,32.039999999999964,34.0,36.0,38.0,43.0,0.0,1000.5551180839539,1000.5984252095222,1000.6259842514992,1000.6456692814827,1000.6614173054695,1000.681102335453,1000.7047244310379,1000.7283464670181,1000.7755905389786,3000.9803149700165,156.230224609375,163.86501770019532,168.7446487426758,172.5578155517578,175.8234405517578,179.02305603027344,182.33555450439454,186.171337890625,192.3563491821289,346.5404968261719,206.86362,6.0,test_data/Useful/Validation/Nsk-White-Sand-Close/20240201_083729.jpg,130.0,81.0,34.43368213422455
83,0.0,0.0,0.0,0.0,0.0,0.0,0.0,0.0,0.0,0.0,0.0,0.0,0.0,0.0,0.0,0.0,0.0,0.0,0.0,0.0,0.0,0.0,0.0,0.0,0.0,0.0,0.0,0.0,0.0,0.0,0.0,0.0,0.0,0.0,0.0,0.0,0.0,0.0,0.0,0.0,0.0,0.0,0.0,0.0,0.0,0.0,0.0,0.0,0.0,0.0,0.0,1.0,1.0,2.0,3.0,3.0,4.0,5.0,5.0,6.0,7.0,8.0,8.0,9.0,10.0,11.0,12.0,12.0,13.0,14.0,15.0,16.0,16.0,17.0,18.0,19.0,20.0,21.0,21.210000000000036,22.0,23.0,24.0,24.0,25.0,26.0,26.139999999999873,27.0,28.0,29.0,30.0,30.0,31.0,31.070000000000164,32.0,33.0,34.0,36.0,37.0,39.0,45.0,0.0,1000.5612648129463,1000.6007905006409,1000.6284584999084,1000.648221373558,1000.667984187603,1000.6996047496796,1000.7391304373741,2000.6047430634499,2000.6916996240616,3000.9604743123055,155.8452606201172,163.4077911376953,168.31510009765626,172.16055297851562,175.4919891357422,178.63119201660157,181.87805938720703,185.81259155273438,192.67095947265625,346.5688781738281,209.98534,6.0,test_data/Useful/Validation/Nsk-White-Sand-Close/20240201_083730.jpg,190.0,110.0,28.44518934517906
84,0.0,0.0,0.0,0.0,0.0,0.0,0.0,0.0,0.0,0.0,0.0,0.0,0.0,0.0,0.0,0.0,0.0,0.0,0.0,0.0,0.0,0.0,0.0,0.0,0.0,0.0,0.0,0.0,0.0,0.0,0.0,0.0,0.0,0.0,0.0,0.0,0.0,0.0,0.0,0.0,0.0,0.0,0.0,0.0,0.0,0.0,0.0,0.0,0.0,1.0,1.0,2.0,2.0,3.0,4.0,5.0,5.0,6.0,7.0,8.0,9.0,10.0,11.0,11.0,12.0,13.0,14.0,15.0,15.0,16.0,17.0,17.0,18.0,19.0,20.0,21.0,22.0,22.0,23.0,24.0,25.0,25.0,26.0,27.0,27.0,28.0,29.0,29.11999999999989,30.0,31.0,32.0,32.0,33.0,34.0,35.0,36.0,37.0,38.0,40.0,46.0,0.0,1000.5465586781502,1000.5910931229591,1000.6194332242012,1000.6437246799469,1000.6639676094055,1000.6842105388641,1000.7165991663933,1000.7611336112022,2000.6356275081635,3000.9797570705414,156.6709243774414,164.40703430175782,169.2712417602539,173.08648681640625,176.35308837890625,179.52169799804688,182.77517700195312,186.70001220703125,193.12564392089843,346.4546203613281,209.1554,6.0,test_data/Useful/Validation/Nsk-White-Sand-Close/20240201_083731.jpg,183.0,127.0,27.574519191320437
85,0.0,0.0,0.0,0.0,0.0,0.0,0.0,0.0,0.0,0.0,0.0,0.0,0.0,0.0,0.0,0.0,0.0,0.0,0.0,0.0,0.0,0.0,0.0,0.0,0.0,0.0,0.0,0.0,0.0,0.0,0.0,0.0,0.0,0.0,0.0,0.0,0.0,0.0,0.0,0.0,0.0,0.0,0.0,0.0,0.0,0.0,0.0,0.0,0.0,0.0,0.0,1.0,2.0,2.0,3.0,3.0,4.0,5.0,6.0,6.399999999999864,7.0,8.0,8.370000000000118,9.0,10.0,11.0,11.0,12.0,13.0,14.0,14.0,15.0,16.0,17.0,18.0,19.0,19.0,20.0,20.0,21.0,22.0,23.0,24.0,25.0,26.0,26.0,27.0,28.0,28.0,29.0,30.0,31.0,32.0,33.0,34.0,35.0,36.0,37.0,39.0,44.0,0.0,1000.5573770403862,1000.598360657692,1000.6229507923126,1000.6434426307678,1000.6639344096184,1000.6844262480736,1000.7172130942345,1000.7827869057655,2000.6639344096184,3000.99180328846,156.41268920898438,164.1297607421875,168.9546676635742,172.72649536132815,175.99881744384766,179.1627655029297,182.42782592773438,186.3114776611328,192.6079559326172,346.4920654296875,208.46088,6.0,test_data/Useful/Validation/Nsk-White-Sand-Close/20240201_083733.jpg,158.0,113.0,28.49472886924639
86,0.0,0.0,0.0,0.0,0.0,0.0,0.0,0.0,0.0,0.0,0.0,0.0,0.0,0.0,0.0,0.0,0.0,0.0,0.0,0.0,0.0,0.0,0.0,0.0,0.0,0.0,0.0,0.0,0.0,0.0,0.0,0.0,0.0,0.0,0.0,0.0,0.0,0.0,0.0,0.0,0.0,0.0,0.0,0.0,0.0,0.0,0.0,0.0,0.0,0.0,0.0,0.0,1.0,2.0,2.0,3.0,4.0,5.0,6.0,7.0,8.0,9.0,10.0,11.0,11.0,12.0,13.0,14.0,15.0,15.0,16.0,17.0,18.0,19.0,20.0,21.0,22.0,23.0,24.0,25.0,25.0,26.0,26.0,27.0,28.0,29.0,29.0,30.0,31.0,32.0,32.0,33.0,34.0,35.0,35.0,36.0,37.0,39.0,40.0,48.0,0.0,1000.5803921818733,1000.6235294342041,1000.6470588445663,1000.6666666865349,1000.6901960968971,1000.705882370472,1000.7254902124405,1000.7607843279839,1000.8705882430077,3000.9921568632126,157.1579132080078,164.88031005859375,169.73252868652344,173.53252563476562,176.86090850830078,179.9759033203125,183.2349609375,187.10100402832032,193.3359344482422,346.63189697265625,207.94861,6.0,test_data/Useful/Validation/Nsk-White-Sand-Close/20240201_083734(0).jpg,167.0,126.0,32.746206353106224
87,0.0,0.0,0.0,0.0,0.0,0.0,0.0,0.0,0.0,0.0,0.0,0.0,0.0,0.0,0.0,0.0,0.0,0.0,0.0,0.0,0.0,0.0,0.0,0.0,0.0,0.0,0.0,0.0,0.0,0.0,0.0,0.0,0.0,0.0,0.0,0.0,0.0,0.0,0.0,0.0,0.0,0.0,0.0,0.0,0.0,0.0,0.0,0.0,1.0,2.0,2.490000000000009,3.0,4.0,5.0,5.0,6.440000000000055,7.0,8.0,9.0,9.0,10.0,11.0,12.0,13.0,14.0,15.0,16.0,16.0,17.0,18.0,19.0,20.0,20.0,21.0,22.0,23.0,23.0,24.0,25.0,26.0,26.0,27.0,28.0,28.0,29.0,29.139999999999873,30.0,31.0,31.0,32.0,33.0,34.0,34.0,35.0,36.0,37.0,37.0,38.0,40.0,44.0,0.0,1000.5643153786659,1000.6016597747803,1000.6265560388565,1000.6473029255867,1000.6680498123169,1000.6887966990471,1000.7136929631233,1000.7593361139297,2000.6224066615105,3000.983402490616,156.6825973510742,164.4248046875,169.28345794677733,173.09664611816407,176.39276885986328,179.5344970703125,182.79852294921875,186.73448181152344,193.19253540039062,346.43560791015625,209.09782,6.0,test_data/Useful/Validation/Nsk-White-Sand-Close/20240201_083734.jpg,164.0,114.0,30.986253328979053
88,0.0,0.0,0.0,0.0,0.0,0.0,0.0,0.0,0.0,0.0,0.0,0.0,0.0,0.0,0.0,0.0,0.0,0.0,0.0,0.0,0.0,0.0,0.0,0.0,0.0,0.0,0.0,0.0,0.0,0.0,0.0,0.0,0.0,0.0,0.0,0.0,0.0,0.0,0.0,0.0,0.0,0.0,0.0,0.0,0.0,0.0,0.0,0.0,0.0,0.0,1.0,1.0,2.0,3.0,3.0,4.0,5.0,5.419999999999845,6.0,7.0,8.0,9.0,10.0,11.0,11.0,12.0,13.0,14.0,15.0,15.0,16.0,17.0,18.0,19.0,19.0,20.0,21.0,21.0,22.0,23.0,24.0,24.0,25.0,26.0,26.0,27.0,28.0,29.0,29.0,30.0,31.0,31.0,32.0,33.0,34.0,35.0,36.0,37.0,39.0,45.0,0.0,1000.6000000238419,1000.6313725709915,1000.65098041296,1000.6666666865349,1000.6862745285034,1000.7019608020782,1000.7254902124405,1000.7607843279839,2000.6705882549286,3000.988235294819,155.01864624023438,162.7613983154297,167.58639526367188,171.3770751953125,174.63941192626953,177.81677856445313,181.14208984375,185.1119842529297,192.09341430664062,346.66693115234375,209.44739,6.0,test_data/Useful/Validation/Nsk-White-Sand-Close/20240201_083735.jpg,181.0,129.0,28.410719388698883
89,0.0,0.0,0.0,0.0,0.0,0.0,0.0,0.0,0.0,0.0,0.0,0.0,0.0,0.0,0.0,0.0,0.0,0.0,0.0,0.0,0.0,0.0,0.0,0.0,0.0,0.0,0.0,0.0,0.0,0.0,0.0,0.0,0.0,0.0,0.0,0.0,0.0,0.0,0.0,0.0,0.0,0.0,0.0,0.0,0.0,0.0,0.0,0.0,0.0,0.0,0.0,0.0,0.0,0.0,0.0,1.0,2.0,2.0,3.0,4.0,4.0,5.0,6.0,6.0,7.0,8.0,9.0,9.320000000000164,10.0,11.0,12.0,13.0,13.0,14.0,15.0,15.0,16.0,17.0,18.0,18.0,19.0,20.0,21.0,21.0,22.0,23.0,24.0,24.0,25.0,26.0,27.0,28.0,29.0,31.0,32.0,33.0,34.0,36.0,38.0,44.0,0.0,1000.6235294342041,1000.65098041296,1000.6745098233223,1000.6941176652908,1000.7176470756531,1000.7568627595901,2000.6470588445663,2000.7254902124405,3000.705882370472,3000.984313726425,153.48143005371094,161.17086791992188,166.0417938232422,169.81729125976562,173.103515625,176.32011108398436,179.62754821777344,183.71296997070314,190.99469909667968,346.81439208984375,210.64996,6.0,test_data/Useful/Validation/Nsk-White-Sand-Close/20240201_083736.jpg,209.0,136.0,31.539802299340067
90,0.0,0.0,0.0,0.0,0.0,0.0,0.0,0.0,0.0,0.0,0.0,0.0,0.0,0.0,0.0,0.0,0.0,0.0,0.0,0.0,0.0,0.0,0.0,0.0,0.0,0.0,0.0,0.0,0.0,0.0,0.0,0.0,0.0,0.0,0.0,0.0,0.0,0.0,0.0,0.0,0.0,0.0,0.0,0.0,0.0,0.0,0.0,0.0,1.0,1.0,2.0,2.0,3.0,3.0,4.0,5.0,5.429999999999836,6.0,7.0,8.0,8.0,8.0,9.0,9.0,10.0,10.0,10.0,10.0,11.0,11.0,11.0,12.0,12.0,12.0,13.0,13.0,13.0,14.0,14.0,15.0,15.0,16.0,16.170000000000073,17.0,18.0,18.139999999999873,19.0,20.0,20.0,21.0,22.0,22.0,23.0,24.0,25.0,26.0,28.0,29.0,32.0,40.0,0.0,1000.7092511057854,1000.731277525425,1000.7444933652878,1000.7533039450645,1000.7621145248413,1000.7753304243088,1000.7841409444809,1000.7973568439484,1000.8149779438972,3000.9251101613045,141.76040649414062,149.5889434814453,154.57043914794923,158.57360229492187,162.21846771240234,165.83931884765624,169.96388092041016,175.78885498046876,187.31328735351562,346.9166564941406,209.52599,6.0,test_data/Useful/Validation/Nsk-White-Sand-Close/20240213_064048(0).jpg,426.0,207.0,30.291232648044122
91,0.0,0.0,0.0,0.0,0.0,0.0,0.0,0.0,0.0,0.0,0.0,0.0,0.0,0.0,0.0,0.0,0.0,0.0,0.0,0.0,0.0,0.0,0.0,0.0,0.0,0.0,0.0,0.0,0.0,0.0,0.0,0.0,0.0,0.0,0.0,0.0,0.0,0.0,0.0,1.0,1.0,2.0,2.5699999999999363,3.0,4.0,4.0,5.0,6.0,6.0,7.0,8.0,8.0,9.0,10.0,11.0,11.0,12.0,13.0,13.0,14.0,15.0,16.0,16.0,17.0,18.0,18.0,19.0,19.320000000000164,20.0,21.0,22.0,22.0,23.0,23.0,24.0,24.24000000000001,25.0,26.0,26.0,27.0,27.0,28.0,29.0,29.0,30.0,30.0,31.0,31.0,32.0,33.0,33.0,34.0,34.0,35.0,35.0,36.0,37.0,39.0,40.0,45.0,0.0,1000.5803921818733,1000.6196078658104,1000.6431372761726,1000.6627451181412,1000.6823529601097,1000.7019608020782,1000.7215686440468,1000.745098054409,1000.7843137383461,3001.0,156.94715881347656,164.64962768554688,169.54129028320312,173.3497772216797,176.6583251953125,179.79249572753906,183.1243896484375,187.04904174804688,194.05052185058594,346.5750732421875,208.97427,6.0,test_data/Useful/Validation/Nsk-White-Sand-Close/20240213_064048.jpg,239.0,158.0,32.90593497159867
92,0.0,0.0,0.0,0.0,0.0,0.0,0.0,0.0,0.0,0.0,0.0,0.0,0.0,0.0,0.0,0.0,0.0,0.0,0.0,0.0,0.0,0.0,0.0,0.7599999999999909,1.0,2.0,3.0,3.0,4.0,4.0,5.0,5.0,6.0,7.0,7.0,8.0,8.0,9.0,9.0,10.0,11.0,11.0,12.0,12.0,13.0,13.0,14.0,15.0,15.0,15.0,16.0,17.0,17.0,18.0,18.0,19.0,19.0,20.0,20.0,21.0,21.0,21.37999999999988,22.0,22.0,23.0,23.0,23.0,24.0,24.0,25.0,25.0,25.0,26.0,26.0,27.0,27.0,27.0,28.0,28.0,29.0,29.0,29.0,30.0,30.0,30.0,31.0,31.0,32.0,32.0,33.0,33.0,34.0,34.0,35.0,35.0,36.0,37.0,38.0,39.0,43.0,0.0,1000.6305220723152,1000.6506024003029,1000.6666666865349,1000.6787148714066,1000.6947790980339,1000.7068272829056,1000.7228915691376,1000.7389557957649,1000.7630522251129,3000.939759016037,148.71954345703125,156.61405334472656,161.7970001220703,166.06597290039062,169.85877990722656,173.64877319335938,177.90586853027344,183.47894287109375,193.76284790039062,346.73291015625,213.59113,6.0,test_data/Useful/Validation/Nsk-White-Sand-Close/20240213_064050.jpg,399.0,252.0,27.893840718367944
93,0.0,0.0,0.0,0.0,0.0,0.0,0.0,0.0,0.0,0.0,0.0,0.0,0.0,0.0,0.0,0.0,0.0,0.0,0.0,0.0,0.0,0.0,0.0,0.0,0.0,0.0,0.0,0.0,0.0,0.0,0.0,0.0,0.0,0.0,1.0,1.0,2.0,3.0,3.0,4.0,4.0,5.0,6.0,6.0,7.0,8.0,9.0,9.0,10.0,10.0,11.0,12.0,12.0,13.0,14.0,14.0,15.0,16.0,16.0,17.0,18.0,18.0,19.0,19.0,20.0,20.0,21.0,22.0,22.0,22.0,23.0,23.0,24.0,24.0,25.0,25.0,26.0,26.0,27.0,27.0,28.0,28.0,29.0,29.0,30.0,30.0,31.0,31.0,32.0,32.0,33.0,33.0,34.0,34.0,35.0,36.0,36.0,37.0,39.0,48.0,0.0,1000.6330645084381,1000.6572580933571,1000.6733871102333,1000.6854838728905,1000.6975806355476,1000.7096773982048,1000.7258064746857,1000.7419354915619,1000.7661290168762,3000.8991935253143,151.26763305664062,159.06719055175782,164.20218505859376,168.27304077148438,171.92124938964844,175.5150146484375,179.43988037109375,184.33514404296875,193.5934600830078,346.7343444824219,212.71135,6.0,test_data/Useful/Validation/Nsk-White-Sand-Close/20240213_064051.jpg,356.0,189.0,29.017013560206696
94,0.0,0.0,0.0,0.0,0.0,0.0,0.0,0.0,0.0,0.0,0.0,0.0,0.0,0.0,0.0,0.0,0.0,0.0,0.0,0.0,0.0,0.0,0.0,0.0,0.0,0.0,0.0,0.0,0.0,0.0,0.0,0.0,0.0,0.0,0.0,0.0,0.0,0.0,0.0,0.0,0.0,0.0,0.0,0.0,0.0,0.0,0.0,1.0,2.0,2.0,3.0,4.0,5.0,5.0,6.0,7.0,8.0,9.0,10.0,11.0,12.0,12.0,13.0,14.0,15.0,16.0,16.0,17.0,18.0,19.0,19.0,20.0,21.0,22.0,22.0,24.0,24.0,25.0,25.0,26.0,27.0,27.179999999999836,28.0,29.0,29.0,30.0,30.0,31.0,31.0,32.0,33.0,33.0,34.0,35.0,36.0,36.0,37.0,38.0,39.00999999999976,47.0,0.0,1000.5960784554482,1000.6235294342041,1000.6431372761726,1000.6627451181412,1000.6745098233223,1000.6941176652908,1000.7098039388657,1000.7333333492279,1000.7647058963776,3000.9411764740944,156.59229736328126,164.193798828125,169.07299194335937,172.918212890625,176.27536010742188,179.4068603515625,182.74984741210938,186.7226776123047,193.63668365478517,346.6250305175781,208.38724,6.0,test_data/Useful/Validation/Nsk-White-Sand-Close/20240213_064053.jpg,231.0,145.0,28.823675540603528
95,0.0,0.0,0.0,0.0,0.0,0.0,0.0,0.0,0.0,0.0,0.0,0.0,0.0,0.0,0.0,0.0,0.0,0.0,0.0,0.0,0.0,0.0,0.0,0.0,0.0,0.0,0.0,0.0,0.0,1.0,1.0,2.0,2.0,3.0,3.0,4.0,5.0,5.6200000000000045,6.0,7.0,7.0,8.0,9.0,9.0,10.0,11.0,11.0,12.0,12.0,13.0,14.0,14.0,15.0,16.0,16.0,17.0,18.0,18.0,19.0,20.0,20.0,21.0,21.0,22.0,22.0,23.0,23.0,23.0,24.0,24.299999999999955,25.0,25.0,26.0,26.0,27.0,27.0,28.0,28.0,28.210000000000036,29.0,30.0,30.0,31.0,31.0,32.0,32.0,33.0,33.0,33.0,34.0,34.0,35.0,35.0,36.0,37.0,37.0,38.0,39.0,41.0,46.0,0.0,1000.5882353186607,1000.6196078658104,1000.6431372761726,1000.6588235497475,1000.6745098233223,1000.6901960968971,1000.705882370472,1000.7254902124405,1000.7529411911964,3000.9529411792755,154.29444122314453,162.0174560546875,166.89963073730468,170.7327423095703,174.19908142089844,177.47637939453125,181.0244598388672,185.57550354003908,194.11012268066406,346.6011962890625,211.67612,6.0,test_data/Useful/Validation/Nsk-White-Sand-Close/20240213_064100.jpg,324.0,204.0,25.609455155603644
96,0.0,0.0,0.0,0.0,0.0,0.0,0.0,0.0,0.0,0.0,0.0,0.0,0.0,0.0,0.0,0.0,0.0,0.0,0.0,0.0,0.0,1.0,1.0,2.0,2.0,3.0,3.0,4.0,4.0,5.0,5.0,6.0,7.0,7.660000000000082,8.0,9.0,9.0,10.0,11.0,11.0,11.0,12.0,12.0,13.0,13.0,14.0,14.0,14.0,15.0,15.0,16.0,16.0,17.0,17.0,18.0,18.0,19.0,19.0,20.0,20.0,21.0,21.0,21.0,22.0,22.0,22.0,23.0,23.0,23.0,24.0,24.0,25.0,25.0,25.0,26.0,26.0,27.0,27.0,27.0,28.0,28.0,29.0,29.0,29.0,30.0,30.0,31.0,31.0,31.0,32.0,32.0,33.0,34.0,34.0,35.0,36.0,36.0,37.0,39.0,44.0,0.0,1000.6285714507103,1000.6530612111092,1000.6693877577782,1000.6816326379776,1000.6938775777817,1000.710204064846,1000.7224490046501,1000.7387754917145,1000.7591836452484,3000.9020408391953,144.36773681640625,152.1674041748047,157.35723876953125,161.55035400390625,165.43487548828125,169.5234832763672,174.39674377441406,181.5276336669922,193.8584747314453,346.7044372558594,215.67268,6.0,test_data/Useful/Validation/Nsk-White-Sand-Close/20240213_064102.jpg,518.0,271.0,30.88836083119373
97,0.0,0.0,0.0,0.0,0.0,0.0,0.0,0.0,0.0,0.0,0.0,0.0,1.0,1.0,2.0,3.0,4.0,5.0,6.0,6.0,7.0,7.779999999999973,8.0,9.0,10.0,10.0,11.0,12.0,12.0,13.0,13.0,14.0,14.0,15.0,15.0,16.0,17.0,17.0,18.0,18.0,18.0,19.0,19.0,20.0,20.0,20.0,21.0,21.0,22.0,22.0,23.0,23.0,23.0,24.0,24.0,24.0,25.0,25.0,25.0,26.0,26.0,26.0,27.0,27.0,27.0,27.0,28.0,28.0,28.0,29.0,29.0,29.0,29.0,30.0,30.0,30.0,31.0,31.0,31.0,32.0,32.0,32.0,33.0,33.0,33.0,34.0,34.0,34.0,35.0,35.0,35.0,36.0,36.0,37.0,37.0,38.0,39.0,40.0,41.0,45.0,0.0,1000.6163265109062,1000.6408163309097,1000.6571428775787,1000.6734693646431,1000.6857143044472,1000.7020407915115,1000.7183673381805,1000.7346938848495,1000.763265311718,3000.938775539398,143.53663635253906,151.5241271972656,157.01687774658203,161.59047241210936,166.10657501220703,171.28437194824218,177.4335968017578,184.8658660888672,196.2035369873047,346.6127014160156,215.45905,6.0,test_data/Useful/Validation/Nsk-White-Sand-Close/20240213_064103.jpg,446.0,244.0,30.783165816539668
98,0.0,0.0,0.0,0.0,0.0,0.0,0.0,0.0,0.0,0.0,0.0,1.0,2.0,3.0,3.0,4.0,5.0,6.0,6.0,7.0,8.0,8.0,9.0,10.0,10.0,11.0,12.0,12.0,13.0,13.0,14.0,15.0,15.670000000000073,16.0,17.0,17.0,18.0,19.0,19.0,19.0,20.0,20.0,21.0,21.0,22.0,22.0,22.0,23.0,23.0,24.0,24.0,24.0,25.0,25.0,25.0,26.0,26.0,26.0,27.0,27.0,27.0,28.0,28.0,28.0,28.0,29.0,29.0,29.0,30.0,30.0,30.0,30.0,31.0,31.0,31.0,32.0,32.0,32.0,32.0,33.0,33.0,33.0,33.0,34.0,34.0,34.0,35.0,35.0,35.0,36.0,36.0,37.0,37.0,38.0,38.0,39.0,39.0,40.0,41.0,46.0,0.0,1000.6182572841644,1000.6514523029327,1000.6680498123169,1000.684647321701,1000.6970954537392,1000.7136929631233,1000.7302904725075,1000.7510373592377,1000.7759336233139,3000.987551867962,149.64259338378906,157.5929412841797,162.8180694580078,167.1308135986328,171.02560424804688,174.9322509765625,179.23403930664062,184.92440795898438,195.63470458984375,346.589111328125,214.93867,6.0,test_data/Useful/Validation/Nsk-White-Sand-Close/20240213_064104.jpg,376.0,215.0,30.015340369927383
99,0.0,0.0,0.0,0.0,0.0,0.0,0.0,0.0,0.0,0.0,0.0,0.0,0.0,0.0,0.0,0.0,0.0,0.0,0.0,0.0,0.0,0.0,0.0,0.0,0.0,0.0,0.0,0.0,0.0,0.0,1.0,1.0,2.0,2.0,3.0,4.0,4.0,5.0,6.0,6.0,7.0,8.0,8.569999999999936,9.0,10.0,11.0,11.0,12.0,13.0,13.0,14.0,15.0,15.0,16.0,16.0,17.0,17.0,18.0,19.0,19.0,20.0,20.0,21.0,21.0,22.0,23.0,23.0,24.0,24.0,24.0,25.0,26.0,26.0,27.0,27.0,28.0,28.0,29.0,29.0,30.0,30.0,30.0,31.0,31.0,32.0,32.0,32.0,33.0,33.0,34.0,34.0,35.0,35.0,36.0,37.0,37.0,38.0,39.0,41.0,45.0,0.0,1000.5490196347237,1000.5921568870544,1000.6235294342041,1000.6431372761726,1000.6627451181412,1000.6823529601097,1000.7019608020782,1000.7294117808342,1000.7607843279839,3000.9372549057007,156.76869201660156,164.28793334960938,169.1698989868164,173.00302124023438,176.3091278076172,179.51177978515625,182.84303283691406,186.91119384765625,194.30538940429688,346.4807434082031,210.80762,6.0,test_data/Useful/Validation/Nsk-White-Sand-Close/20240213_064105.jpg,297.0,188.0,29.29623859987456
100,0.0,0.0,0.0,0.0,0.0,0.0,0.0,0.0,0.0,0.0,0.0,0.0,0.0,0.0,0.0,0.0,0.0,0.0,0.0,0.0,1.0,2.0,2.0,3.0,3.0,4.0,5.0,5.0,6.0,6.0,7.0,7.0,8.0,9.0,9.0,10.0,11.0,11.0,12.0,12.0,13.0,13.0,14.0,15.0,15.0,15.0,16.0,16.0,17.0,17.0,18.0,18.0,19.0,19.0,20.0,20.0,21.0,21.0,22.0,22.0,23.0,23.0,24.0,24.0,24.0,25.0,25.0,26.0,26.0,26.0,27.0,27.0,28.0,28.0,28.0,29.0,29.0,29.0,30.0,30.0,30.0,31.0,31.0,31.0,32.0,32.0,32.0,33.0,33.0,34.0,34.0,35.0,35.0,36.0,36.0,37.0,38.0,39.0,40.0,49.0,0.0,1000.5607843399048,1000.6039215922356,1000.6274510025978,1000.6470588445663,1000.6666666865349,1000.6823529601097,1000.7019608020782,1000.7254902124405,1000.7568627595901,3000.945098042488,156.48519439697264,164.10804748535156,169.0333038330078,172.796630859375,176.20829010009766,179.45525512695312,182.8290237426758,186.975244140625,194.62188720703125,346.5161437988281,210.1836,6.0,test_data/Useful/Validation/Nsk-White-Sand-Close/20240213_064107.jpg,343.0,236.0,25.753887773848756
101,0.0,0.0,0.0,0.0,0.0,0.0,0.0,0.0,0.0,0.0,0.0,0.0,0.0,0.0,0.0,0.0,0.0,0.0,0.0,0.0,0.0,0.0,0.0,0.0,0.0,0.0,0.0,0.0,0.0,0.0,0.0,0.0,0.0,0.0,0.0,1.0,1.0,2.0,2.0,3.0,3.0,4.0,4.0,5.0,5.0,6.0,6.0,7.0,7.0,8.0,9.0,10.0,10.0,11.0,12.0,12.0,13.0,14.0,14.409999999999854,15.0,16.0,16.0,17.0,18.0,19.0,19.0,20.0,20.0,21.0,21.0,22.0,22.0,23.0,23.25999999999999,24.0,24.0,25.0,26.0,26.0,27.0,27.0,28.0,28.0,29.0,29.0,30.0,30.0,31.0,31.110000000000127,32.0,33.0,33.0,34.0,35.0,35.0,36.0,37.0,38.0,39.00999999999976,46.0,0.0,1000.5529412031174,1000.5960784554482,1000.6235294342041,1000.6470588445663,1000.6666666865349,1000.6862745285034,1000.7098039388657,1000.7333333492279,1000.7647058963776,3000.9803921580315,157.49298858642578,165.13235473632812,169.9962585449219,173.82980651855468,177.15208435058594,180.33721923828125,183.60039520263672,187.5249786376953,194.17235260009767,346.5000915527344,208.27286,6.0,test_data/Useful/Validation/Nsk-White-Sand-Close/20240213_064108.jpg,265.0,176.0,28.738064031703924
102,0.0,0.0,0.0,0.0,0.0,0.0,0.0,0.0,0.0,0.0,0.0,0.0,0.0,0.0,0.0,0.0,0.0,0.0,0.0,0.0,0.0,0.0,0.0,0.0,1.0,1.0,2.0,2.7200000000000273,3.0,4.0,5.0,5.0,6.0,7.0,8.0,8.0,9.0,10.0,10.0,11.0,12.0,12.579999999999927,13.0,14.0,14.0,15.0,16.0,16.0,17.0,18.0,18.0,19.0,19.0,20.0,20.0,21.0,21.0,22.0,22.0,23.0,23.0,24.0,24.0,25.0,25.0,26.0,26.0,27.0,27.0,27.0,28.0,28.0,29.0,29.0,29.25,30.0,30.0,30.0,31.0,31.0,32.0,32.0,32.0,33.0,33.0,33.0,34.0,34.0,34.0,35.0,35.0,36.0,36.0,37.0,37.0,38.0,39.0,40.0,41.0,46.0,0.0,1000.5568627715111,1000.6000000238419,1000.6235294342041,1000.6431372761726,1000.6627451181412,1000.6823529601097,1000.7019608020782,1000.7254902124405,1000.7607843279839,3001.0,155.9856964111328,163.62779235839844,168.5070037841797,172.29473876953125,175.70965576171875,178.9771728515625,182.4237823486328,186.68837280273436,194.71145629882812,346.4894104003906,211.0272,6.0,test_data/Useful/Validation/Nsk-White-Sand-Close/20240213_064109.jpg,284.0,180.0,28.971856450419693
103,0.0,0.0,0.0,0.0,0.0,0.0,1.0,2.0,2.9099999999999966,4.0,5.0,6.0,7.0,8.0,9.0,10.0,10.830000000000041,11.0,12.0,13.0,14.0,14.0,15.0,16.0,16.0,17.0,17.0,18.0,18.0,19.0,19.0,20.0,20.0,21.0,21.0,21.0,22.0,22.0,22.0,23.0,23.0,24.0,24.0,24.559999999999945,25.0,25.0,25.0,26.0,26.0,26.0,27.0,27.0,27.0,28.0,28.0,28.0,28.0,29.0,29.0,29.0,29.0,30.0,30.0,30.0,30.0,30.0,31.0,31.0,31.0,31.0,32.0,32.0,32.0,32.0,33.0,33.0,33.0,33.0,34.0,34.0,34.0,34.0,34.0,35.0,35.0,35.0,35.0,36.0,36.0,36.0,37.0,37.0,37.0,38.0,38.0,39.0,40.0,40.01999999999998,42.0,46.0,0.0,1000.599206328392,1000.6269841194153,1000.6428571343422,1000.6587301492691,1000.6706349253654,1000.6825397014618,1000.6984127163887,1000.7142857313156,1000.7380952239037,3001.0,147.70477752685548,155.59230041503906,160.93224182128907,165.26862182617188,169.30361938476562,173.5395935058594,178.5212860107422,184.99019470214844,196.37681579589844,346.6204833984375,215.82335,6.0,test_data/Useful/Validation/Nsk-White-Sand-Close/20240213_064110.jpg,382.0,216.0,27.593168192335142
104,0.0,0.0,0.0,0.0,0.0,0.0,0.0,0.0,0.0,0.0,0.0,0.0,0.0,0.0,0.0,0.0,0.0,0.0,0.0,0.0,0.0,0.0,0.0,0.0,0.0,1.0,1.0,2.0,2.0,3.0,4.0,5.0,6.0,6.0,7.0,8.0,8.629999999999995,9.0,10.0,10.0,11.0,11.0,12.0,13.0,14.0,14.0,15.0,16.0,17.0,17.0,18.0,18.0,19.0,20.0,20.0,21.0,21.0,22.0,22.0,23.0,24.0,24.0,25.0,25.0,25.350000000000136,26.0,27.0,27.0,28.0,28.0,28.0,29.0,29.0,30.0,30.0,30.0,31.0,31.0,31.0,32.0,32.0,32.0,33.0,33.0,34.0,34.0,34.0,35.0,35.0,36.0,36.0,37.0,37.0,37.0,38.0,39.0,39.0,40.0,41.0,46.0,0.0,1000.5607843399048,1000.6000000238419,1000.6235294342041,1000.6392157077789,1000.6588235497475,1000.6745098233223,1000.6941176652908,1000.7176470756531,1000.7490196228027,3000.988235294819,155.9024658203125,163.5769470214844,168.57127532958984,172.42063598632814,175.81585693359375,179.11213073730468,182.67815399169922,187.08661499023438,195.05526733398438,346.51422119140625,210.62325,6.0,test_data/Useful/Validation/Nsk-White-Sand-Close/20240213_064111.jpg,292.0,168.0,29.516142865001974
0,0.0,0.0,0.0,0.0,0.0,0.0,0.0,0.0,0.0,0.0,0.0,0.0,0.0,0.0,0.0,0.0,0.0,0.0,0.0,0.0,1.0,1.0,2.0,2.0,3.0,3.0,4.0,5.0,5.0,6.0,7.0,7.0,8.0,8.0,9.0,10.0,11.0,11.0,12.0,12.0,13.0,14.0,14.0,15.0,15.0,16.0,16.0,17.0,17.0,18.0,19.0,19.0,20.0,20.0,21.0,21.0,22.0,22.0,23.0,23.0,24.0,24.0,24.0,25.0,25.0,26.0,26.0,26.0,27.0,27.0,28.0,28.0,29.0,29.0,29.0,29.0,30.0,30.0,31.0,31.0,31.0,32.0,32.0,33.0,33.0,34.0,34.0,34.0,35.0,35.0,35.0,36.0,36.0,37.0,37.0,38.039999999999964,39.0,40.0,41.0,46.0,0.0,1000.3960784375668,1000.4784313738346,1000.5411764979362,1000.5921568870544,1000.6352941393852,1000.678431391716,1000.7215686440468,1000.772549033165,1000.8470588326454,1001.0,155.0129852294922,162.6802734375,167.57583465576172,171.4224853515625,174.8003158569336,178.0352020263672,181.47957611083984,185.71019287109374,194.4066619873047,345.5494384765625,214.68126,4.0,test_data/Useful/Validation/Red Sand/IMG_6941.jpeg,358.0,203.0,27.748155848232383
1,0.0,0.0,0.0,0.0,0.0,0.0,0.0,0.0,0.0,0.0,0.0,0.0,0.0,0.0,0.0,0.0,0.0,0.0,0.0,0.0,0.0,0.0,0.0,1.0,1.75,2.0,3.0,3.7200000000000273,4.0,5.0,6.0,6.0,7.0,8.0,9.0,9.0,10.0,10.0,11.0,12.0,12.589999999999918,13.0,14.0,14.0,15.0,15.0,16.0,16.0,17.0,17.0,18.0,19.0,19.0,20.0,20.0,21.0,21.0,22.0,22.0,23.0,23.0,24.0,24.0,24.0,25.0,25.0,26.0,26.0,26.0,27.0,27.0,28.0,28.0,29.0,29.0,29.0,30.0,30.0,30.210000000000036,31.0,32.0,32.0,32.0,33.0,33.0,33.0,34.0,34.0,34.0,35.0,35.0,36.0,36.0,37.0,37.0,38.0,39.0,40.0,41.0,49.0,0.0,1000.3960784375668,1000.4823529422283,1000.54509806633,1000.5960784554482,1000.6431372761726,1000.6823529601097,1000.7333333492279,1000.7882353067398,1000.866666674614,1001.0,155.745458984375,163.33169555664062,168.15814208984375,171.9666748046875,175.31907653808594,178.54696655273438,181.89918518066406,186.13571166992188,194.439208984375,345.5666809082031,213.90561,4.0,test_data/Useful/Validation/Red Sand/IMG_6942.jpeg,360.0,218.0,33.94907197413546
2,0.0,0.0,0.0,0.0,0.0,0.0,0.0,0.0,0.0,0.0,0.0,0.0,0.0,0.0,0.0,0.0,0.0,0.0,0.0,0.0,0.0,0.0,0.0,0.0,1.0,1.0,2.0,3.0,3.0,4.0,4.0,5.0,6.0,7.0,7.0,8.0,9.0,10.0,10.0,11.0,12.0,12.0,13.0,14.0,14.0,15.0,15.0,16.0,16.0,17.0,18.0,18.0,19.0,19.0,20.0,20.0,21.0,21.0,22.0,22.0,23.0,23.0,24.0,24.360000000000127,25.0,25.0,26.0,26.0,26.0,27.0,27.0,28.0,28.0,28.0,29.0,29.0,30.0,30.0,30.0,31.0,31.0,32.0,32.0,32.0,33.0,33.0,34.0,34.0,34.0,35.0,35.0,36.0,36.0,37.0,37.0,38.0,39.0,40.0,42.0,48.0,0.0,1000.3960784375668,1000.4745098054409,1000.5333333611488,1000.5803921818733,1000.6235294342041,1000.6666666865349,1000.7137255072594,1000.772549033165,1000.8549019694328,1001.0,154.83868408203125,162.43563842773438,167.39395141601562,171.27396545410156,174.63126373291016,177.8946563720703,181.34292297363282,185.70026245117188,194.79379272460938,345.5369873046875,215.25995,4.0,test_data/Useful/Validation/Red Sand/IMG_6943.jpeg,377.0,201.0,33.738420085930294
3,0.0,0.0,0.0,0.0,0.0,0.0,0.0,0.0,0.0,0.0,0.0,0.0,0.0,0.0,0.0,0.0,0.0,0.0,0.0,0.0,0.0,0.0,0.0,1.0,2.0,3.0,3.0,4.0,5.0,5.0,6.0,7.0,7.670000000000073,8.0,9.0,10.0,10.0,11.0,12.0,13.0,13.0,14.0,15.0,15.0,16.0,17.0,17.0,18.0,18.0,19.0,20.0,20.0,21.0,21.0,22.0,22.0,23.0,23.0,23.0,24.0,24.0,25.0,25.0,26.0,26.0,26.0,27.0,27.0,28.0,28.0,28.0,28.0,29.0,29.0,30.0,30.0,30.0,31.0,31.0,31.0,32.0,32.0,32.0,33.0,33.0,33.0,34.0,34.0,34.0,35.0,35.0,36.0,36.0,37.0,37.0,38.0,39.0,40.0,41.0,47.0,0.0,1000.3725490272045,1000.4509803950787,1000.5098039507866,1000.5607843399048,1000.6078431606293,1000.6588235497475,1000.7137255072594,1000.7803921699524,1000.866666674614,1001.0,155.38190002441405,162.90281677246094,167.77957153320312,171.59959411621094,174.98428344726562,178.24392700195312,181.6420135498047,185.94850158691406,194.72875213623047,345.4785461425781,215.36658,4.0,test_data/Useful/Validation/Red Sand/IMG_6944.jpeg,356.0,197.0,25.185252776224218
4,0.0,0.0,0.0,0.0,0.0,0.0,0.0,0.0,0.0,0.0,0.0,0.0,0.0,0.0,0.0,0.0,0.0,0.0,0.0,0.0,0.0,0.0,1.0,2.0,2.0,2.740000000000009,3.0,4.0,5.0,5.0,6.0,7.0,7.0,8.0,9.0,9.0,10.0,11.0,12.0,13.0,13.0,14.0,14.0,15.0,15.0,16.0,17.0,17.0,18.0,19.0,19.0,20.0,20.0,21.0,21.0,22.0,22.0,23.0,23.0,23.0,24.0,24.0,25.0,25.0,26.0,26.0,26.0,27.0,27.0,27.0,28.0,28.0,29.0,29.0,29.0,30.0,30.0,30.0,31.0,31.0,31.0,32.0,32.0,33.0,33.0,33.0,34.0,34.0,35.0,35.0,35.0,36.0,37.0,37.0,38.0,38.0,39.0,40.0,41.0,44.0,0.0,1000.3372549116611,1000.4039215743542,1000.4705882370472,1000.5294117927551,1000.584313750267,1000.6470588445663,1000.7098039388657,1000.7803921699524,1000.8745098114014,1001.0,155.3917022705078,162.99072265625,167.887939453125,171.72987365722656,175.0871810913086,178.32261962890624,181.7246856689453,185.91665649414062,194.13943481445312,345.3970031738281,213.63452,4.0,test_data/Useful/Validation/Red Sand/IMG_6945.jpeg,364.0,218.0,25.595568963060284
5,0.0,0.0,0.0,0.0,0.0,0.0,0.0,0.0,0.0,0.0,0.0,0.0,0.0,0.0,0.0,0.0,0.0,0.0,0.0,0.0,0.0,0.0,0.0,1.0,1.0,2.0,3.0,3.0,4.0,5.0,6.0,7.0,7.0,8.0,9.0,9.0,10.0,11.0,11.0,12.0,13.0,13.0,14.0,14.0,15.0,16.0,16.0,17.0,17.0,18.0,18.0,19.0,20.0,20.0,20.0,21.0,21.0,22.0,22.0,23.0,23.0,24.0,24.0,25.0,25.0,25.0,26.0,26.0,27.0,27.0,27.0,28.0,28.0,29.0,29.0,29.0,30.0,30.0,31.0,31.0,31.0,32.0,32.0,32.0,33.0,33.0,34.0,34.0,35.0,35.0,35.0,36.0,37.0,37.0,38.0,38.0,39.0,40.0,41.0,47.0,0.0,1000.3098039329052,1000.3764705955982,1000.4392156898975,1000.5098039507866,1000.5803921818733,1000.6588235497475,1000.7294117808342,1000.8039215803146,1000.9019607901573,1001.0,154.1265106201172,161.8267059326172,166.74319458007812,170.54364013671875,173.88320922851562,177.14480590820312,180.63588104248046,184.91129150390626,193.9100341796875,345.39306640625,214.99506,4.0,test_data/Useful/Validation/Red Sand/IMG_6946.jpeg,340.0,194.0,24.854788626079895
6,0.0,0.0,0.0,0.0,0.0,0.0,0.0,0.0,0.0,0.0,0.0,0.0,0.0,0.0,0.0,0.0,0.0,0.0,0.0,0.0,0.0,1.0,2.0,2.0,3.0,4.0,4.0,5.0,5.0,6.0,6.0,7.0,7.0,8.0,9.0,9.0,10.0,11.0,11.0,12.0,12.0,13.0,13.569999999999936,14.0,15.0,15.0,16.0,16.0,17.0,17.0,18.0,18.0,19.0,19.0,20.0,20.0,20.0,21.0,21.0,22.0,22.0,23.0,23.0,24.0,24.0,25.0,25.0,26.0,26.0,26.0,27.0,27.0,28.0,28.0,29.0,29.0,30.0,30.0,30.0,31.0,31.0,32.0,32.0,32.0,33.0,33.0,34.0,34.0,34.0,35.0,35.0,36.0,36.0,37.0,37.0,38.0,39.0,40.0,41.0,46.0,0.0,1000.3333333432674,1000.3960784375668,1000.4588235318661,1000.5215686559677,1000.584313750267,1000.6431372761726,1000.7098039388657,1000.7803921699524,1000.8823529481888,1001.0,156.0385009765625,163.6831024169922,168.53474884033204,172.28427124023438,175.64523315429688,178.88534545898438,182.26010131835938,186.4112091064453,194.25808715820312,345.3959655761719,213.39693,4.0,test_data/Useful/Validation/Red Sand/IMG_6947.jpeg,352.0,210.0,35.57635107453766
7,0.0,0.0,0.0,0.0,0.0,0.0,0.0,0.0,0.0,0.0,0.0,0.0,0.0,0.0,0.0,0.0,0.0,0.0,0.0,0.0,1.0,2.0,3.0,3.0,4.0,5.0,5.0,6.0,7.0,8.0,9.0,10.0,11.0,11.0,12.0,12.0,13.0,14.0,14.0,15.0,15.0,16.0,17.0,17.0,18.0,18.0,19.0,19.0,20.0,20.0,21.0,21.0,22.0,22.0,22.0,23.0,23.0,24.0,24.0,25.0,25.0,25.0,26.0,26.0,27.0,27.0,27.0,28.0,28.0,28.0,29.0,29.0,30.0,30.0,30.0,31.0,31.0,31.0,32.0,32.0,32.0,33.0,33.0,33.0,34.0,34.0,35.0,35.0,35.0,36.0,36.0,37.0,37.0,38.0,38.0,39.0,40.0,41.0,43.0,46.0,0.0,1000.3372549116611,1000.4039215743542,1000.4627451002598,1000.5254902243614,1000.584313750267,1000.6470588445663,1000.7098039388657,1000.7843137383461,1000.8745098114014,1001.0,155.11832427978516,162.78273010253906,167.59878997802736,171.450830078125,174.84171295166016,178.08895263671874,181.54905700683594,185.83108520507812,194.9197235107422,345.39129638671875,215.3904,4.0,test_data/Useful/Validation/Red Sand/IMG_6948.jpeg,337.0,188.0,30.262763928797412
8,0.0,0.0,0.0,0.0,0.0,0.0,0.0,0.0,0.0,0.0,0.0,0.0,0.0,0.0,0.0,0.0,0.0,0.0,0.0,0.0,0.0,0.0,0.0,0.0,1.0,2.0,2.0,3.0,4.0,4.0,5.0,5.0,6.0,7.0,8.0,8.0,9.0,9.0,10.0,11.0,11.0,12.0,13.0,14.0,14.0,15.0,15.529999999999973,16.0,16.50999999999999,17.0,18.0,18.0,19.0,19.0,20.0,20.0,21.0,21.0,22.0,22.0,23.0,23.0,24.0,24.0,25.0,25.0,25.0,26.0,26.0,27.0,27.0,27.279999999999973,28.0,28.0,29.0,29.0,30.0,30.0,30.210000000000036,31.0,31.0,32.0,32.0,32.0,33.0,33.0,34.0,34.0,35.0,35.0,35.0,36.0,37.0,37.0,38.0,39.0,39.0,40.0,41.00999999999976,47.0,0.0,1000.3647058904171,1000.4313725531101,1000.4941176474094,1000.5529412031174,1000.611764729023,1000.6705882549286,1000.7333333492279,1000.8039215803146,1000.8941176533699,1001.0,155.0729522705078,162.72299194335938,167.68179321289062,171.52676391601562,174.902587890625,178.0933380126953,181.52438201904297,185.81988525390625,194.3596649169922,345.4833984375,214.58101,4.0,test_data/Useful/Validation/Red Sand/IMG_6949.jpeg,318.0,188.0,29.8430334107258
9,0.0,0.0,0.0,0.0,0.0,0.0,0.0,0.0,0.0,0.0,0.0,0.0,0.0,0.0,0.0,0.0,0.0,0.0,0.0,0.0,0.0,0.0,0.0,0.0,0.0,0.0,1.0,1.0,2.0,3.0,3.0,4.0,5.0,6.0,6.649999999999977,7.0,8.0,9.0,9.0,10.0,11.0,11.0,12.0,13.0,13.0,14.0,15.0,15.0,16.0,16.0,17.0,17.0,18.0,19.0,19.0,20.0,20.0,21.0,21.0,22.0,22.0,23.0,23.0,24.0,25.0,25.0,26.0,26.0,27.0,27.0,27.0,28.0,28.0,28.0,29.0,29.0,29.0,30.0,30.0,30.0,31.0,31.0,31.170000000000073,32.0,32.0,33.0,33.0,34.0,34.0,35.0,35.0,35.0,36.0,36.0,37.0,38.0,38.0,39.0,41.0,46.0,0.0,1000.3686274588108,1000.447058826685,1000.517647087574,1000.5686274766922,1000.6196078658104,1000.6666666865349,1000.7137255072594,1000.7764706015587,1000.8627451062202,1001.0,155.6491241455078,163.21417236328125,168.0666961669922,171.83819580078125,175.21665954589844,178.4357452392578,181.84735107421875,186.04253845214845,194.37836608886718,345.52398681640625,215.54994,4.0,test_data/Useful/Validation/Red Sand/IMG_6950.jpeg,349.0,206.0,31.666414909963947
10,0.0,0.0,0.0,0.0,0.0,0.0,0.0,0.0,0.0,0.0,0.0,0.0,0.0,0.0,0.0,0.0,0.0,0.0,0.0,0.0,1.0,1.0,2.0,3.0,3.0,4.0,4.0,5.0,5.709999999999923,6.0,7.0,7.0,8.0,9.0,9.0,10.0,10.0,11.0,12.0,12.600000000000023,13.0,14.0,14.0,15.0,15.0,16.0,16.0,17.0,17.0,18.0,18.0,19.0,19.0,20.0,20.0,20.0,21.0,21.0,22.0,22.0,23.0,23.0,24.0,24.0,24.0,25.0,25.0,26.0,26.0,27.0,27.0,27.0,28.0,28.0,28.0,29.0,29.0,30.0,30.0,30.200000000000045,31.0,31.0,32.0,32.0,32.0,33.0,33.0,33.0,34.0,35.0,35.0,36.0,36.0,36.0,37.0,38.0,39.0,39.0,41.0,46.0,0.0,1000.392156869173,1000.4784313738346,1000.5411764979362,1000.5882353186607,1000.6313725709915,1000.6745098233223,1000.7176470756531,1000.772549033165,1000.8549019694328,1001.0,154.50829620361327,162.08790588378906,166.9635482788086,170.79740295410156,174.1759490966797,177.42974853515625,180.9005584716797,185.35357055664062,194.98756408691406,345.5670166015625,216.98575,4.0,test_data/Useful/Validation/Red Sand/IMG_6951.jpeg,428.0,232.0,27.109788917551313
11,0.0,0.0,0.0,0.0,0.0,0.0,0.0,0.0,0.0,0.0,0.0,0.0,0.0,0.0,0.0,0.0,0.0,0.0,0.0,0.0,0.0,0.0,0.0,1.0,2.0,2.0,3.0,3.0,4.0,5.0,5.0,6.0,6.0,7.0,7.0,8.0,9.0,10.0,10.0,11.0,12.0,13.0,13.0,14.0,14.0,15.0,15.0,16.0,17.0,17.0,18.0,18.0,19.0,19.0,20.0,20.0,21.0,21.0,22.0,22.0,23.0,23.0,24.0,24.0,25.0,25.0,25.0,26.0,26.0,27.0,27.0,28.0,28.0,28.0,29.0,29.0,29.230000000000018,30.0,30.0,31.0,31.0,32.0,32.0,32.0,33.0,33.0,33.0,34.0,35.0,35.0,35.090000000000146,36.0,36.0,37.0,37.0,38.0,39.0,40.0,42.0,46.0,0.0,1000.3882353007793,1000.4823529422283,1000.5568627715111,1000.6156862974167,1000.6666666865349,1000.7098039388657,1000.7529411911964,1000.8039215803146,1000.8705882430077,1001.0,155.94924621582032,163.6182098388672,168.40704193115235,172.23294067382812,175.5693817138672,178.78170776367188,182.17710876464844,186.3939666748047,194.74461822509767,345.6451721191406,214.50299,4.0,test_data/Useful/Validation/Red Sand/IMG_6952.jpeg,366.0,220.0,29.459035603559336
12,0.0,0.0,0.0,0.0,0.0,0.0,0.0,0.0,0.0,0.0,0.0,0.0,0.0,0.0,0.0,0.0,0.0,0.0,0.0,0.0,0.0,1.0,1.0,2.0,3.0,4.0,4.0,5.0,6.0,6.0,7.0,8.0,8.0,9.0,9.0,10.0,11.0,11.0,12.0,12.0,13.0,13.0,14.0,14.0,15.0,16.0,16.0,17.0,17.0,18.0,18.0,18.0,19.0,20.0,20.0,20.440000000000055,21.0,22.0,22.0,22.0,23.0,23.0,24.0,24.0,25.0,25.0,25.0,26.0,26.0,26.0,27.0,27.0,28.0,28.0,28.0,29.0,29.0,30.0,30.0,31.0,31.0,31.0,32.0,32.0,32.0,33.0,33.0,33.11999999999989,34.0,34.0,35.0,35.07999999999993,36.0,37.0,38.0,38.0,39.0,40.0,41.00999999999976,48.0,0.0,1000.4000000059605,1000.4980392158031,1000.5686274766922,1000.6235294342041,1000.6705882549286,1000.7137255072594,1000.7568627595901,1000.8078431487083,1000.8705882430077,1001.0,154.98724212646485,162.70159606933595,167.6051025390625,171.46925354003906,174.82627868652344,178.06686401367188,181.5190887451172,185.83834838867188,194.80123291015624,345.67364501953125,215.56334,4.0,test_data/Useful/Validation/Red Sand/IMG_6953.jpeg,442.0,243.0,26.449772531671368
13,0.0,0.0,0.0,0.0,0.0,0.0,0.0,0.0,0.0,0.0,0.0,0.0,0.0,0.0,0.0,0.0,0.0,0.0,1.0,1.0,2.0,2.0,3.0,3.0,4.0,4.0,5.0,6.0,7.0,8.0,8.0,8.0,9.0,10.0,10.0,11.0,11.0,12.0,12.0,13.0,13.0,14.0,15.0,15.0,16.0,17.0,17.0,17.0,18.0,18.0,19.0,19.0,19.0,20.0,20.0,21.0,21.0,22.0,22.0,23.0,23.0,24.0,24.0,24.0,25.0,25.0,26.0,26.0,26.0,27.0,27.0,27.0,28.0,28.0,28.0,29.0,29.0,29.0,30.0,30.0,31.0,31.0,31.0,32.0,32.0,32.13999999999987,33.0,33.0,34.0,34.0,35.0,35.0,36.0,36.0,37.0,38.0,39.0,40.0,41.0,46.0,0.0,1000.4039215743542,1000.4980392158031,1000.5647059082985,1000.6196078658104,1000.6627451181412,1000.7019608020782,1000.745098054409,1000.7921568751335,1000.8549019694328,1001.0,154.30735931396484,161.98074951171876,166.88575744628906,170.68875122070312,174.08604431152344,177.31745300292968,180.832470703125,185.28255615234374,194.73756408691406,345.647216796875,216.37329,4.0,test_data/Useful/Validation/Red Sand/IMG_6954.jpeg,401.0,224.0,31.816337762081595
14,0.0,0.0,0.0,0.0,0.0,0.0,0.0,0.0,0.0,0.0,0.0,0.0,0.0,0.0,0.0,0.0,0.0,0.0,0.0,0.0,0.0,0.0,0.0,0.0,1.0,2.0,2.0,3.0,4.0,4.0,5.0,6.0,6.0,7.0,8.0,8.0,9.0,9.0,10.0,11.0,11.0,12.0,12.0,13.0,13.0,14.0,14.0,15.0,16.0,16.0,16.0,17.0,17.0,18.0,18.0,19.0,19.0,19.0,20.0,20.0,21.0,21.0,22.0,22.0,23.0,23.0,23.330000000000155,24.0,24.0,25.0,25.0,26.0,26.0,27.0,27.0,28.0,28.0,28.0,29.0,29.0,30.0,30.0,30.0,31.0,31.0,32.0,32.0,32.0,33.0,33.0,34.0,34.0,35.0,35.0,36.0,37.0,38.0,39.0,42.0,48.0,0.0,1000.4156862795353,1000.5098039507866,1000.5725490450859,1000.6235294342041,1000.6666666865349,1000.7098039388657,1000.7529411911964,1000.8000000119209,1000.8627451062202,2000.9960784316063,153.98851013183594,161.62228393554688,166.56227111816406,170.41201782226562,173.7858428955078,177.0892333984375,180.53118896484375,184.9716339111328,194.25421295166015,345.6582946777344,215.76003,4.0,test_data/Useful/Validation/Red Sand/IMG_6955.jpeg,416.0,246.0,27.145048339734046
15,0.0,0.0,0.0,0.0,0.0,0.0,0.0,0.0,0.0,0.0,0.0,0.0,0.0,0.0,0.0,0.0,0.0,0.0,0.0,0.0,0.0,1.0,2.0,2.0,3.0,4.0,4.0,5.0,6.0,6.0,7.0,7.680000000000064,8.0,9.0,9.0,10.0,10.0,11.0,11.0,12.0,12.0,13.0,14.0,14.0,15.0,15.0,16.0,17.0,17.0,18.0,18.0,19.0,19.0,20.0,20.0,21.0,21.0,22.0,22.0,22.399999999999864,23.0,23.0,24.0,24.0,25.0,25.0,26.0,26.0,26.0,27.0,27.0,28.0,28.0,28.0,29.0,29.0,29.0,30.0,30.0,31.0,31.0,31.0,32.0,32.0,33.0,33.0,33.0,34.0,34.0,35.0,35.0,36.0,36.0,37.0,37.0,38.0,39.0,40.0,41.0,47.0,0.0,1000.3686274588108,1000.4627451002598,1000.54509806633,1000.6078431606293,1000.6666666865349,1000.7176470756531,1000.7686274647713,1000.8235294222832,1000.8901960849762,1001.0,156.0257797241211,163.666357421875,168.5197265625,172.36240234375,175.7157211303711,178.90859985351562,182.3082733154297,186.52496337890625,194.63284759521486,345.6370849609375,214.4223,4.0,test_data/Useful/Validation/Red Sand/IMG_6956.jpeg,363.0,229.0,31.082568179336263
16,0.0,0.0,0.0,0.0,0.0,0.0,0.0,0.0,0.0,0.0,0.0,0.0,0.0,0.0,0.0,0.0,0.0,0.0,0.0,0.0,0.0,0.0,0.0,0.0,0.0,0.0,0.0,0.0,0.0,0.0,0.0,0.0,0.0,0.0,0.0,0.0,0.0,1.0,1.0,2.0,2.0,3.0,4.0,4.0,5.0,5.0,6.0,7.0,7.0,8.0,8.0,9.0,10.0,10.0,11.0,11.0,12.0,12.0,13.0,13.0,14.0,15.0,15.0,16.0,16.0,17.0,17.0,18.0,18.0,19.0,19.289999999999964,20.0,21.0,21.0,22.0,22.0,23.0,24.0,24.0,25.0,25.0,26.0,26.0,27.0,28.0,28.0,29.0,30.0,30.0,31.0,31.0,32.0,33.0,33.0,34.0,35.0,36.0,38.0,39.0,45.0,0.0,1000.4392156898975,1000.5333333611488,1000.5960784554482,1000.6392157077789,1000.6823529601097,1000.7215686440468,1000.7607843279839,1000.8078431487083,1000.8705882430077,1001.0,154.33102416992188,162.04959106445312,166.90390014648438,170.7569580078125,174.07513427734375,177.28131103515625,180.6873779296875,184.83145141601562,192.98776245117188,345.72528076171875,214.32928,4.0,test_data/Useful/Validation/Red Sand/IMG_6957.jpeg,351.0,206.0,33.18183076830263
17,0.0,0.0,0.0,0.0,0.0,0.0,0.0,0.0,0.0,0.0,0.0,0.0,0.0,0.0,0.0,0.0,0.0,0.0,0.0,0.0,0.0,0.0,0.0,0.0,0.0,0.0,0.0,0.0,0.0,0.0,1.0,1.0,1.0,2.0,3.0,3.0,4.0,4.0,5.0,6.0,6.0,7.0,7.0,8.0,8.0,9.0,9.0,10.0,10.0,11.0,11.0,11.0,12.0,12.0,13.0,13.0,14.0,14.0,14.0,15.0,15.0,16.0,16.0,17.0,17.0,18.0,18.0,19.0,19.0,19.0,20.0,20.0,21.0,21.0,22.0,22.0,23.0,23.0,24.0,24.0,25.0,25.0,26.0,26.0,27.0,27.0,28.0,28.0,29.0,29.0,30.0,30.0,31.0,32.0,33.0,34.0,35.0,36.0,38.0,48.0,0.0,1000.4392156898975,1000.5294117927551,1000.5960784554482,1000.6431372761726,1000.678431391716,1000.7176470756531,1000.7529411911964,1000.7960784435272,1000.8509804010391,2000.8235294222832,149.45994567871094,157.10653686523438,161.9935302734375,165.8418426513672,169.2499237060547,172.5118408203125,176.09811401367188,180.83456420898438,192.0738067626953,345.7093811035156,218.15692,4.0,test_data/Useful/Validation/Red Sand/IMG_6958.jpeg,415.0,233.0,29.64854346476206
18,0.0,0.0,0.0,0.0,0.0,0.0,0.0,0.0,0.0,0.0,0.0,0.0,0.0,0.0,0.0,0.0,0.0,0.0,0.0,0.0,0.0,0.0,0.0,1.0,1.0,2.0,3.0,4.0,4.0,5.0,6.0,6.0,7.0,8.0,8.0,9.0,10.0,11.0,11.0,12.0,12.0,13.0,13.0,13.0,14.0,15.0,15.0,16.0,16.0,17.0,17.0,18.0,18.0,19.0,19.0,20.0,20.0,21.0,21.0,22.0,22.0,23.0,23.0,23.0,24.0,24.0,25.0,25.0,26.0,26.0,26.0,27.0,27.0,28.0,28.0,28.0,29.0,29.0,30.0,30.0,30.0,31.0,31.0,31.0,32.0,32.0,33.0,33.0,34.0,34.0,35.0,35.0,36.0,36.0,37.0,37.0,38.0,39.0,41.0,48.0,0.0,1000.352941185236,1000.4352941215038,1000.5058823823929,1000.5764706134796,1000.6392157077789,1000.6980392336845,1000.7529411911964,1000.8156862854958,1000.8941176533699,1001.0,153.1161361694336,160.9398376464844,165.7882080078125,169.62957763671875,172.98483276367188,176.26373291015625,179.73100738525392,184.0587341308594,193.14695739746094,345.513671875,215.63477,4.0,test_data/Useful/Validation/Red Sand/IMG_6959.jpeg,343.0,202.0,32.47699455162394
19,0.0,0.0,0.0,0.0,0.0,0.0,0.0,0.0,0.0,0.0,0.0,0.0,0.0,0.0,0.0,0.0,0.0,0.0,0.0,0.0,0.0,0.0,0.0,0.0,1.0,2.0,2.730000000000018,3.0,4.0,4.0,5.0,6.0,6.0,7.0,8.0,9.0,9.0,10.0,10.610000000000014,11.0,12.0,12.0,13.0,13.0,14.0,14.0,15.0,15.0,16.0,16.0,17.0,17.0,18.0,19.0,19.0,20.0,20.0,21.0,21.0,22.0,22.0,23.0,23.0,24.0,24.0,24.0,25.0,25.0,25.0,26.0,26.0,27.0,27.0,27.0,28.0,28.0,29.0,29.0,29.0,30.0,30.0,31.0,31.0,31.0,32.0,32.0,32.0,33.0,33.0,34.0,34.0,35.0,35.0,36.0,36.0,37.0,38.0,39.0,41.0,47.0,0.0,1000.3372549116611,1000.4235294163227,1000.4980392158031,1000.5647059082985,1000.6274510025978,1000.6823529601097,1000.7411764860153,1000.8000000119209,1000.8862745165825,1001.0,153.56787109375,161.217041015625,166.0980224609375,169.91891479492188,173.26608276367188,176.50204467773438,179.96224975585938,184.25088500976562,193.0898895263672,345.4819030761719,215.04504,4.0,test_data/Useful/Validation/Red Sand/IMG_6960.jpeg,308.0,179.0,26.370559344557325
20,0.0,0.0,0.0,0.0,0.0,0.0,0.0,0.0,0.0,0.0,0.0,0.0,0.0,0.0,0.0,0.0,0.0,0.0,0.0,0.0,0.0,0.0,0.0,0.0,0.0,0.0,0.0,0.0,0.0,0.0,0.0,0.0,0.0,0.0,0.0,0.0,0.0,0.0,0.0,0.0,0.0,0.0,0.0,0.0,0.0,0.0,0.0,0.0,0.0,0.0,0.0,0.0,0.0,0.0,1.0,1.0,2.0,2.0,3.0,4.0,5.0,5.0,6.0,7.0,7.0,8.0,9.0,10.0,10.0,11.0,12.0,13.0,13.0,14.0,15.0,15.0,16.0,17.0,18.0,18.200000000000045,19.0,20.0,21.0,21.0,22.0,23.0,24.0,24.0,25.0,25.0,26.0,27.0,28.0,29.0,30.0,31.0,32.0,33.0,35.0,41.0,0.0,1000.4235294163227,1000.5019608139992,1000.5607843399048,1000.6196078658104,1000.6705882549286,1000.7176470756531,1000.7647058963776,1000.8156862854958,1000.8784313797951,1001.0,142.90816650390624,150.84071044921876,155.9556900024414,160.0787780761719,163.77359008789062,167.52947387695312,171.76268005371094,177.39511108398438,188.7210693359375,345.66033935546875,213.00616,4.0,test_data/Useful/Validation/Red Sand/IMG_6991.jpeg,217.0,136.0,26.428489151091807
21,0.0,0.0,0.0,0.0,0.0,0.0,0.0,0.0,0.0,0.0,0.0,0.0,0.0,0.0,0.0,0.0,0.0,0.0,0.0,0.0,0.0,0.0,0.0,0.0,0.0,0.0,0.0,0.0,0.0,0.0,0.0,0.0,0.0,0.0,0.0,0.0,0.0,0.0,0.0,1.0,1.0,1.0,2.0,3.0,3.0,4.0,5.0,5.0,6.0,6.0,7.0,8.0,8.0,9.0,9.0,10.0,11.0,11.0,12.0,12.0,13.0,14.0,14.0,15.0,15.0,16.0,16.0,16.0,17.0,17.0,18.0,18.0,19.0,19.0,20.0,20.0,21.0,22.0,22.0,23.0,23.0,24.0,24.0,25.0,25.0,26.0,26.0,27.0,27.0,28.0,28.0,29.079999999999927,30.0,31.0,32.0,33.0,34.0,35.0,37.0,42.0,0.0,1000.3450980484486,1000.4156862795353,1000.4705882370472,1000.5294117927551,1000.5803921818733,1000.6313725709915,1000.6862745285034,1000.745098054409,1000.8196078538895,1001.0,149.73060607910156,157.44287109375,162.25692749023438,166.0988525390625,169.476318359375,172.69613952636718,176.17113037109374,180.44715270996093,189.47328186035156,345.3861083984375,213.7699,4.0,test_data/Useful/Validation/Red Sand/IMG_6992.jpeg,229.0,151.0,30.659615463094138
22,0.0,0.0,0.0,0.0,0.0,0.0,0.0,0.0,0.0,0.0,0.0,0.0,0.0,0.0,0.0,0.0,0.0,0.0,0.0,0.0,0.0,0.0,0.0,0.0,0.0,0.0,0.0,0.0,0.0,0.0,0.0,0.0,0.0,0.0,0.0,0.0,0.0,0.0,0.0,0.0,0.0,0.0,1.0,1.0,2.0,3.0,3.0,4.0,5.0,5.0,6.0,6.0,7.0,8.0,8.0,9.0,9.0,10.0,11.0,11.0,12.0,12.0,12.0,13.0,13.350000000000136,14.0,14.0,15.0,15.0,16.0,16.0,17.0,17.0,18.0,18.0,19.0,19.0,20.0,20.0,21.0,21.190000000000055,22.0,23.0,23.0,24.0,24.0,25.0,25.0,26.0,27.0,27.0,28.0,29.0,30.0,31.0,32.0,32.0,34.0,36.0,42.0,0.0,1000.3647058904171,1000.4313725531101,1000.486274510622,1000.5411764979362,1000.5882353186607,1000.6392157077789,1000.6901960968971,1000.7529411911964,1000.8235294222832,1001.0,144.54824829101562,152.2017364501953,157.12738037109375,161.04254150390625,164.53219604492188,167.983154296875,171.7981719970703,177.01437377929688,188.85006103515624,345.4144592285156,215.08055,4.0,test_data/Useful/Validation/Red Sand/IMG_6993.jpeg,252.0,150.0,29.361242609627173
23,0.0,0.0,0.0,0.0,0.0,0.0,0.0,0.0,0.0,0.0,0.0,0.0,0.0,0.0,0.0,0.0,0.0,0.0,0.0,0.0,0.0,0.0,0.0,0.0,0.0,0.0,0.0,0.0,0.0,0.0,0.0,0.0,0.0,1.0,1.0,2.0,2.0,2.0,3.0,4.0,4.0,5.0,5.0,6.0,7.0,7.0,8.0,8.0,8.0,9.0,10.0,10.0,10.0,11.0,11.0,12.0,12.0,13.0,13.0,13.0,14.0,14.0,15.0,15.0,16.0,16.0,16.0,17.0,17.0,18.0,18.0,19.0,19.0,20.0,20.0,21.0,21.0,22.0,22.0,23.0,23.0,24.0,24.0,25.0,25.0,26.0,26.0,27.0,28.0,28.0,29.0,30.0,30.0,31.0,32.0,33.0,34.0,35.0,36.0,45.0,0.0,1000.3647058904171,1000.4352941215038,1000.4941176474094,1000.5490196347237,1000.6000000238419,1000.65098041296,1000.7019608020782,1000.7607843279839,1000.8313725590706,3001.0,145.06890869140625,152.78742065429688,157.82966156005858,161.75974731445314,165.30168914794922,168.8191711425781,172.77417602539063,178.0795623779297,189.98834228515625,345.4286193847656,215.50671,4.0,test_data/Useful/Validation/Red Sand/IMG_6994.jpeg,319.0,200.0,25.76550256978443
24,0.0,0.0,0.0,0.0,0.0,0.0,0.0,0.0,0.0,0.0,0.0,0.0,0.0,0.0,0.0,0.0,0.0,0.0,0.0,0.0,0.0,0.0,0.0,0.0,0.0,0.0,0.0,0.0,0.0,0.0,0.0,0.0,0.0,0.0,0.0,0.0,0.0,0.0,0.0,0.0,0.0,0.0,0.0,0.0,0.0,0.0,0.0,0.0,0.0,0.0,0.0,0.0,0.0,1.0,2.0,2.0,3.0,3.4199999999998454,4.0,5.0,5.0,6.0,6.370000000000118,7.0,8.0,8.0,9.0,9.0,10.0,10.0,11.0,11.0,12.0,12.0,13.0,13.0,14.0,15.0,15.0,16.0,16.0,17.0,18.0,18.0,19.0,20.0,20.0,21.0,22.0,23.0,24.0,24.0,25.0,26.0,27.0,28.0,29.0,31.0,33.0,39.0,0.0,1000.4078431427479,1000.4745098054409,1000.5294117927551,1000.584313750267,1000.6352941393852,1000.6901960968971,1000.745098054409,1000.8039215803146,1000.8705882430077,1001.0,123.61250457763673,131.88319091796876,137.55819702148438,142.5432586669922,147.89187622070312,154.2713165283203,161.94198608398438,171.0144805908203,186.60572662353516,345.53759765625,214.87885,4.0,test_data/Useful/Validation/Red Sand/IMG_6995.jpeg,243.0,141.0,28.551056953373163
25,0.0,0.0,0.0,0.0,0.0,0.0,0.0,0.0,0.0,0.0,0.0,0.0,0.0,0.0,0.0,0.0,0.0,0.0,0.0,0.0,0.0,0.0,0.0,0.0,0.0,0.0,0.0,0.0,0.0,0.0,0.0,0.0,0.0,0.0,0.0,0.0,0.0,0.0,0.0,0.0,0.0,0.0,0.0,0.0,0.0,1.0,1.0,2.0,3.0,3.0,4.0,4.0,5.0,6.0,6.0,7.0,8.0,8.0,9.0,10.0,11.0,11.0,12.0,12.0,13.0,14.0,14.0,15.0,15.0,16.0,16.0,17.0,17.0,18.0,18.0,19.0,20.0,20.0,21.0,21.0,22.0,22.0,23.0,24.0,24.0,25.0,26.0,26.0,27.0,27.0,28.0,29.0,29.0,30.0,31.0,32.0,33.0,34.0,36.0,41.0,0.0,1000.3843137323856,1000.4549019634724,1000.5098039507866,1000.5647059082985,1000.6156862974167,1000.6666666865349,1000.7254902124405,1000.7843137383461,1000.8549019694328,1001.0,145.5571716308594,153.21477661132812,158.17017669677733,162.10172424316406,165.59288787841797,169.00308227539062,172.81329345703125,177.7375030517578,188.69391174316405,345.4978942871094,213.76599,4.0,test_data/Useful/Validation/Red Sand/IMG_6996.jpeg,244.0,167.0,33.605286247146616
26,0.0,0.0,0.0,0.0,0.0,0.0,0.0,0.0,0.0,0.0,0.0,0.0,0.0,0.0,0.0,0.0,0.0,0.0,0.0,0.0,0.0,0.0,0.0,0.0,0.0,0.0,0.0,0.0,0.0,0.0,0.0,0.0,0.0,0.0,0.0,0.0,0.0,0.0,0.0,0.0,0.0,0.0,0.0,0.0,1.0,1.0,2.0,3.0,3.0,4.0,5.0,6.0,6.0,7.0,7.0,8.0,9.0,9.0,10.0,10.0,11.0,11.0,12.0,12.0,13.0,14.0,14.0,15.0,15.0,16.0,16.0,16.279999999999973,17.0,18.0,18.0,19.0,19.0,20.0,21.0,21.0,21.0,22.0,23.0,23.0,24.0,25.0,25.0,26.0,27.0,27.0,28.0,29.0,29.0,30.0,31.0,32.0,33.0,35.0,37.0,41.0,0.0,1000.4274509847164,1000.4941176474094,1000.54509806633,1000.6000000238419,1000.65098041296,1000.6980392336845,1000.7490196228027,1000.8039215803146,1000.8705882430077,1001.0,136.60941162109376,144.9018524169922,150.46084747314453,155.0205078125,159.37450408935547,164.01716003417968,169.26115875244142,176.0475311279297,189.2005065917969,345.61328125,214.30467,4.0,test_data/Useful/Validation/Red Sand/IMG_6997.jpeg,265.0,168.0,27.882590902494446
27,0.0,0.0,0.0,0.0,0.0,0.0,0.0,0.0,0.0,0.0,0.0,0.0,0.0,0.0,0.0,0.0,0.0,0.0,0.0,0.0,0.0,0.0,0.0,0.0,0.0,0.0,0.0,0.0,0.0,0.0,0.0,0.0,0.0,0.0,0.0,0.0,0.0,0.0,0.0,0.0,0.0,0.0,0.0,0.0,1.0,2.0,2.5299999999999727,3.0,4.0,4.0,5.0,6.0,6.0,7.0,7.0,8.0,8.0,9.0,10.0,10.0,11.0,11.0,12.0,12.0,13.0,13.340000000000146,14.0,14.0,15.0,16.0,16.0,17.0,18.0,18.0,19.0,19.0,20.0,20.0,21.0,21.0,22.0,22.0,23.0,23.0,24.0,25.0,25.0,26.0,27.0,28.0,28.0,29.0,30.0,30.0,31.0,32.0,33.0,35.0,37.0,42.0,0.0,1000.447058826685,1000.5098039507866,1000.5607843399048,1000.6078431606293,1000.6549019813538,1000.6980392336845,1000.745098054409,1000.7921568751335,1000.8549019694328,1001.0,135.96192932128906,144.35174560546875,149.9344482421875,154.74359130859375,159.39700317382812,164.34091186523438,169.83203125,176.820068359375,189.68987884521485,345.6790466308594,213.97125,4.0,test_data/Useful/Validation/Red Sand/IMG_6998.jpeg,266.0,167.0,30.07554406415566
28,0.0,0.0,0.0,0.0,0.0,0.0,0.0,0.0,0.0,0.0,0.0,0.0,0.0,0.0,0.0,0.0,0.0,0.0,0.0,0.0,0.0,0.0,0.0,0.0,0.0,0.0,0.0,0.0,0.0,1.0,1.0,2.0,3.0,3.0,4.0,4.0,5.0,5.0,6.0,6.0,7.0,7.0,8.0,8.0,9.0,9.0,10.0,10.0,11.0,11.0,11.0,12.0,12.0,13.0,13.0,14.0,14.0,14.0,15.0,15.0,16.0,16.0,16.0,17.0,17.0,18.0,18.0,18.0,19.0,19.0,20.0,20.0,21.0,21.0,21.0,22.0,22.0,23.0,23.0,24.0,25.0,25.0,25.0,26.0,26.0,27.0,27.0,28.0,28.0,29.0,29.0,29.079999999999927,30.0,31.0,32.0,33.0,34.0,35.0,36.00999999999976,46.0,0.0,1000.4078431427479,1000.4745098054409,1000.5411764979362,1000.5960784554482,1000.6470588445663,1000.6980392336845,1000.7490196228027,1000.8078431487083,1000.8745098114014,3000.0156862754375,140.40087890625,148.37899780273438,153.65086364746094,158.07293701171875,162.21884155273438,166.581103515625,171.56233825683594,178.0572479248047,190.62103271484375,345.5631103515625,216.02393,4.0,test_data/Useful/Validation/Red Sand/IMG_6999.jpeg,348.0,209.0,28.826615535588815
29,0.0,0.0,0.0,0.0,0.0,0.0,0.0,0.0,0.0,0.0,0.0,0.0,0.0,0.0,0.0,0.0,0.0,0.0,0.0,0.0,0.0,0.0,0.0,1.0,1.0,2.0,3.0,3.0,4.0,4.0,5.0,6.0,6.0,6.0,7.0,7.0,8.0,9.0,10.0,10.0,10.0,11.0,12.0,12.0,12.0,13.0,13.0,13.0,14.0,14.0,15.0,15.0,16.0,16.0,16.0,17.0,17.0,17.0,18.0,18.0,19.0,19.0,19.0,20.0,20.0,20.0,21.0,21.0,22.0,22.0,22.0,23.0,23.0,24.0,24.0,24.0,25.0,25.0,26.0,26.0,26.0,27.0,27.0,28.0,28.0,28.0,29.0,29.0,30.0,30.0,31.0,31.0,32.0,33.0,34.0,34.0,35.0,36.0,37.0,47.0,0.0,1000.4039215743542,1000.4823529422283,1000.5490196347237,1000.6039215922356,1000.6549019813538,1000.6980392336845,1000.7490196228027,1000.8000000119209,1000.866666674614,1001.0,142.58059234619142,150.3515655517578,155.5491958618164,159.81304931640625,163.68069458007812,167.6668701171875,172.1609664916992,178.51628723144532,191.69033813476562,345.56683349609375,217.66013,4.0,test_data/Useful/Validation/Red Sand/IMG_7001.jpeg,385.0,227.0,30.579417370557113
30,0.0,0.0,0.0,0.0,0.0,0.0,0.0,0.0,0.0,0.0,0.0,0.0,0.0,0.0,0.0,0.0,1.0,2.0,2.0,3.0,3.0,4.0,5.0,5.0,5.0,6.0,7.0,7.0,8.0,8.0,9.0,9.0,10.0,10.0,11.0,11.0,11.629999999999995,12.0,12.0,13.0,13.0,13.0,14.0,14.0,15.0,15.0,16.0,16.0,16.0,16.0,17.0,17.0,18.0,18.0,19.0,19.0,19.0,20.0,20.0,20.0,21.0,21.0,21.0,22.0,22.0,22.0,23.0,23.0,23.0,24.0,24.0,25.0,25.0,25.0,25.0,26.0,26.0,27.0,27.0,27.0,28.0,28.0,28.0,29.0,29.0,29.0,30.0,30.0,30.0,31.0,31.0,32.0,32.0,33.0,34.0,35.0,36.0,37.0,38.0,45.0,0.0,1000.4039215743542,1000.4823529422283,1000.5490196347237,1000.6000000238419,1000.6431372761726,1000.6862745285034,1000.7333333492279,1000.7843137383461,1000.8470588326454,1001.0,143.23054046630858,151.02042541503906,156.09595489501953,160.17915954589844,163.84768676757812,167.560595703125,171.75255584716797,177.69833374023438,192.01173400878906,345.5379638671875,219.11848,4.0,test_data/Useful/Validation/Red Sand/IMG_7002.jpeg,392.0,223.0,31.047872795834582
31,0.0,0.0,0.0,0.0,0.0,0.0,0.0,0.0,0.0,0.0,0.0,0.0,0.0,1.0,2.0,2.0,3.0,4.0,5.0,6.0,6.0,7.0,7.0,8.0,9.0,9.0,10.0,10.0,11.0,11.0,12.0,12.0,13.0,13.0,14.0,14.0,15.0,15.0,15.0,16.0,16.0,16.0,17.0,17.0,18.0,18.0,18.0,19.0,19.0,19.0,20.0,20.0,20.0,21.0,21.0,22.0,22.0,22.0,23.0,23.0,23.0,24.0,24.0,24.0,24.0,25.0,25.0,25.0,26.0,26.0,26.0,27.0,27.0,27.0,28.0,28.0,29.0,29.0,29.0,30.0,30.0,30.0,31.0,31.0,31.0,31.0,32.0,32.0,32.0,33.0,33.0,34.0,34.0,34.059999999999945,35.0,36.0,37.0,38.0,39.0,46.0,0.0,1000.4078431427479,1000.4941176474094,1000.5568627715111,1000.6039215922356,1000.6470588445663,1000.6901960968971,1000.7372549176216,1000.7921568751335,1000.8627451062202,3000.019607843831,145.19070892333986,153.0557098388672,158.13921203613282,162.2209930419922,166.07180786132812,169.86318969726562,174.21823120117188,180.29037475585938,192.98155212402344,345.5516357421875,219.01584,4.0,test_data/Useful/Validation/Red Sand/IMG_7003.jpeg,386.0,236.0,31.77356514637652
32,0.0,0.0,0.0,0.0,0.0,0.0,0.0,0.0,0.0,0.0,0.0,0.0,0.0,0.0,0.0,0.0,1.0,2.0,2.0,3.0,4.0,4.0,5.0,6.0,6.75,7.0,8.0,8.0,9.0,10.0,10.0,11.0,11.0,12.0,12.0,13.0,13.0,14.0,14.0,14.0,15.0,15.0,16.0,16.0,17.0,17.0,17.0,18.0,18.0,19.0,19.0,20.0,20.0,20.0,21.0,21.0,22.0,22.0,22.0,23.0,23.0,23.0,24.0,24.0,24.0,25.0,25.0,25.0,26.0,26.0,26.0,27.0,27.0,27.0,28.0,28.0,29.0,29.0,29.0,30.0,30.0,30.0,31.0,31.0,31.0,32.0,32.0,32.0,33.0,33.0,33.0,34.0,35.0,35.0,36.0,37.0,37.029999999999745,38.0,40.0,44.0,0.0,1000.3764705955982,1000.4588235318661,1000.5294117927551,1000.584313750267,1000.6313725709915,1000.678431391716,1000.7254902124405,1000.7843137383461,1000.8705882430077,1001.0,150.03994903564453,157.67800903320312,162.6588134765625,166.48500061035156,169.87353515625,173.14943237304686,176.7426025390625,181.5212829589844,192.94265899658203,345.5467224121094,219.16954,4.0,test_data/Useful/Validation/Red Sand/IMG_7004.jpeg,355.0,222.0,31.56122960907108
33,0.0,0.0,0.0,0.0,0.0,0.0,0.0,0.0,0.0,0.0,1.0,2.0,3.0,3.8600000000000136,4.0,5.0,6.0,7.0,7.0,8.0,9.0,9.0,10.0,10.0,11.0,11.0,12.0,12.0,13.0,13.0,13.0,14.0,14.0,15.0,15.0,16.0,16.0,16.0,17.0,17.0,18.0,18.0,18.0,19.0,19.0,19.0,20.0,20.0,20.0,21.0,21.0,21.0,21.0,22.0,22.0,22.0,23.0,23.0,23.0,24.0,24.0,24.0,25.0,25.0,25.0,25.0,26.0,26.0,26.0,27.0,27.0,27.0,28.0,28.0,28.0,28.0,29.0,29.0,30.0,30.0,30.0,30.179999999999836,31.0,31.0,31.0,32.0,32.0,33.0,33.0,34.0,34.0,34.0,35.0,35.0,36.0,36.0,37.0,38.0,40.0,46.0,0.0,1000.3647058904171,1000.4392156898975,1000.5098039507866,1000.5647059082985,1000.611764729023,1000.6627451181412,1000.7176470756531,1000.7803921699524,1000.8588235378265,1001.0,147.61809539794922,155.3553955078125,160.35030822753907,164.33352661132812,167.86215209960938,171.39268493652344,175.26161193847656,180.57073974609375,193.8603515625,345.48834228515625,220.72557,4.0,test_data/Useful/Validation/Red Sand/IMG_7005.jpeg,384.0,213.0,32.47566716735679
34,0.0,0.0,0.0,0.0,0.0,0.0,0.0,0.0,1.0,2.0,3.0,4.0,5.0,5.0,6.0,7.0,8.0,8.0,9.0,10.0,10.0,11.0,11.0,12.0,12.0,13.0,13.0,14.0,14.0,14.699999999999932,15.0,15.0,16.0,16.0,17.0,17.0,18.0,18.0,18.0,19.0,19.0,20.0,20.0,20.0,21.0,21.0,21.0,21.0,22.0,22.0,23.0,23.0,23.0,23.0,24.0,24.0,24.0,25.0,25.0,25.0,26.0,26.0,26.0,26.0,27.0,27.0,27.0,27.0,28.0,28.0,28.0,29.0,29.0,29.0,29.0,30.0,30.0,30.0,30.0,31.0,31.0,31.0,32.0,32.0,32.0,33.0,33.0,33.0,34.0,34.0,35.0,35.0,35.0,36.0,37.0,38.0,38.0,39.0,40.00999999999976,46.0,0.0,1000.352941185236,1000.4235294163227,1000.4941176474094,1000.5490196347237,1000.6000000238419,1000.6549019813538,1000.7098039388657,1000.7764706015587,1000.866666674614,1001.0,148.67066955566406,156.34570922851563,161.2676254272461,165.20372924804687,168.7612075805664,172.26630859375,176.1415054321289,181.36581420898438,194.27171325683594,345.4644470214844,220.57657,4.0,test_data/Useful/Validation/Red Sand/IMG_7006.jpeg,380.0,198.0,31.27861052158672
0,0.0,0.0,0.0,0.0,1.0,2.0,3.0,4.0,5.0,6.0,6.0,7.0,8.0,9.0,9.0,10.0,10.0,11.0,11.0,11.0,12.0,12.0,12.0,13.0,13.0,13.0,14.0,14.0,14.0,15.0,15.0,15.0,16.0,16.0,16.0,17.0,17.0,17.0,17.0,18.0,18.0,18.0,18.0,19.0,19.0,19.0,19.0,20.0,20.0,20.0,20.0,21.0,21.0,21.0,21.0,22.0,22.0,22.0,22.0,22.0,23.0,23.0,23.0,23.0,24.0,24.0,24.0,24.0,25.0,25.0,25.0,25.0,25.0,26.0,26.0,26.0,26.0,27.0,27.0,27.0,27.0,28.0,28.0,28.0,29.0,29.0,29.0,30.0,30.0,30.0,31.0,31.0,31.0,32.0,33.0,34.0,34.0,35.0,36.00999999999976,41.0,22.0,1000.5058823823929,1000.6431372761726,1000.7411764860153,1000.8470588326454,1000.9921568632126,2000.8470588326454,3000.458823531866,3000.65098041296,3000.78823530674,3001.0,148.21741333007813,155.9441711425781,160.78919982910156,164.63287353515625,168.0945587158203,171.39830932617187,174.8802032470703,179.64007568359375,192.3271484375,346.38946533203125,223.04869,0.0,test_data/Useful/Validation/rice-at-1-ft/20241108_084833.jpg,370.0,201.0,31.754627519611553
1,0.0,0.0,0.0,0.0,1.0,2.0,3.0,4.0,4.0,5.0,6.0,6.0,7.0,8.0,8.0,9.0,10.0,10.0,10.0,11.0,11.0,11.0,12.0,12.0,12.0,12.0,13.0,13.0,13.0,14.0,14.0,14.0,15.0,15.0,15.0,15.0,16.0,16.0,16.0,16.0,17.0,17.0,17.0,18.0,18.0,18.0,18.0,18.0,19.0,19.0,19.0,19.0,20.0,20.0,20.0,20.0,21.0,21.0,21.0,21.0,22.0,22.0,22.0,22.0,23.0,23.0,23.0,24.0,24.0,24.0,24.0,25.0,25.0,25.0,26.0,26.0,26.0,26.0,27.0,27.0,27.0,27.0,28.0,28.0,28.0,29.0,29.0,29.0,30.0,30.0,31.0,31.0,32.0,32.0,33.0,33.0,34.0,35.0,37.0,44.0,18.0,1000.5490196347237,1000.6666666865349,1000.7490196228027,1000.8352941274643,1000.9803921580315,2000.9921568632126,3000.533333361149,3000.6745098233223,3000.772549033165,3001.0,145.19012908935548,152.88368530273436,157.78509521484375,161.70391845703125,165.13648986816406,168.5640106201172,172.3267822265625,177.5523895263672,192.73667907714844,346.4244384765625,224.08511,0.0,test_data/Useful/Validation/rice-at-1-ft/20241108_084837_001.jpg,402.0,208.0,33.6935872213217
2,0.0,0.0,0.0,0.0,1.0,2.0,3.0,4.0,4.0,5.0,6.0,7.0,7.0,8.0,9.0,9.0,10.0,10.0,11.0,11.0,11.0,12.0,12.0,12.0,13.0,13.0,13.0,14.0,14.0,14.0,15.0,15.0,15.0,15.0,16.0,16.0,16.0,16.0,17.0,17.0,17.0,17.0,18.0,18.0,18.0,18.0,18.0,19.0,19.0,19.0,20.0,20.0,20.0,20.0,21.0,21.0,21.0,21.0,22.0,22.0,22.0,22.0,23.0,23.0,23.0,23.0,24.0,24.0,24.0,24.0,25.0,25.0,25.0,25.0,26.0,26.0,26.0,26.0,27.0,27.0,27.0,28.0,28.0,28.0,29.0,29.0,29.0,29.0,30.0,30.0,30.0,31.0,32.0,32.0,33.0,33.0,34.0,35.0,37.0,42.0,18.0,1000.54509806633,1000.6627451181412,1000.7490196228027,1000.839215695858,1000.9882352948189,2000.9372549057007,3000.5254902243614,3000.6705882549286,3000.772549033165,3001.0,146.1502700805664,153.8186492919922,158.7639175415039,162.69371948242187,166.14171600341797,169.50526733398436,173.1633285522461,178.356689453125,192.87213134765625,346.4141540527344,223.93523,0.0,test_data/Useful/Validation/rice-at-1-ft/20241108_084837_002.jpg,405.0,211.0,32.46570079200356
3,0.0,0.0,0.0,0.0,2.0,3.0,3.930000000000007,4.920000000000016,5.0,6.0,7.0,7.8799999999999955,8.0,8.860000000000014,9.0,10.0,10.0,11.0,11.0,11.0,12.0,12.0,13.0,13.0,13.0,14.0,14.0,15.0,15.0,15.0,16.0,16.0,16.0,16.0,17.0,17.0,17.0,18.0,18.0,18.0,18.0,19.0,19.0,19.0,20.0,20.0,20.0,20.0,20.0,21.0,21.0,21.0,21.0,22.0,22.0,22.0,22.0,23.0,23.0,23.0,23.0,23.0,24.0,24.0,24.0,24.0,25.0,25.0,25.0,25.0,25.0,26.0,26.0,26.0,26.0,27.0,27.0,27.0,28.0,28.0,28.0,29.0,29.0,29.0,30.0,30.0,30.0,31.0,31.0,31.0,32.0,32.0,33.0,33.0,34.0,34.0,35.0,35.01999999999998,37.0,45.0,20.0,1000.5372549295425,1000.6627451181412,1000.7529411911964,1000.8509804010391,2000.149019613862,2000.960784316063,3000.5137255191803,3000.666666686535,3000.7764706015587,3001.0,148.38790130615234,156.06357421875,160.89824523925782,164.76837768554688,168.19322967529297,171.5445983886719,175.1056671142578,179.85963745117186,192.95346069335938,346.39459228515625,223.27408,0.0,test_data/Useful/Validation/rice-at-1-ft/20241108_084837_003.jpg,334.0,160.0,27.602314928410642
4,0.0,0.0,0.0,0.0,1.0,2.0,3.0,4.0,5.0,6.0,7.0,8.0,8.0,9.0,9.0,10.0,10.0,11.0,11.0,11.0,12.0,12.0,13.0,13.0,14.0,14.0,14.0,15.0,15.0,15.0,16.0,16.0,16.0,16.0,17.0,17.0,17.0,17.0,18.0,18.0,18.0,18.0,19.0,19.0,19.0,20.0,20.0,20.0,21.0,21.0,21.0,21.0,22.0,22.0,22.0,22.0,22.0,23.0,23.0,23.0,23.0,24.0,24.0,24.0,24.0,24.0,25.0,25.0,25.0,26.0,26.0,26.0,26.0,27.0,27.0,27.0,27.0,28.0,28.0,28.0,28.0,29.0,29.0,29.0,30.0,30.0,30.0,30.0,31.0,31.0,31.0,32.0,32.0,33.0,33.0,34.0,35.0,36.0,37.0,43.0,22.0,1000.5294117927551,1000.6588235497475,1000.7529411911964,1000.8509804010391,2000.1568627506495,2000.9568627476692,3000.5098039507866,3000.666666686535,3000.7764706015587,3001.0,148.64381408691406,156.2655792236328,161.15255126953124,165.02345275878906,168.3598861694336,171.6712158203125,175.23597259521483,180.00481567382812,193.01736450195312,346.3902587890625,223.35727,0.0,test_data/Useful/Validation/rice-at-1-ft/20241108_084837_004.jpg,366.0,201.0,31.2361596911072
5,0.0,0.0,0.0,1.0,2.0,3.0,4.0,5.0,6.0,7.0,7.0,8.0,9.0,10.0,10.0,10.0,11.0,11.0,12.0,12.0,13.0,13.0,13.0,14.0,14.0,14.0,15.0,15.0,15.0,16.0,16.0,16.0,16.0,17.0,17.0,17.0,18.0,18.0,18.0,18.0,19.0,19.0,19.0,19.0,20.0,20.0,20.0,20.0,20.0,21.0,21.0,21.0,21.0,22.0,22.0,22.0,23.0,23.0,23.0,23.0,23.0,24.0,24.0,24.0,24.0,24.0,25.0,25.0,25.0,25.0,26.0,26.0,26.0,26.0,27.0,27.0,27.0,27.0,28.0,28.0,28.0,29.0,29.0,29.0,29.0,30.0,30.0,30.0,31.0,31.0,31.0,32.0,32.0,33.0,33.0,34.0,35.0,36.0,37.0,42.0,24.0,1000.5333333611488,1000.6627451181412,1000.7529411911964,1000.8509804010391,2000.1686274558306,2000.9529411792755,3000.5098039507866,3000.666666686535,3000.7764706015587,3001.0,148.28304290771484,156.0521240234375,160.83123779296875,164.70339965820312,168.1172332763672,171.44147033691405,175.0670959472656,179.85516357421875,192.86073303222656,346.3974304199219,223.20505,0.0,test_data/Useful/Validation/rice-at-1-ft/20241108_084837_005.jpg,364.0,201.0,29.471530157355126
6,0.0,0.0,0.0,0.0,0.0,1.0,2.0,3.0,4.0,5.0,6.0,6.0,7.0,7.860000000000014,8.0,9.0,10.0,10.0,11.0,11.0,11.0,11.779999999999973,12.0,12.0,12.0,13.0,13.0,13.720000000000027,14.0,14.0,15.0,15.0,15.0,15.0,16.0,16.0,16.0,17.0,17.0,17.0,18.0,18.0,18.0,18.0,19.0,19.0,19.0,19.0,20.0,20.0,20.0,20.0,21.0,21.0,21.0,22.0,22.0,22.0,22.0,22.0,23.0,23.0,23.0,23.0,24.0,24.0,24.0,24.0,25.0,25.0,25.0,25.0,26.0,26.0,26.0,26.0,27.0,27.0,27.0,27.0,28.0,28.0,28.0,29.0,29.0,29.0,30.0,30.0,30.0,31.0,31.0,31.0,32.0,32.0,33.0,33.039999999999964,34.0,35.01999999999998,37.0,43.0,0.0,1000.5333333611488,1000.6588235497475,1000.7529411911964,1000.8509804010391,2000.1411764770746,3000.043137256056,3000.5137255191803,3000.666666686535,3000.7764706015587,3001.0,148.18063354492188,155.9580810546875,160.86859741210938,164.6968505859375,168.11669921875,171.45570373535156,175.00062561035156,179.8529815673828,192.84353637695312,346.39508056640625,223.32419,0.0,test_data/Useful/Validation/rice-at-1-ft/20241108_084837_006.jpg,383.0,176.0,29.78048409109095
7,0.0,0.0,0.0,0.0,1.0,2.9399999999999977,4.0,5.0,6.0,7.0,7.0,8.0,9.0,9.0,10.0,10.0,11.0,11.0,12.0,12.0,12.0,13.0,13.0,13.0,14.0,14.0,14.0,15.0,15.0,15.0,15.0,16.0,16.0,16.0,16.0,17.0,17.0,17.0,17.0,18.0,18.0,18.0,18.0,19.0,19.0,19.0,19.0,20.0,20.0,20.0,20.0,21.0,21.0,21.0,21.0,22.0,22.0,22.0,22.0,22.0,23.0,23.0,23.0,23.0,24.0,24.0,24.0,24.0,25.0,25.0,25.0,25.0,26.0,26.0,26.0,26.0,27.0,27.0,27.0,27.0,28.0,28.0,28.0,29.0,29.0,29.0,29.0,30.0,30.0,30.09999999999991,31.0,31.0,32.0,32.0,33.0,33.0,34.0,35.0,37.0,41.0,25.0,1000.5333333611488,1000.6588235497475,1000.7490196228027,1000.8431372642517,2000.0823529437184,3000.023529412225,3000.517647087574,3000.666666686535,3000.772549033165,3001.0,147.61954498291016,155.35496215820314,160.25059814453124,164.109423828125,167.5093231201172,170.84024047851562,174.36700286865235,179.29441833496094,192.775146484375,346.40313720703125,223.40872,0.0,test_data/Useful/Validation/rice-at-1-ft/20241108_084837_007.jpg,347.0,185.0,28.303000831703248
8,0.0,0.0,0.0,0.0,0.9500000000000028,2.0,3.0,4.0,4.0,5.0,6.0,7.0,7.0,8.0,8.0,9.0,10.0,10.0,10.0,11.0,11.0,12.0,12.0,12.0,13.0,13.0,14.0,14.0,14.0,15.0,15.0,15.0,15.0,16.0,16.0,16.0,17.0,17.0,17.0,17.0,18.0,18.0,18.0,18.0,19.0,19.0,19.0,19.0,20.0,20.0,20.0,20.0,21.0,21.0,21.0,22.0,22.0,22.0,22.0,22.0,23.0,23.0,23.0,23.0,24.0,24.0,24.0,24.0,25.0,25.0,25.0,26.0,26.0,26.0,26.0,26.0,27.0,27.0,27.0,27.0,28.0,28.0,28.0,29.0,29.0,29.0,29.0,30.0,30.0,30.0,31.0,31.0,32.0,32.0,33.0,33.0,34.0,35.0,36.0,43.0,0.0,1000.5294117927551,1000.6549019813538,1000.745098054409,1000.839215695858,1000.9843137264252,2000.8980392217636,3000.501960813999,3000.6588235497475,3000.772549033165,3001.0,147.50558471679688,155.2458953857422,160.15573120117188,163.9914093017578,167.4000701904297,170.75634765625,174.3512725830078,179.29406127929687,192.86544799804688,346.3916015625,223.42696,0.0,test_data/Useful/Validation/rice-at-1-ft/20241108_084837_008.jpg,373.0,192.0,29.719604271629986
9,0.0,0.0,0.0,0.0,1.0,2.0,3.0,3.920000000000016,5.0,6.0,7.0,7.0,8.0,9.0,9.0,10.0,10.0,11.0,11.810000000000002,12.0,12.0,13.0,13.0,14.0,14.0,14.0,14.0,15.0,15.0,15.0,16.0,16.0,16.0,16.0,17.0,17.0,17.0,17.0,18.0,18.0,18.0,18.0,19.0,19.0,19.0,19.0,20.0,20.0,20.0,20.0,21.0,21.0,21.0,21.0,22.0,22.0,22.0,22.0,22.0,23.0,23.0,23.0,23.0,24.0,24.0,24.0,24.0,25.0,25.0,25.0,25.0,25.0,26.0,26.0,26.0,26.0,27.0,27.0,27.0,27.0,28.0,28.0,28.0,29.0,29.0,29.0,30.0,30.0,30.0,31.0,31.0,31.0,32.0,32.0,33.0,34.0,34.029999999999745,35.0,36.00999999999976,43.0,0.0,1000.5294117927551,1000.6549019813538,1000.745098054409,1000.8431372642517,1001.0,2000.89411765337,3000.4941176474094,3000.6588235497475,3000.772549033165,3001.0,147.78076171875,155.39682006835938,160.31936645507812,164.2043487548828,167.6385498046875,170.99580078125,174.59173126220702,179.42525329589847,192.8508758544922,346.389404296875,223.26768,0.0,test_data/Useful/Validation/rice-at-1-ft/20241108_084837_009.jpg,374.0,197.0,32.57190324892077
10,0.0,0.0,0.0,0.0,0.0,1.0,3.0,4.0,4.0,5.0,6.0,7.0,8.0,8.0,9.0,10.0,10.0,10.0,11.0,11.0,12.0,12.0,13.0,13.0,13.0,14.0,14.0,14.0,15.0,15.0,16.0,16.0,16.0,16.0,17.0,17.0,17.0,17.0,17.610000000000014,18.0,18.0,18.0,19.0,19.0,19.0,19.0,20.0,20.0,20.0,20.0,21.0,21.0,21.0,21.0,22.0,22.0,22.0,22.0,23.0,23.0,23.0,23.0,24.0,24.0,24.0,24.0,25.0,25.0,25.0,25.0,25.0,26.0,26.0,26.0,26.0,27.0,27.0,27.0,27.0,28.0,28.0,28.0,29.0,29.0,29.0,29.139999999999873,30.0,30.0,31.0,31.0,31.0,32.0,32.0,33.0,33.0,34.0,34.0,36.0,37.0,46.0,0.0,1000.5333333611488,1000.6588235497475,1000.745098054409,1000.8431372642517,2000.0470588244498,2000.8980392217636,3000.498039215803,3000.6588235497475,3000.772549033165,3001.0,147.8168502807617,155.39553527832032,160.34121704101562,164.20297241210938,167.6557159423828,170.95678100585937,174.64125366210936,179.52125549316406,193.033935546875,346.39154052734375,223.64056,0.0,test_data/Useful/Validation/rice-at-1-ft/20241108_084837_010.jpg,363.0,184.0,27.41333014136825
11,0.0,0.0,0.0,0.0,1.0,3.0,4.0,4.920000000000016,5.0,6.0,7.0,8.0,8.0,9.0,10.0,10.0,10.0,11.0,11.0,12.0,12.0,13.0,13.0,13.0,14.0,14.0,14.0,15.0,15.0,15.0,15.0,16.0,16.0,16.0,17.0,17.0,17.0,18.0,18.0,18.0,18.0,19.0,19.0,19.0,19.0,19.539999999999964,20.0,20.0,20.0,20.0,21.0,21.0,21.0,21.0,22.0,22.0,22.0,22.0,23.0,23.0,23.0,23.0,24.0,24.0,24.0,24.0,25.0,25.0,25.0,25.0,25.0,26.0,26.0,26.0,26.0,27.0,27.0,27.0,27.0,28.0,28.0,28.0,29.0,29.0,29.0,30.0,30.0,30.0,31.0,31.0,31.0,32.0,32.0,33.0,33.0,34.0,34.0,35.0,37.0,41.0,21.0,1000.5372549295425,1000.6588235497475,1000.7490196228027,1000.8431372642517,2000.1411764770746,2000.9568627476692,3000.517647087574,3000.666666686535,3000.7686274647713,3001.0,146.760009765625,154.48367309570312,159.38872375488282,163.28089294433593,166.72631072998047,170.10130310058594,173.79147338867188,178.8932647705078,193.13531494140625,346.3988037109375,223.96692,0.0,test_data/Useful/Validation/rice-at-1-ft/20241108_084837_011.jpg,336.0,182.0,30.049443298621785
12,0.0,0.0,0.0,0.0,1.0,2.0,3.0,4.0,4.0,5.0,6.0,7.0,8.0,8.0,9.0,9.0,10.0,11.0,11.0,11.0,12.0,12.0,12.0,13.0,13.0,14.0,14.0,14.0,14.0,15.0,15.0,15.0,16.0,16.0,16.0,17.0,17.0,17.0,17.0,18.0,18.0,18.0,18.0,19.0,19.0,19.0,19.0,20.0,20.0,20.0,20.0,20.0,21.0,21.0,21.0,22.0,22.0,22.0,22.0,22.0,23.0,23.0,23.0,23.0,24.0,24.0,24.0,24.0,24.0,25.0,25.0,25.0,25.0,25.0,26.0,26.0,26.0,26.0,27.0,27.0,27.0,27.0,28.0,28.0,28.0,29.0,29.0,30.0,30.0,31.0,31.0,31.0,32.0,32.0,33.0,33.0,34.0,35.0,36.00999999999976,43.0,20.0,1000.5372549295425,1000.6588235497475,1000.7490196228027,1000.8431372642517,2000.149019613862,2000.945098042488,3000.5215686559677,3000.666666686535,3000.7686274647713,3001.0,146.1557159423828,153.78875122070312,158.69955749511718,162.60281372070312,166.06810760498047,169.4899139404297,173.1852081298828,178.38329467773437,192.9620361328125,346.3994140625,223.92455,0.0,test_data/Useful/Validation/rice-at-1-ft/20241108_084837_012.jpg,386.0,197.0,34.69533326798078
13,0.0,0.0,0.0,0.0,1.0,1.0,2.0,3.0,4.0,5.0,6.0,6.0,7.0,7.0,8.0,9.0,9.0,10.0,10.0,10.0,11.0,11.0,11.0,12.0,12.0,13.0,13.0,13.0,14.0,14.0,14.0,15.0,15.0,15.0,15.0,16.0,16.0,16.0,17.0,17.0,17.0,17.0,18.0,18.0,18.0,18.0,19.0,19.0,19.0,19.0,20.0,20.0,20.0,20.0,20.0,21.0,21.0,21.0,21.0,22.0,22.0,22.0,22.0,23.0,23.0,23.0,24.0,24.0,24.0,24.0,24.0,25.0,25.0,25.0,25.0,26.0,26.0,26.0,26.0,27.0,27.0,27.0,27.0,28.0,28.0,28.0,29.0,29.0,29.0,30.0,30.0,31.0,31.0,32.0,32.0,33.0,34.0,35.0,36.0,45.0,21.0,1000.54509806633,1000.6627451181412,1000.745098054409,1000.8352941274643,1001.0,2000.9137254953384,3000.529411792755,3000.6705882549286,3000.7686274647713,3001.0,142.226806640625,150.1204071044922,155.0971450805664,159.12136840820312,162.77940368652344,166.44630432128906,170.67701721191406,176.65408325195312,192.834228515625,346.4149475097656,224.42543,0.0,test_data/Useful/Validation/rice-at-1-ft/20241108_084837_013.jpg,396.0,206.0,28.59263977287303
14,0.0,0.0,0.0,0.0,1.0,2.0,3.0,4.0,4.0,5.0,6.0,7.0,7.0,8.0,9.0,9.0,10.0,10.0,10.0,11.0,11.0,11.0,12.0,12.0,13.0,13.0,13.0,14.0,14.0,14.0,14.0,15.0,15.0,15.0,16.0,16.0,16.0,16.0,17.0,17.0,17.0,17.0,18.0,18.0,18.0,18.0,19.0,19.0,19.0,19.0,20.0,20.0,20.0,20.0,20.0,21.0,21.0,21.0,21.0,22.0,22.0,22.0,22.0,22.360000000000127,23.0,23.0,23.0,23.320000000000164,24.0,24.0,24.0,24.0,25.0,25.0,25.0,25.0,26.0,26.0,26.0,26.0,27.0,27.0,27.0,28.0,28.0,28.0,29.0,29.0,30.0,30.0,30.0,31.0,31.0,32.0,32.0,33.0,34.0,34.0,36.0,42.0,0.0,1000.54509806633,1000.6588235497475,1000.7411764860153,1000.8313725590706,1000.9529411792755,2000.89411765337,3000.529411792755,3000.6705882549286,3000.7647058963776,3001.0,140.12744140625,147.90676879882812,153.04193115234375,157.20809936523438,161.11590576171875,164.9740478515625,169.47113494873048,175.94783325195314,192.69287109375,346.42608642578125,224.41165,0.0,test_data/Useful/Validation/rice-at-1-ft/20241108_084837_014.jpg,399.0,209.0,28.823097805708834
15,0.0,0.0,0.0,0.0,1.0,1.0,2.0,3.0,4.0,5.0,6.0,7.0,7.8700000000000045,8.0,9.0,10.0,10.0,10.0,11.0,11.0,11.0,12.0,12.0,13.0,13.0,13.0,13.0,14.0,14.0,14.0,15.0,15.0,15.0,15.0,16.0,16.0,16.0,16.0,17.0,17.0,17.0,18.0,18.0,18.0,18.0,19.0,19.0,19.0,19.0,20.0,20.0,20.0,20.0,21.0,21.0,21.0,21.0,22.0,22.0,22.0,22.0,22.0,23.0,23.0,23.0,23.0,23.0,24.0,24.0,24.0,24.0,25.0,25.0,25.0,26.0,26.0,26.0,26.0,27.0,27.0,27.0,27.0,27.0,28.0,28.0,28.0,29.0,29.0,30.0,30.0,30.0,31.0,31.0,32.0,32.0,33.0,34.0,35.0,37.0,42.0,0.0,1000.5411764979362,1000.6549019813538,1000.7333333492279,1000.8235294222832,1000.9294117689133,2000.866666674614,3000.5137255191803,3000.666666686535,3000.7647058963776,3001.0,140.3807144165039,148.2750244140625,153.44464721679688,157.6066436767578,161.46481323242188,165.39451599121094,169.80935668945312,176.1673583984375,192.75570678710938,346.4200439453125,224.15765,0.0,test_data/Useful/Validation/rice-at-1-ft/20241108_084837_015.jpg,414.0,225.0,32.45000099744958
16,0.0,0.0,0.0,0.0,0.0,1.0,2.0,3.0,4.0,4.0,5.0,6.0,7.0,7.0,8.0,9.0,9.0,10.0,10.0,10.0,11.0,11.0,11.0,12.0,12.0,12.0,13.0,13.0,13.0,13.0,14.0,14.0,14.0,15.0,15.0,15.0,16.0,16.0,16.0,17.0,17.0,17.0,17.0,18.0,18.0,18.0,18.0,19.0,19.0,19.0,19.0,20.0,20.0,20.0,20.0,21.0,21.0,21.0,21.0,22.0,22.0,22.0,23.0,23.0,23.0,23.0,23.0,24.0,24.0,24.0,25.0,25.0,25.0,25.0,25.0,26.0,26.0,26.0,26.0,27.0,27.0,27.0,27.0,28.0,28.0,28.0,28.13000000000011,29.0,29.0,30.0,30.0,30.0,31.0,31.0,32.0,33.0,34.0,35.0,36.0,42.0,0.0,1000.5411764979362,1000.6549019813538,1000.7333333492279,1000.8274509906769,1000.9411764740944,2000.8627451062202,3000.5137255191803,3000.666666686535,3000.7647058963776,3001.0,140.20458374023437,148.11672973632812,153.3028366088867,157.4453125,161.25973510742188,165.08071899414062,169.49193267822267,175.91329956054688,192.89340209960938,346.41717529296875,224.59306,0.0,test_data/Useful/Validation/rice-at-1-ft/20241108_084837_016.jpg,439.0,227.0,30.229125876607693
17,0.0,0.0,0.0,0.0,0.0,0.0,1.0,2.0,3.0,4.0,5.0,6.0,6.8700000000000045,7.0,8.0,8.0,9.0,10.0,10.0,10.0,11.0,11.0,12.0,12.0,12.0,13.0,13.0,13.0,14.0,14.0,14.0,14.0,15.0,15.0,15.0,15.0,16.0,16.0,16.0,16.0,17.0,17.0,17.0,18.0,18.0,18.0,18.0,19.0,19.0,19.0,19.0,19.0,20.0,20.0,20.0,21.0,21.0,21.0,21.0,22.0,22.0,22.0,22.0,23.0,23.0,23.0,23.0,24.0,24.0,24.0,24.0,25.0,25.0,25.0,25.0,26.0,26.0,26.0,26.0,27.0,27.0,27.0,27.0,28.0,28.0,28.0,29.0,29.0,29.0,30.0,30.0,31.0,31.0,32.0,32.0,33.0,34.0,35.0,36.0,41.0,0.0,1000.5411764979362,1000.6549019813538,1000.7333333492279,1000.8235294222832,1000.9294117689133,2000.8588235378265,3000.5137255191803,3000.662745118141,3000.7647058963776,3001.0,138.27599639892577,146.2898956298828,151.61077880859375,156.00839233398438,160.1169891357422,164.28799438476562,169.10769653320312,175.85964965820312,192.74063110351562,346.4200439453125,224.96167,0.0,test_data/Useful/Validation/rice-at-1-ft/20241108_084837_017.jpg,422.0,223.0,29.69972067367332
18,0.0,0.0,0.0,0.0,0.0,1.0,2.0,3.0,4.0,5.0,6.0,6.0,7.0,7.0,8.0,9.0,9.0,10.0,10.0,10.800000000000011,11.0,11.0,12.0,12.0,12.0,13.0,13.0,13.0,14.0,14.0,14.0,14.0,15.0,15.0,15.0,16.0,16.0,16.0,16.0,17.0,17.0,17.0,17.0,18.0,18.0,18.0,18.0,19.0,19.0,19.0,19.0,20.0,20.0,20.0,20.0,21.0,21.0,21.0,21.0,21.0,22.0,22.0,22.0,22.0,23.0,23.0,23.0,23.0,24.0,24.0,24.0,24.0,25.0,25.0,25.0,25.0,26.0,26.0,26.0,26.0,26.0,27.0,27.0,27.0,28.0,28.0,28.0,29.0,29.0,30.0,30.0,30.0,31.0,32.0,32.0,33.0,34.0,34.0,36.0,43.0,0.0,1000.5411764979362,1000.6549019813538,1000.7333333492279,1000.8235294222832,1000.9215686321259,2000.8627451062202,3000.5137255191803,3000.666666686535,3000.7647058963776,3001.0,140.7859634399414,148.61968994140625,153.7124786376953,157.84054565429688,161.6368408203125,165.48326110839844,169.84884643554688,176.21212768554688,192.88999938964844,346.4207458496094,224.6706,0.0,test_data/Useful/Validation/rice-at-1-ft/20241108_084837_018.jpg,442.0,233.0,34.87127135758165
19,0.0,0.0,0.0,0.0,0.0,1.0,2.0,4.0,5.0,6.0,6.0,7.0,8.0,8.0,9.0,9.0,10.0,10.0,10.0,11.0,11.0,11.0,12.0,12.0,12.0,13.0,13.0,13.0,14.0,14.0,14.0,15.0,15.0,15.0,15.0,16.0,16.0,16.0,16.0,17.0,17.0,17.0,17.0,18.0,18.0,18.0,18.529999999999973,19.0,19.0,19.0,19.0,20.0,20.0,20.0,21.0,21.0,21.0,21.0,22.0,22.0,22.0,22.0,22.0,23.0,23.0,23.0,23.0,24.0,24.0,24.0,24.0,24.0,25.0,25.0,25.0,26.0,26.0,26.0,26.0,27.0,27.0,27.0,27.170000000000073,28.0,28.0,29.0,29.0,29.0,30.0,30.0,30.0,31.0,31.0,32.0,32.0,33.0,34.0,35.0,37.0,42.0,0.0,1000.5411764979362,1000.65098041296,1000.7294117808342,1000.8196078538895,1000.9098039269447,2000.8509804010391,3000.505882382393,3000.662745118141,3000.7647058963776,3001.0,139.8914794921875,147.76303100585938,152.90229187011718,157.00794677734376,160.84030151367188,164.71893310546875,169.1773223876953,175.60626220703125,192.54324340820312,346.4236755371094,224.62079,0.0,test_data/Useful/Validation/rice-at-1-ft/20241108_084837_019.jpg,399.0,223.0,25.99037505552583
20,0.0,0.0,0.0,0.0,1.0,2.0,3.0,3.0,4.0,5.0,6.0,6.0,7.0,8.0,8.0,9.0,10.0,10.0,10.810000000000002,11.0,11.0,12.0,12.0,12.0,13.0,13.0,13.0,14.0,14.0,14.0,14.0,15.0,15.0,15.0,16.0,16.0,16.0,16.0,17.0,17.0,17.0,17.0,18.0,18.0,18.0,18.0,19.0,19.0,19.0,19.0,19.0,20.0,20.0,20.0,20.0,21.0,21.0,21.0,21.409999999999854,22.0,22.0,22.0,23.0,23.0,23.0,23.0,23.0,24.0,24.0,24.0,24.0,25.0,25.0,25.0,25.0,26.0,26.0,26.0,27.0,27.0,27.0,27.0,28.0,28.0,28.0,29.0,29.0,29.0,30.0,30.0,30.0,31.0,32.0,32.0,33.0,33.0,34.0,35.0,36.0,41.0,0.0,1000.5803921818733,1000.6823529601097,1000.7686274647713,1000.8627451062202,2000.1960784345865,3000.1411764770746,3000.584313750267,3000.6980392336845,3000.7921568751335,3001.0,140.30230712890625,148.3433074951172,153.5116729736328,157.76657104492188,161.68882751464844,165.76039428710936,170.2976089477539,176.72930908203125,193.03419494628906,346.5233154296875,224.7439,0.0,test_data/Useful/Validation/rice-at-1-ft/20241108_084837_050.jpg,427.0,211.0,29.594603239706593
21,0.0,0.0,0.0,0.0,1.0,2.0,3.0,4.0,5.0,6.0,7.0,7.0,8.0,9.0,9.0,10.0,10.0,10.819999999999993,11.0,11.0,11.0,12.0,12.0,12.0,13.0,13.0,13.730000000000018,14.0,14.0,14.0,15.0,15.0,15.0,16.0,16.0,16.0,16.0,17.0,17.0,17.0,17.0,17.0,18.0,18.0,18.0,18.0,19.0,19.0,19.0,19.5,20.0,20.0,20.0,21.0,21.0,21.0,21.0,21.0,22.0,22.0,22.0,23.0,23.0,23.0,23.0,23.0,24.0,24.0,24.0,24.0,25.0,25.0,25.0,25.0,26.0,26.0,26.0,26.0,27.0,27.0,27.0,27.0,28.0,28.0,28.0,29.0,29.0,29.0,30.0,30.0,30.0,31.0,31.0,32.0,32.0,33.0,34.0,35.0,37.0,43.0,23.0,1000.584313750267,1000.6862745285034,1000.7686274647713,1000.8627451062202,2000.23137255013,3000.1568627506495,3000.5882353186607,3000.6980392336845,3000.7921568751335,3001.0,140.10994415283204,148.0170135498047,153.24923706054688,157.52684020996094,161.5020751953125,165.42579650878906,169.9521072387695,176.54827880859375,193.06170654296875,346.5252685546875,224.34857,0.0,test_data/Useful/Validation/rice-at-1-ft/20241108_084837_051.jpg,414.0,204.0,28.564977964025214
22,0.0,0.0,0.0,0.0,0.0,1.0,2.930000000000007,3.0,5.0,5.0,6.0,7.0,7.0,8.0,9.0,9.0,10.0,10.0,11.0,11.0,11.0,12.0,12.0,12.0,13.0,13.0,14.0,14.0,14.0,15.0,15.0,15.0,15.0,16.0,16.0,16.0,17.0,17.0,17.0,17.0,18.0,18.0,18.0,19.0,19.0,19.0,19.0,20.0,20.0,20.0,20.0,20.0,21.0,21.0,21.0,21.0,22.0,22.0,22.0,22.0,23.0,23.0,23.0,23.0,24.0,24.0,24.0,24.0,24.0,25.0,25.0,25.0,25.0,26.0,26.0,26.0,26.0,26.0,27.0,27.0,27.0,28.0,28.0,28.0,28.0,29.0,29.0,29.0,30.0,30.0,30.0,31.0,31.0,31.0,32.0,33.0,34.0,35.0,36.0,40.0,0.0,1000.584313750267,1000.6862745285034,1000.7686274647713,1000.8627451062202,2000.258823543787,3000.1725490242243,3000.5882353186607,3000.6980392336845,3000.7921568751335,3001.0,140.4953140258789,148.53359985351562,153.7213394165039,157.93005981445313,161.84564971923828,165.7596466064453,170.30455017089844,176.83059692382812,193.29933166503906,346.51739501953125,224.4617,0.0,test_data/Useful/Validation/rice-at-1-ft/20241108_084837_052.jpg,407.0,209.0,25.215074916983273
23,0.0,0.0,0.0,1.0,2.0,3.0,4.0,5.0,6.0,7.0,8.0,9.0,9.0,10.0,10.0,10.0,11.0,11.0,11.0,12.0,12.0,13.0,13.0,13.0,14.0,14.0,14.0,15.0,15.0,15.0,15.0,16.0,16.0,16.0,16.0,17.0,17.0,17.0,17.0,18.0,18.0,18.0,18.0,19.0,19.0,19.0,19.0,20.0,20.0,20.0,20.0,21.0,21.0,21.0,21.0,22.0,22.0,22.0,22.0,23.0,23.0,23.0,23.0,23.0,24.0,24.0,24.0,24.0,25.0,25.0,25.0,25.0,25.0,26.0,26.0,26.0,26.0,27.0,27.0,27.0,27.190000000000055,28.0,28.0,28.0,29.0,29.0,29.0,30.0,30.0,30.0,30.0,31.0,31.0,32.0,33.0,33.0,34.0,35.0,36.00999999999976,42.0,23.0,1000.584313750267,1000.6862745285034,1000.7686274647713,1000.8627451062202,2000.1921568661928,3000.1294117718935,3000.5803921818733,3000.694117665291,3000.7921568751335,3001.0,142.3155059814453,150.14744567871094,155.20301818847656,159.23226928710938,162.89588928222656,166.6117706298828,170.81817321777342,176.92292785644534,192.98837280273438,346.5235900878906,224.44269,0.0,test_data/Useful/Validation/rice-at-1-ft/20241108_084837_053.jpg,373.0,195.0,27.393122042926247
24,0.0,0.0,0.0,0.0,1.0,2.0,3.0,4.0,5.0,6.0,7.0,8.0,8.0,9.0,10.0,10.0,10.0,11.0,11.0,11.0,12.0,12.0,12.0,13.0,13.0,13.0,14.0,14.0,14.0,15.0,15.0,15.0,16.0,16.0,16.0,17.0,17.0,17.0,17.0,18.0,18.0,18.0,18.0,19.0,19.0,19.0,19.0,20.0,20.0,20.0,20.0,20.0,21.0,21.0,21.0,21.0,22.0,22.0,22.0,22.0,23.0,23.0,23.0,23.0,24.0,24.0,24.0,24.0,24.0,25.0,25.0,25.0,25.0,26.0,26.0,26.0,26.0,27.0,27.0,27.0,27.0,28.0,28.0,28.0,29.0,29.0,29.0,30.0,30.0,30.0,31.0,31.0,32.0,32.0,32.04999999999973,33.0,34.0,35.0,36.0,42.0,22.0,1000.584313750267,1000.6862745285034,1000.7686274647713,1000.8627451062202,2000.2000000029802,3000.1215686276555,3000.5764706134796,3000.694117665291,3000.7921568751335,3001.0,141.81340942382812,149.6738250732422,154.79083251953125,158.8666778564453,162.6591567993164,166.43571166992186,170.75907440185546,176.97222290039065,193.25552368164062,346.5249938964844,224.52507,0.0,test_data/Useful/Validation/rice-at-1-ft/20241108_084837_054.jpg,401.0,210.0,29.901831456320167
25,0.0,0.0,0.0,0.960000000000008,1.0,2.0,3.0,4.0,5.0,6.0,7.0,7.0,8.0,8.0,9.0,9.0,10.0,10.0,10.0,11.0,11.0,12.0,12.0,12.0,13.0,13.0,13.0,14.0,14.0,14.0,14.0,15.0,15.0,16.0,16.0,16.0,16.0,17.0,17.0,17.0,18.0,18.0,18.0,18.0,19.0,19.0,19.0,20.0,20.0,20.0,20.0,20.0,21.0,21.0,21.0,21.0,22.0,22.0,22.0,22.0,23.0,23.0,23.0,23.0,23.0,24.0,24.0,24.0,24.0,25.0,25.0,25.0,25.0,26.0,26.0,26.0,27.0,27.0,27.0,27.0,28.0,28.0,28.0,28.0,29.0,29.0,29.0,30.0,30.0,30.0,31.0,31.0,32.0,32.0,33.0,33.0,34.0,35.0,36.00999999999976,42.0,23.0,1000.5803921818733,1000.6862745285034,1000.7647058963776,1000.8588235378265,1001.0,2000.9803921580315,3000.568627476692,3000.694117665291,3000.7921568751335,3001.0,141.99818115234376,149.8361785888672,154.9315933227539,158.98092041015624,162.7176513671875,166.3986846923828,170.73282775878906,176.91419067382813,193.1959686279297,346.5223388671875,224.34161,0.0,test_data/Useful/Validation/rice-at-1-ft/20241108_084837_055.jpg,399.0,206.0,25.417705477206354
26,0.0,0.0,0.0,0.0,1.0,2.0,3.0,4.0,5.0,6.0,6.0,7.0,8.0,9.0,9.0,10.0,10.0,11.0,11.0,11.0,12.0,12.0,12.0,13.0,13.0,13.0,14.0,14.0,15.0,15.0,15.0,16.0,16.0,16.0,16.0,17.0,17.0,17.0,17.0,18.0,18.0,18.0,19.0,19.0,19.0,19.0,20.0,20.0,20.0,20.0,21.0,21.0,21.0,21.0,22.0,22.0,22.0,22.0,23.0,23.0,23.0,23.0,23.0,24.0,24.0,24.0,24.0,25.0,25.0,25.0,25.0,26.0,26.0,26.0,26.0,27.0,27.0,27.0,27.0,28.0,28.0,28.0,28.170000000000073,29.0,29.0,29.0,30.0,30.0,30.0,31.0,31.0,31.0,32.0,32.059999999999945,33.0,33.0,34.0,35.0,37.0,43.0,23.0,1000.5803921818733,1000.6823529601097,1000.7647058963776,1000.8549019694328,1001.0,2000.9254902005196,3000.5647059082985,3000.690196096897,3000.78823530674,3001.0,142.73871154785155,150.5881317138672,155.7286178588867,159.780908203125,163.43441772460938,167.11770629882812,171.2319793701172,177.27919006347656,193.27810668945312,346.52606201171875,224.01102,0.0,test_data/Useful/Validation/rice-at-1-ft/20241108_084837_056.jpg,391.0,203.0,29.626205791850396
27,0.0,0.0,0.0,1.0,1.0,2.0,4.0,5.0,6.0,6.0,7.0,8.0,9.0,9.0,10.0,10.0,11.0,11.0,11.0,12.0,12.0,13.0,13.0,13.0,14.0,14.0,14.0,15.0,15.0,15.0,15.0,16.0,16.0,16.0,16.649999999999977,17.0,17.0,17.0,18.0,18.0,18.0,18.0,19.0,19.0,19.0,19.0,20.0,20.0,20.0,20.0,21.0,21.0,21.0,21.0,22.0,22.0,22.0,22.0,22.0,23.0,23.0,23.0,23.0,24.0,24.0,24.0,24.0,25.0,25.0,25.0,25.0,26.0,26.0,26.0,26.0,26.0,27.0,27.0,27.0,27.0,28.0,28.0,28.0,29.0,29.0,29.0,30.0,30.0,30.0,31.0,31.0,31.0,32.0,32.059999999999945,33.0,34.0,35.0,36.0,38.0,43.0,22.0,1000.5647059082985,1000.6705882549286,1000.7529411911964,1000.8431372642517,1000.972549021244,2000.8823529481888,3000.5411764979362,3000.678431391716,3000.7764706015587,3001.0,143.5968444824219,151.37338256835938,156.42874145507812,160.41610717773438,164.045166015625,167.64024353027344,171.7538299560547,177.63609313964844,193.45654296875,346.4846496582031,224.28827,0.0,test_data/Useful/Validation/rice-at-1-ft/20241108_084837_057.jpg,373.0,216.0,29.21415251828783
28,0.0,0.0,0.0,1.0,2.0,3.0,4.0,5.0,6.909999999999997,7.0,8.0,9.0,10.0,10.0,10.0,11.0,11.0,12.0,12.0,12.0,13.0,13.0,13.0,14.0,14.0,14.0,14.0,15.0,15.0,15.0,16.0,16.0,16.0,17.0,17.0,17.0,17.0,18.0,18.0,18.0,18.0,19.0,19.0,19.0,19.0,20.0,20.0,20.0,20.0,21.0,21.0,21.0,21.0,21.0,22.0,22.0,22.0,23.0,23.0,23.0,23.0,24.0,24.0,24.0,24.0,24.0,25.0,25.0,25.0,25.0,26.0,26.0,26.0,26.0,26.25,27.0,27.0,27.0,28.0,28.0,28.0,28.0,29.0,29.0,29.0,29.139999999999873,30.0,30.0,31.0,31.0,31.0,32.0,32.0,32.0,33.0,34.0,34.0,36.0,37.0,43.0,24.0,1000.5568627715111,1000.6627451181412,1000.7411764860153,1000.8313725590706,1000.9529411792755,2000.8627451062202,3000.5254902243614,3000.666666686535,3000.7647058963776,3001.0,143.28709106445314,151.22515869140625,156.2288055419922,160.28012084960938,163.82920837402344,167.49871215820312,171.6264190673828,177.567626953125,193.47705078125,346.4490966796875,224.47493,0.0,test_data/Useful/Validation/rice-at-1-ft/20241108_084837_058.jpg,374.0,205.0,32.986053620280885
29,0.0,0.0,0.0,2.0,3.0,4.0,5.0,6.0,6.909999999999997,7.0,8.0,8.0,9.0,9.0,10.0,10.0,11.0,11.0,12.0,12.0,12.0,13.0,13.0,13.0,13.0,14.0,14.0,15.0,15.0,15.0,15.0,16.0,16.0,16.0,16.0,17.0,17.0,17.0,18.0,18.0,18.0,19.0,19.0,19.0,19.0,19.0,20.0,20.0,20.0,20.0,21.0,21.0,21.0,22.0,22.0,22.0,22.0,22.0,23.0,23.0,23.0,23.0,24.0,24.0,24.0,24.0,25.0,25.0,25.0,25.0,25.0,26.0,26.0,26.0,26.0,27.0,27.0,27.0,27.0,28.0,28.0,28.0,28.0,29.0,29.0,29.0,30.0,30.0,30.0,31.0,31.0,32.0,32.0,33.0,33.0,34.0,35.0,36.0,37.00999999999976,42.0,19.0,1000.5490196347237,1000.6588235497475,1000.7333333492279,1000.8235294222832,1000.9450980424881,2000.8549019694328,3000.517647087574,3000.6588235497475,3000.75686275959,3001.0,143.52576751708983,151.29400024414062,156.29176635742186,160.3275939941406,163.9026336669922,167.5388946533203,171.71212768554688,177.66226196289062,193.61550903320312,346.4186096191406,224.32512,0.0,test_data/Useful/Validation/rice-at-1-ft/20241108_084837_059.jpg,415.0,216.0,30.952630057362644
30,0.0,0.0,0.0,0.0,2.0,3.0,3.0,5.0,5.0,6.0,7.0,8.0,8.0,9.0,10.0,10.0,10.0,11.0,11.0,12.0,12.0,12.0,13.0,13.0,13.0,14.0,14.0,15.0,15.0,15.0,16.0,16.0,16.0,16.0,17.0,17.0,17.0,17.0,18.0,18.0,18.0,18.0,19.0,19.0,19.0,19.0,20.0,20.0,20.0,20.0,21.0,21.0,21.0,21.0,21.0,22.0,22.0,22.0,22.0,23.0,23.0,23.0,23.0,24.0,24.0,24.0,24.0,24.0,25.0,25.0,25.0,26.0,26.0,26.0,26.0,27.0,27.0,27.0,27.0,28.0,28.0,28.0,29.0,29.0,29.0,30.0,30.0,30.0,30.0,31.0,31.0,32.0,32.0,33.0,33.0,34.0,35.0,36.0,37.00999999999976,45.0,21.0,1000.5411764979362,1000.65098041296,1000.7254902124405,1000.8156862854958,1000.9294117689133,2000.8274509906769,3000.501960813999,3000.65098041296,3000.7490196228027,3001.0,143.72601318359375,151.41812133789062,156.51345825195312,160.56890869140625,164.2418670654297,167.8538360595703,171.90025634765624,177.80465698242188,193.8629150390625,346.3940734863281,224.74216,0.0,test_data/Useful/Validation/rice-at-1-ft/20241108_084837_060.jpg,437.0,225.0,29.88521866763225
31,0.0,0.0,0.0,1.0,2.0,3.0,4.0,5.0,6.0,7.0,8.0,8.0,9.0,10.0,10.0,10.0,11.0,11.0,12.0,12.0,13.0,13.0,13.0,14.0,14.0,14.0,15.0,15.0,15.0,16.0,16.0,16.0,16.0,17.0,17.0,17.0,18.0,18.0,18.0,18.0,19.0,19.0,19.0,20.0,20.0,20.0,20.0,21.0,21.0,21.0,21.0,22.0,22.0,22.0,22.0,23.0,23.0,23.0,23.0,24.0,24.0,24.0,24.0,24.0,25.0,25.0,25.0,25.0,25.0,26.0,26.0,26.0,26.269999999999982,27.0,27.0,27.0,27.0,28.0,28.0,28.0,28.0,29.0,29.0,29.0,30.0,30.0,30.0,31.0,31.0,31.0,32.0,32.0,33.0,33.0,34.0,35.0,35.0,36.0,37.0,41.0,25.0,1000.54509806633,1000.6549019813538,1000.7294117808342,1000.8196078538895,1000.9450980424881,2000.8509804010391,3000.5098039507866,3000.6549019813538,3000.7529411911964,3001.0,144.13240814208984,151.92461242675782,156.9675735473633,160.99370727539062,164.53124237060547,168.13754272460938,172.15499877929688,177.87099914550782,193.63706970214844,346.3927001953125,224.53958,0.0,test_data/Useful/Validation/rice-at-1-ft/20241108_084837_061.jpg,386.0,207.0,29.795406057836082
32,0.0,0.0,0.0,1.0,2.0,3.0,5.0,5.0,6.0,7.0,8.0,9.0,9.0,10.0,10.0,11.0,11.0,12.0,12.0,12.0,13.0,13.0,13.0,14.0,14.0,14.0,15.0,15.0,15.0,16.0,16.0,16.0,17.0,17.0,17.0,17.639999999999986,18.0,18.0,18.0,19.0,19.0,19.0,19.0,20.0,20.0,20.0,20.0,21.0,21.0,21.0,21.0,21.0,22.0,22.0,22.0,22.0,23.0,23.0,23.0,23.0,24.0,24.0,24.0,24.0,24.0,25.0,25.0,25.0,25.0,26.0,26.0,26.0,26.0,27.0,27.0,27.0,27.0,28.0,28.0,28.0,28.0,29.0,29.0,29.0,30.0,30.0,30.0,31.0,31.0,31.0,32.0,32.0,33.0,33.0,34.0,34.0,35.0,36.0,37.0,43.0,25.0,1000.54509806633,1000.65098041296,1000.7294117808342,1000.8196078538895,1000.9411764740944,2000.8431372642517,3000.505882382393,3000.65098041296,3000.7529411911964,3001.0,144.30675354003907,152.06981201171874,157.12413940429687,161.16151428222656,164.71066284179688,168.29275512695312,172.27903747558594,177.9408142089844,193.40264892578125,346.3998718261719,224.28098,0.0,test_data/Useful/Validation/rice-at-1-ft/20241108_084837_062.jpg,391.0,212.0,28.673172495396525
33,0.0,0.0,0.0,0.960000000000008,1.0,3.0,4.0,5.0,6.0,7.0,8.0,8.0,9.0,9.0,10.0,11.0,11.0,11.819999999999993,12.0,12.0,13.0,13.0,13.0,14.0,14.0,14.0,15.0,15.0,15.0,16.0,16.0,16.0,17.0,17.0,17.0,17.0,18.0,18.0,18.0,18.0,19.0,19.0,19.0,20.0,20.0,20.0,20.0,21.0,21.0,21.0,21.0,21.0,22.0,22.0,22.0,22.0,23.0,23.0,23.0,23.0,24.0,24.0,24.0,24.0,25.0,25.0,25.0,26.0,26.0,26.0,26.0,26.279999999999973,27.0,27.0,27.0,27.0,28.0,28.0,28.0,28.0,29.0,29.0,29.0,30.0,30.0,30.0,30.0,31.0,31.0,31.0,32.0,32.0,33.0,33.0,34.0,34.0,35.0,36.0,37.0,45.0,21.0,1000.5490196347237,1000.65098041296,1000.7294117808342,1000.8196078538895,1000.933333337307,2000.8313725590706,3000.501960813999,3000.65098041296,3000.7490196228027,3001.0,143.93809661865234,151.7559814453125,156.79485321044922,160.8108642578125,164.38704681396484,167.91158447265624,171.96445312499998,177.74093017578127,193.66253662109375,346.40289306640625,224.25926,0.0,test_data/Useful/Validation/rice-at-1-ft/20241108_084837_063.jpg,392.0,202.0,28.562109691248544
34,0.0,0.0,0.0,0.0,2.0,3.0,3.0,4.0,5.0,6.0,7.0,8.0,8.0,9.0,10.0,10.0,11.0,11.0,11.0,12.0,12.0,12.0,13.0,13.0,14.0,14.0,14.0,14.0,15.0,15.0,15.0,16.0,16.0,16.0,17.0,17.0,17.0,17.0,18.0,18.0,18.0,19.0,19.0,19.0,19.0,20.0,20.0,20.0,21.0,21.0,21.0,21.0,22.0,22.0,22.0,22.0,23.0,23.0,23.0,23.0,23.0,24.0,24.0,24.0,24.0,25.0,25.0,25.0,25.0,25.299999999999955,26.0,26.0,26.0,26.0,27.0,27.0,27.0,27.0,28.0,28.0,28.0,29.0,29.0,29.0,30.0,30.0,30.0,30.0,31.0,31.0,32.0,32.0,32.0,33.0,34.0,34.0,35.0,36.0,37.00999999999976,47.0,25.0,1000.5490196347237,1000.6549019813538,1000.7333333492279,1000.8196078538895,1000.9372549057007,2000.839215695858,3000.501960813999,3000.65098041296,3000.7529411911964,3001.0,144.52978515625,152.2376251220703,157.2021484375,161.16232299804688,164.74539184570312,168.24024047851563,172.22349548339844,177.88902282714844,193.71697998046875,346.4089660644531,224.17606,0.0,test_data/Useful/Validation/rice-at-1-ft/20241108_084837_064.jpg,423.0,230.0,30.15454373399343
35,0.0,0.0,0.0,1.0,2.0,3.0,4.0,5.0,6.0,7.0,8.0,9.0,9.0,10.0,10.0,11.0,11.0,11.0,11.810000000000002,12.0,12.0,13.0,13.0,13.0,14.0,14.0,14.0,15.0,15.0,15.0,16.0,16.0,16.0,17.0,17.0,17.0,18.0,18.0,18.0,18.0,19.0,19.0,19.0,19.0,20.0,20.0,20.0,20.0,21.0,21.0,21.0,21.0,22.0,22.0,22.0,23.0,23.0,23.0,23.0,24.0,24.0,24.0,24.0,24.0,25.0,25.0,25.0,25.0,26.0,26.0,26.0,26.0,27.0,27.0,27.0,27.0,28.0,28.0,28.0,28.0,29.0,29.0,29.0,29.0,30.0,30.0,30.0,31.0,31.0,32.0,32.0,32.0,33.0,33.0,34.0,34.0,35.0,36.0,37.0,44.0,24.0,1000.5490196347237,1000.6549019813538,1000.7294117808342,1000.8196078538895,1000.9372549057007,2000.8431372642517,3000.505882382393,3000.6549019813538,3000.7490196228027,3001.0,143.79277954101562,151.5430114746094,156.5094451904297,160.4600402832031,164.06100463867188,167.62608947753907,171.70216522216796,177.60533447265627,193.8089599609375,346.4085388183594,224.60965,0.0,test_data/Useful/Validation/rice-at-1-ft/20241108_084837_065.jpg,377.0,208.0,27.075260119996415
36,0.0,0.0,0.0,1.0,2.0,3.0,4.0,4.920000000000016,5.0,6.0,7.0,8.0,8.0,9.0,9.0,10.0,10.0,11.0,11.0,11.800000000000011,12.0,12.0,12.769999999999982,13.0,13.0,14.0,14.0,14.0,15.0,15.0,15.0,16.0,16.0,16.0,16.0,17.0,17.0,17.0,18.0,18.0,18.0,18.0,19.0,19.0,19.0,19.0,20.0,20.0,20.0,20.0,21.0,21.0,21.0,21.0,22.0,22.0,22.0,23.0,23.0,23.0,23.0,23.0,24.0,24.0,24.0,24.0,24.0,25.0,25.0,25.0,25.0,26.0,26.0,26.0,27.0,27.0,27.0,27.0,28.0,28.0,28.0,29.0,29.0,29.0,29.0,30.0,30.0,30.0,30.0,31.0,31.0,32.0,32.0,33.0,33.0,34.0,34.0,36.0,37.0,44.0,24.0,1000.5529412031174,1000.6588235497475,1000.7333333492279,1000.8235294222832,1000.9529411792755,2000.8549019694328,3000.517647087574,3000.6549019813538,3000.7529411911964,3001.0,143.18704833984376,150.87547607421877,155.91004028320313,159.93099975585938,163.53758239746094,167.19290161132812,171.26939392089844,177.24795532226562,193.62750244140625,346.41595458984375,224.68268,0.0,test_data/Useful/Validation/rice-at-1-ft/20241108_084837_066.jpg,428.0,223.0,25.70045769012367
37,0.0,0.0,0.0,0.0,1.0,2.0,3.0,4.0,5.0,6.0,6.0,7.0,8.0,9.0,10.0,10.0,11.0,11.0,11.0,12.0,12.0,12.0,13.0,13.0,13.0,14.0,14.0,14.0,15.0,15.0,16.0,16.0,16.0,16.0,17.0,17.0,17.0,17.0,18.0,18.0,18.0,19.0,19.0,19.0,19.0,19.0,20.0,20.0,20.0,20.0,21.0,21.0,21.0,21.0,22.0,22.0,22.0,22.0,23.0,23.0,23.0,23.0,24.0,24.0,24.0,24.0,25.0,25.0,25.0,25.0,25.0,26.0,26.0,26.0,26.25,27.0,27.0,27.0,28.0,28.0,28.0,29.0,29.0,29.0,29.15000000000009,30.0,30.0,31.0,31.0,31.0,32.0,32.0,33.0,33.0,34.0,34.0,35.0,36.0,37.0,42.0,25.0,1000.5568627715111,1000.6588235497475,1000.7372549176216,1000.8274509906769,1000.9647058844566,2000.9019607901573,3000.533333361149,3000.662745118141,3000.7529411911964,3001.0,142.75491333007812,150.595751953125,155.61250915527344,159.66322326660156,163.27896118164062,166.89149169921876,171.04564208984374,177.0426025390625,193.62648010253906,346.40936279296875,224.28606,0.0,test_data/Useful/Validation/rice-at-1-ft/20241108_084837_067.jpg,388.0,197.0,28.92294105696951
38,0.0,0.0,0.0,0.0,1.0,2.0,3.0,4.0,5.0,6.0,7.0,7.0,8.0,9.0,10.0,10.0,10.0,11.0,11.0,12.0,12.0,12.0,13.0,13.0,13.0,14.0,14.0,14.0,15.0,15.0,15.0,16.0,16.0,16.0,16.0,17.0,17.0,17.0,18.0,18.0,18.0,19.0,19.0,19.0,19.0,20.0,20.0,20.0,20.0,21.0,21.0,21.0,21.0,22.0,22.0,22.0,22.0,22.0,23.0,23.0,23.0,23.0,24.0,24.0,24.0,24.0,25.0,25.0,25.0,25.0,26.0,26.0,26.0,26.0,27.0,27.0,27.0,27.0,28.0,28.0,28.0,28.0,29.0,29.0,29.0,30.0,30.0,30.0,30.0,31.0,31.0,32.0,32.0,33.0,33.0,34.0,35.0,36.0,37.0,42.0,22.0,1000.5529412031174,1000.6588235497475,1000.7333333492279,1000.8235294222832,1000.9607843160629,2000.89411765337,3000.533333361149,3000.662745118141,3000.7529411911964,3001.0,142.92134857177734,150.70477294921875,155.7767532348633,159.82399291992186,163.53884887695312,167.1937255859375,171.37811279296875,177.47976684570312,193.71237182617188,346.4212646484375,224.40993,0.0,test_data/Useful/Validation/rice-at-1-ft/20241108_084837_068.jpg,389.0,203.0,31.36288856013627
39,0.0,0.0,0.0,1.0,2.0,3.0,4.0,5.0,6.0,7.0,8.0,9.0,9.0,10.0,10.0,10.840000000000032,11.0,11.0,12.0,12.0,12.0,13.0,13.0,13.0,14.0,14.0,14.0,15.0,15.0,15.0,16.0,16.0,16.0,16.0,17.0,17.0,17.0,18.0,18.0,18.0,19.0,19.0,19.0,19.0,20.0,20.0,20.0,20.0,21.0,21.0,21.0,21.0,22.0,22.0,22.0,22.0,23.0,23.0,23.0,23.0,23.389999999999873,24.0,24.0,24.0,24.0,25.0,25.0,25.0,25.0,25.0,26.0,26.0,26.0,26.0,27.0,27.0,27.0,27.0,28.0,28.0,28.0,29.0,29.0,29.0,29.15000000000009,30.0,30.0,30.11999999999989,31.0,31.0,32.0,32.0,32.0,33.0,34.0,34.039999999999964,35.0,36.0,37.0,44.0,24.0,1000.5647059082985,1000.6666666865349,1000.745098054409,1000.839215695858,2000.2745098173618,3000.1254902035,3000.5529412031174,3000.6705882549286,3000.760784327984,3001.0,142.6222686767578,150.5150146484375,155.5098449707031,159.62750244140625,163.28504943847656,166.93894958496094,171.12684631347656,177.3475280761719,193.5751190185547,346.4209289550781,224.43765,0.0,test_data/Useful/Validation/rice-at-1-ft/20241108_084837_069.jpg,427.0,225.0,27.583506011916583
40,0.0,0.0,0.0,1.0,2.0,3.0,4.0,5.0,6.0,7.0,7.0,8.0,9.0,9.0,10.0,10.0,11.0,11.0,11.0,12.0,12.0,12.0,13.0,13.0,13.0,14.0,14.0,15.0,15.0,15.0,15.0,16.0,16.0,16.660000000000082,17.0,17.0,17.0,18.0,18.0,18.0,18.0,19.0,19.0,19.0,20.0,20.0,20.0,20.0,20.0,21.0,21.0,21.0,21.0,22.0,22.0,22.0,22.0,23.0,23.0,23.0,23.0,24.0,24.0,24.0,24.0,25.0,25.0,25.0,25.0,25.0,26.0,26.0,26.0,26.0,27.0,27.0,27.0,27.0,28.0,28.0,28.0,28.0,29.0,29.0,29.0,30.0,30.0,30.0,31.0,31.0,31.0,32.0,32.0,33.0,33.04999999999973,34.0,35.0,36.0,37.0,41.0,20.0,1000.5686274766922,1000.6705882549286,1000.7529411911964,1000.8470588326454,2000.3490196168423,3000.1725490242243,3000.556862771511,3000.6705882549286,3000.760784327984,3001.0,143.2130126953125,150.94007873535156,155.98654174804688,160.00338745117188,163.66310119628906,167.35617065429688,171.5280303955078,177.5801239013672,193.67437744140625,346.4194030761719,224.50325,0.0,test_data/Useful/Validation/rice-at-1-ft/20241108_084837_070.jpg,386.0,184.0,21.91738627110566
41,0.0,0.0,0.0,0.0,1.0,3.0,4.0,5.0,6.0,6.0,8.0,8.0,9.0,10.0,10.0,11.0,11.0,11.0,12.0,12.0,12.789999999999964,13.0,13.0,13.0,14.0,14.0,15.0,15.0,15.0,16.0,16.0,16.0,17.0,17.0,17.0,17.639999999999986,18.0,18.0,18.0,19.0,19.0,19.0,19.0,19.0,20.0,20.0,20.0,20.0,21.0,21.0,21.0,21.0,21.0,22.0,22.0,22.0,22.0,23.0,23.0,23.0,23.0,24.0,24.0,24.0,24.0,24.0,25.0,25.0,25.0,25.0,25.0,26.0,26.0,26.0,26.0,26.0,27.0,27.0,27.0,28.0,28.0,28.0,28.0,29.0,29.0,30.0,30.0,30.0,30.110000000000127,31.0,31.0,32.0,32.0,33.0,33.0,34.0,35.0,36.0,37.0,42.0,25.0,1000.5725490450859,1000.6745098233223,1000.7568627595901,1000.8509804010391,2000.3725490272045,3000.203921571374,3000.5647059082985,3000.6745098233223,3000.760784327984,3001.0,142.17202606201172,150.13575744628906,155.1864456176758,159.3678436279297,163.09490966796875,166.7874755859375,171.07046508789062,177.40689086914062,193.8318634033203,346.4303894042969,224.53903,0.0,test_data/Useful/Validation/rice-at-1-ft/20241108_084837_071.jpg,377.0,185.0,31.50326560782739
42,0.0,0.0,0.0,0.0,1.0,3.0,4.0,5.0,5.0,6.0,7.0,8.0,8.0,9.0,10.0,10.0,11.0,11.0,11.0,12.0,12.0,13.0,13.0,14.0,14.0,14.0,15.0,15.0,15.0,16.0,16.0,16.0,16.0,17.0,17.0,17.0,17.0,18.0,18.0,18.0,19.0,19.0,19.0,19.0,20.0,20.0,20.0,20.519999999999982,21.0,21.0,21.0,21.0,22.0,22.0,22.0,22.0,23.0,23.0,23.0,23.0,23.0,24.0,24.0,24.0,24.0,25.0,25.0,25.0,25.0,26.0,26.0,26.0,26.0,27.0,27.0,27.0,27.230000000000018,28.0,28.0,28.0,28.0,29.0,29.0,29.0,30.0,30.0,30.0,30.0,31.0,31.0,32.0,32.0,32.0,33.0,33.0,34.0,35.0,36.0,37.0,44.0,23.0,1000.5725490450859,1000.678431391716,1000.7607843279839,1000.8549019694328,2000.3843137323856,3000.2235294133425,3000.5647059082985,3000.6745098233223,3000.760784327984,3001.0,142.26930236816406,150.01657104492188,155.21893310546875,159.3054962158203,163.0264129638672,166.75509643554688,171.07612152099608,177.30055236816406,193.7684783935547,346.423095703125,224.6225,0.0,test_data/Useful/Validation/rice-at-1-ft/20241108_084837_072.jpg,403.0,203.0,29.986095123715693
43,0.0,0.0,0.0,0.0,1.0,2.0,3.0,4.0,5.0,6.0,6.889999999999986,7.0,8.0,9.0,9.849999999999966,10.0,10.0,11.0,11.0,12.0,12.0,12.0,13.0,13.0,14.0,14.0,14.0,15.0,15.0,15.0,16.0,16.0,16.0,17.0,17.0,17.0,18.0,18.0,18.0,19.0,19.0,19.0,19.0,20.0,20.0,20.0,20.0,21.0,21.0,21.0,21.0,22.0,22.0,22.0,22.0,23.0,23.0,23.0,23.0,24.0,24.0,24.0,24.0,24.0,25.0,25.0,25.0,25.0,25.0,26.0,26.0,26.0,26.0,27.0,27.0,27.0,27.0,28.0,28.0,28.0,28.0,29.0,29.0,29.0,29.0,30.0,30.0,30.0,31.0,31.0,32.0,32.0,32.0,33.0,33.0,34.0,35.0,36.0,38.0,44.0,24.0,1000.5803921818733,1000.6823529601097,1000.7647058963776,1000.8588235378265,2000.4509803950787,3000.23137255013,3000.568627476692,3000.6745098233223,3000.760784327984,3001.0,142.0047348022461,149.8323211669922,154.96823120117188,159.103515625,162.835693359375,166.5850067138672,170.92440795898438,177.2285919189453,193.75979614257812,346.4284973144531,224.70145,0.0,test_data/Useful/Validation/rice-at-1-ft/20241108_084837_073.jpg,402.0,199.0,28.82118467921936
44,0.0,0.0,0.0,0.960000000000008,2.0,3.0,4.0,5.0,6.0,6.0,7.0,8.0,9.0,10.0,10.0,10.0,11.0,11.0,12.0,12.0,12.0,13.0,13.0,14.0,14.0,14.0,15.0,15.0,15.0,16.0,16.0,16.0,16.0,17.0,17.0,17.0,18.0,18.0,18.0,18.0,19.0,19.0,19.0,19.0,20.0,20.0,20.0,20.0,21.0,21.0,21.0,21.0,22.0,22.0,22.0,22.0,23.0,23.0,23.0,23.0,24.0,24.0,24.0,24.0,25.0,25.0,25.0,25.0,25.0,26.0,26.0,26.0,26.269999999999982,27.0,27.0,27.0,27.0,28.0,28.0,28.0,29.0,29.0,29.0,29.0,30.0,30.0,30.0,31.0,31.0,31.0,32.0,32.0,33.0,33.0,34.0,34.0,35.0,36.0,38.0,43.0,25.0,1000.5803921818733,1000.6823529601097,1000.7686274647713,1000.8627451062202,2000.4627451002598,3000.2509804069996,3000.568627476692,3000.678431391716,3000.760784327984,3001.0,142.28747863769533,150.079736328125,155.22213745117188,159.34378051757812,163.01902770996094,166.78152465820312,171.10745239257812,177.47450256347656,193.8585662841797,346.4255065917969,224.62976,0.0,test_data/Useful/Validation/rice-at-1-ft/20241108_084837_074.jpg,398.0,194.0,29.534219489288418
45,0.0,0.0,0.0,0.0,0.0,1.9399999999999977,3.0,4.0,5.0,6.0,7.0,8.0,8.0,9.0,10.0,10.0,11.0,11.0,12.0,12.0,12.0,13.0,13.0,14.0,14.0,14.0,15.0,15.0,15.0,15.0,16.0,16.0,16.0,17.0,17.0,17.0,18.0,18.0,18.0,18.0,19.0,19.0,19.0,20.0,20.0,20.0,20.0,21.0,21.0,21.0,21.0,22.0,22.0,22.0,22.0,22.440000000000055,23.0,23.0,23.0,23.0,23.0,24.0,24.0,24.0,24.0,25.0,25.0,25.0,25.0,26.0,26.0,26.0,26.0,27.0,27.0,27.0,27.0,28.0,28.0,28.0,28.0,29.0,29.0,29.0,30.0,30.0,30.0,30.0,31.0,31.0,32.0,32.0,32.070000000000164,33.0,34.0,34.0,35.0,36.0,37.0,45.0,0.0,1000.5803921818733,1000.6823529601097,1000.7686274647713,1000.8627451062202,2000.4392156898975,3000.2078431397676,3000.5647059082985,3000.6745098233223,3000.760784327984,3001.0,141.50259399414062,149.4252471923828,154.63289642333984,158.80216064453126,162.6238021850586,166.50618591308594,170.93399200439453,177.31241455078126,194.04727172851562,346.43096923828125,224.72884,0.0,test_data/Useful/Validation/rice-at-1-ft/20241108_084837_075.jpg,399.0,198.0,31.349114391473446
46,0.0,0.0,0.0,1.0,3.0,4.0,5.0,6.0,7.0,7.0,8.0,9.0,9.0,10.0,10.0,11.0,11.0,12.0,12.0,12.0,13.0,13.0,13.0,14.0,14.0,14.0,14.0,15.0,15.0,16.0,16.0,16.0,16.0,17.0,17.0,17.0,18.0,18.0,18.0,18.0,19.0,19.0,19.0,20.0,20.0,20.0,20.0,21.0,21.0,21.0,21.0,22.0,22.0,22.0,22.0,22.0,23.0,23.0,23.0,23.0,24.0,24.0,24.0,24.0,25.0,25.0,25.0,25.0,25.0,26.0,26.0,26.0,26.0,27.0,27.0,27.0,27.0,28.0,28.0,28.0,28.0,29.0,29.0,29.0,29.15000000000009,30.0,30.0,30.0,31.0,31.0,32.0,32.0,32.0,33.0,34.0,34.0,35.0,36.0,37.0,43.0,23.0,1000.5882353186607,1000.6862745285034,1000.772549033165,1000.8627451062202,2000.4274509847164,3000.215686276555,3000.568627476692,3000.678431391716,3000.760784327984,3001.0,141.80189514160156,149.5906982421875,154.76492309570312,158.8217010498047,162.5688018798828,166.2993621826172,170.65455322265623,177.09778747558593,193.9678192138672,346.4448547363281,224.56003,0.0,test_data/Useful/Validation/rice-at-1-ft/20241108_084837_076.jpg,406.0,210.0,33.5627805979638
47,0.0,0.0,0.0,1.0,2.0,4.0,5.0,6.0,7.0,8.0,8.889999999999986,9.0,10.0,10.0,11.0,11.0,11.0,12.0,12.0,13.0,13.0,13.0,14.0,14.0,14.0,15.0,15.0,15.0,16.0,16.0,16.0,17.0,17.0,17.0,17.0,18.0,18.0,18.0,18.0,19.0,19.0,19.0,20.0,20.0,20.0,20.0,21.0,21.0,21.0,21.0,22.0,22.0,22.0,22.0,22.0,23.0,23.0,23.0,23.0,23.399999999999864,24.0,24.0,24.0,24.0,25.0,25.0,25.0,25.0,26.0,26.0,26.0,26.0,27.0,27.0,27.0,27.0,28.0,28.0,28.0,28.0,28.190000000000055,29.0,29.0,29.0,30.0,30.0,30.0,31.0,31.0,31.0,32.0,32.0,32.0,33.0,33.0,34.0,35.0,35.0,37.0,43.0,22.0,1000.5960784554482,1000.6941176652908,1000.7803921699524,1000.8705882430077,2000.4823529422283,3000.2470588237047,3000.5764706134796,3000.6823529601097,3000.7647058963776,3001.0,141.70399322509766,149.5714538574219,154.6643280029297,158.77153930664062,162.57025146484375,166.31146240234375,170.68789672851562,177.137841796875,194.32310485839844,346.45208740234375,224.81758,0.0,test_data/Useful/Validation/rice-at-1-ft/20241108_084837_077.jpg,399.0,203.0,28.996228970141413
48,0.0,0.0,0.0,0.0,2.0,3.0,4.0,5.0,6.0,7.0,8.0,8.0,9.0,10.0,10.0,10.0,11.0,11.0,12.0,12.0,13.0,13.0,14.0,14.0,14.0,15.0,15.0,15.0,15.0,16.0,16.0,16.0,17.0,17.0,17.0,18.0,18.0,18.0,18.0,19.0,19.0,19.0,19.0,20.0,20.0,20.0,20.0,21.0,21.0,21.0,21.0,22.0,22.0,22.0,22.0,22.0,23.0,23.0,23.0,23.0,24.0,24.0,24.0,24.0,25.0,25.0,25.0,25.0,26.0,26.0,26.0,26.0,27.0,27.0,27.0,27.0,28.0,28.0,28.0,28.0,29.0,29.0,29.0,29.0,30.0,30.0,30.0,31.0,31.0,31.0,32.0,32.0,33.0,33.0,34.0,35.0,35.0,36.0,37.0,41.0,21.0,1000.6000000238419,1000.6980392336845,1000.7882353067398,1000.8784313797951,2000.5137255191803,3000.2784313857555,3000.5803921818733,3000.6862745285034,3000.7686274647713,3001.0,142.26366271972657,149.94532165527343,155.04538269042968,159.05438232421875,162.79431915283203,166.5373992919922,170.88078765869142,177.21321411132814,194.33120727539062,346.4605407714844,224.73984,0.0,test_data/Useful/Validation/rice-at-1-ft/20241108_084837_078.jpg,437.0,213.0,29.654291732365298
49,0.0,0.0,0.0,1.0,2.0,3.0,4.0,5.0,6.0,6.0,7.0,8.0,9.0,10.0,10.0,11.0,11.0,11.0,12.0,12.0,13.0,13.0,13.0,14.0,14.0,14.0,15.0,15.0,15.0,16.0,16.0,16.0,17.0,17.0,17.0,18.0,18.0,18.0,18.0,19.0,19.0,19.0,20.0,20.0,20.0,20.0,21.0,21.0,21.0,21.0,22.0,22.0,22.0,22.0,23.0,23.0,23.0,23.0,23.409999999999854,24.0,24.0,24.0,24.0,25.0,25.0,25.0,25.0,25.320000000000164,26.0,26.0,26.0,26.0,27.0,27.0,27.0,27.0,28.0,28.0,28.0,28.0,29.0,29.0,29.0,29.0,30.0,30.0,30.0,31.0,31.0,31.0,32.0,32.0,32.0,33.0,33.0,34.0,35.0,36.0,37.00999999999976,45.0,25.0,1000.6039215922356,1000.7019608020782,1000.7921568751335,1000.8823529481888,2000.5372549295425,3000.2666666805744,3000.5803921818733,3000.6823529601097,3000.7686274647713,3001.0,141.75616912841798,149.58791809082032,154.60992431640625,158.66529235839843,162.4299087524414,166.190771484375,170.60089263916015,177.02979736328126,194.10630798339844,346.45703125,224.66356,0.0,test_data/Useful/Validation/rice-at-1-ft/20241108_084837_079.jpg,424.0,201.0,35.50980279635315
50,0.0,0.0,0.0,0.0,0.0,0.0,1.0,1.0,2.0,3.0,3.0,4.0,5.0,5.0,6.0,7.0,7.830000000000041,8.0,9.0,9.0,10.0,10.0,10.0,11.0,11.0,11.0,11.730000000000018,12.0,12.0,13.0,13.0,13.0,13.670000000000073,14.0,14.0,14.0,15.0,15.0,15.0,15.0,16.0,16.0,17.0,17.0,17.0,17.0,18.0,18.0,18.0,18.0,18.0,19.0,19.0,19.0,19.0,20.0,20.0,20.0,20.0,21.0,21.0,21.0,21.0,22.0,22.0,22.0,22.0,22.0,23.0,23.0,23.0,23.0,24.0,24.0,24.0,24.0,25.0,25.0,25.0,25.0,26.0,26.0,26.0,26.0,27.0,27.0,27.0,28.0,28.0,29.0,29.0,30.0,30.0,31.0,31.0,32.0,33.0,34.01999999999998,36.0,41.0,0.0,1000.486274510622,1000.6156862974167,1000.705882370472,1000.8274509906769,1000.9882352948189,2000.9137254953384,3000.43137255311,3000.584313750267,3000.6823529601097,3001.0,143.6877685546875,151.36610107421876,156.2052261352539,160.13043823242188,163.66767120361328,167.111865234375,171.02960815429688,176.54366455078124,191.93844604492188,346.17474365234375,223.69322,0.0,test_data/Useful/Validation/rice-at-1-ft/20241108_084919_017.jpg,385.0,208.0,32.1857630007713
51,0.0,0.0,0.0,0.0,0.0,0.0,0.0,1.0,2.0,2.0,3.0,4.0,4.0,5.0,5.0,6.0,7.0,8.0,8.0,9.0,9.0,10.0,10.0,11.0,11.0,11.0,12.0,12.0,12.0,12.0,13.0,13.0,13.0,14.0,14.0,15.0,15.0,15.0,15.0,15.0,16.0,16.0,16.0,16.0,17.0,17.0,17.0,18.0,18.0,18.0,18.0,19.0,19.0,19.0,19.0,19.0,20.0,20.0,20.0,21.0,21.0,21.0,21.0,22.0,22.0,22.0,22.0,23.0,23.0,23.0,23.0,24.0,24.0,24.0,24.0,25.0,25.0,25.0,25.0,26.0,26.0,26.0,27.0,27.0,27.0,27.0,28.0,28.0,28.0,29.0,29.0,30.0,30.0,31.0,31.0,32.0,33.0,34.0,36.0,41.0,0.0,1000.486274510622,1000.6156862974167,1000.7098039388657,1000.8274509906769,2000.06274510175,3000.019607843831,3000.4392156898975,3000.584313750267,3000.6823529601097,3001.0,143.27423095703125,151.17306823730468,156.11509399414064,160.0794677734375,163.6311492919922,167.1243896484375,171.06317138671875,176.6656494140625,192.05645751953125,346.17010498046875,223.46045,0.0,test_data/Useful/Validation/rice-at-1-ft/20241108_084919_018.jpg,399.0,210.0,26.603666720538794
52,0.0,0.0,0.0,0.0,0.0,0.0,0.0,0.9200000000000159,1.0,2.0,3.0,4.0,4.8700000000000045,5.0,6.0,6.0,7.0,7.0,8.0,8.0,9.0,10.0,10.0,10.0,10.0,11.0,11.0,11.0,12.0,12.0,12.0,12.0,13.0,13.0,13.0,13.0,14.0,14.0,14.0,15.0,15.0,15.0,16.0,16.0,16.0,16.0,16.529999999999973,17.0,17.0,17.0,17.0,18.0,18.0,18.0,18.0,19.0,19.0,19.0,19.0,20.0,20.0,20.0,20.0,21.0,21.0,21.0,21.0,22.0,22.0,22.0,23.0,23.0,23.0,23.0,24.0,24.0,24.0,24.220000000000027,25.0,25.0,25.0,26.0,26.0,26.0,27.0,27.0,27.0,28.0,28.0,29.0,29.0,30.0,30.0,30.0,31.0,32.0,32.029999999999745,34.0,35.0,40.0,0.0,1000.4901960790157,1000.6156862974167,1000.7098039388657,1000.8313725590706,2000.1176470592618,3000.086274512112,3000.4549019634724,3000.5882353186607,3000.6823529601097,3001.0,142.61504669189452,150.36753540039064,155.3249984741211,159.33084106445312,162.9296112060547,166.51904296875,170.56179809570312,176.35303649902343,192.0712127685547,346.1709899902344,223.75688,0.0,test_data/Useful/Validation/rice-at-1-ft/20241108_084919_019.jpg,429.0,213.0,25.74541911590412
53,0.0,0.0,0.0,0.0,0.0,1.0,2.0,2.0,4.0,4.0,5.0,6.0,6.0,7.0,7.0,8.0,8.0,9.0,10.0,10.0,10.0,11.0,11.0,11.0,12.0,12.0,12.0,13.0,13.0,13.0,13.0,14.0,14.0,14.0,15.0,15.0,15.0,16.0,16.0,16.0,16.0,17.0,17.0,17.0,17.0,18.0,18.0,18.0,18.0,19.0,19.0,19.0,19.0,20.0,20.0,20.0,20.0,20.0,21.0,21.0,21.0,21.0,22.0,22.0,22.0,22.0,23.0,23.0,23.0,23.0,23.0,24.0,24.0,24.0,24.0,25.0,25.0,25.0,25.0,26.0,26.0,26.0,26.0,27.0,27.0,27.0,28.0,28.0,28.0,29.0,29.0,30.0,30.0,31.0,32.0,32.0,34.0,35.0,36.0,42.0,0.0,1000.4980392158031,1000.6235294342041,1000.7215686440468,1000.8470588326454,2000.364705890417,3000.149019613862,3000.46274510026,3000.5921568870544,3000.6862745285034,3001.0,143.24718170166017,151.00408935546875,156.04417419433594,159.9595947265625,163.47154235839844,167.0052947998047,170.93386840820312,176.51626586914062,191.9908905029297,346.1590576171875,223.74695,0.0,test_data/Useful/Validation/rice-at-1-ft/20241108_084919_020.jpg,344.0,191.0,36.48352621852995
54,0.0,0.0,0.0,0.0,0.0,0.0,0.9300000000000068,1.0,2.0,3.0,4.0,4.0,5.0,6.0,6.0,7.0,8.0,8.0,9.0,9.0,10.0,10.0,10.0,10.0,11.0,11.0,11.0,12.0,12.0,12.0,13.0,13.0,13.0,13.0,13.0,14.0,14.0,14.0,15.0,15.0,15.0,16.0,16.0,16.0,16.0,17.0,17.0,17.0,18.0,18.0,18.0,18.0,19.0,19.0,19.0,19.0,19.0,20.0,20.0,20.0,21.0,21.0,21.0,21.0,21.0,22.0,22.0,22.0,23.0,23.0,23.0,23.0,24.0,24.0,24.0,24.0,25.0,25.0,25.0,26.0,26.0,26.0,26.0,27.0,27.0,27.0,28.0,28.0,28.0,29.0,29.0,30.0,30.0,31.0,31.0,32.0,33.0,34.0,35.0,40.0,0.0,1000.4980392158031,1000.6235294342041,1000.7254902124405,1000.8509804010391,2000.4274509847164,3000.1529411822557,3000.4666666686535,3000.5921568870544,3000.6862745285034,3001.0,142.98701019287108,150.81065063476564,155.76974029541014,159.73704223632814,163.26458740234375,166.8452117919922,170.81727600097656,176.61072998046876,192.12701416015625,346.1639709472656,223.96896,0.0,test_data/Useful/Validation/rice-at-1-ft/20241108_084919_021.jpg,392.0,205.0,24.73180130041628
55,0.0,0.0,0.0,0.0,0.0,0.0,1.0,2.0,3.0,4.0,4.0,5.0,5.0,6.0,7.0,7.840000000000032,8.0,9.0,9.0,10.0,10.0,10.0,10.0,11.0,11.0,11.0,12.0,12.0,12.0,12.0,13.0,13.0,14.0,14.0,14.0,14.0,15.0,15.0,15.0,16.0,16.0,16.0,16.0,17.0,17.0,17.0,17.0,18.0,18.0,18.0,18.0,19.0,19.0,19.0,19.0,20.0,20.0,20.0,20.0,21.0,21.0,21.0,21.0,21.0,22.0,22.0,22.0,23.0,23.0,23.0,23.0,24.0,24.0,24.0,24.0,25.0,25.0,25.0,26.0,26.0,26.0,26.0,27.0,27.0,27.0,28.0,28.0,28.0,29.0,29.0,29.0,30.0,30.0,31.0,31.0,32.0,33.0,34.0,36.0,39.0,0.0,1000.4980392158031,1000.6274510025978,1000.7294117808342,1000.8549019694328,2000.4980392158031,3000.1843137294054,3000.474509805441,3000.596078455448,3000.690196096897,3001.0,143.1347198486328,150.89324951171875,155.8563232421875,159.82057189941406,163.42699432373047,166.94436950683593,170.89562683105467,176.4376220703125,191.96829223632812,346.1612243652344,223.67929,0.0,test_data/Useful/Validation/rice-at-1-ft/20241108_084919_022.jpg,383.0,212.0,32.13382476529361
56,0.0,0.0,0.0,0.0,0.0,0.0,1.0,2.0,3.0,3.0,4.0,5.0,5.8700000000000045,6.0,7.0,7.0,8.0,8.0,8.810000000000002,9.0,10.0,10.0,10.0,11.0,11.0,11.0,11.0,12.0,12.0,12.0,13.0,13.0,14.0,14.0,14.0,14.0,15.0,15.0,15.0,16.0,16.0,16.0,16.0,17.0,17.0,17.0,17.0,17.0,18.0,18.0,18.0,18.0,18.0,19.0,19.0,19.0,20.0,20.0,20.0,20.0,21.0,21.0,21.0,21.0,22.0,22.0,22.0,23.0,23.0,23.0,23.0,23.0,24.0,24.0,24.0,25.0,25.0,25.0,25.0,26.0,26.0,26.0,27.0,27.0,27.0,28.0,28.0,28.0,29.0,29.0,30.0,30.0,31.0,31.0,32.0,33.0,34.0,35.0,36.0,41.0,0.0,1000.4980392158031,1000.6235294342041,1000.7294117808342,1000.8509804010391,2000.5058823823929,3000.188235297799,3000.474509805441,3000.600000023842,3000.690196096897,3001.0,143.18631286621093,151.03629150390626,156.01060485839844,159.936376953125,163.4561996459961,166.9312957763672,170.8480224609375,176.4321746826172,191.88478088378906,346.1571960449219,223.88824,0.0,test_data/Useful/Validation/rice-at-1-ft/20241108_084919_023.jpg,391.0,220.0,27.925668141219816
57,0.0,0.0,0.0,0.0,0.0,0.0,0.0,1.0,2.0,3.0,4.0,4.0,5.0,6.0,6.0,7.0,8.0,8.0,9.0,9.0,10.0,10.0,10.0,11.0,11.0,11.0,11.0,12.0,12.0,12.0,13.0,13.0,13.0,14.0,14.0,14.0,14.0,15.0,15.0,15.0,15.0,16.0,16.0,16.0,16.0,16.539999999999964,17.0,17.0,17.0,18.0,18.0,18.0,18.0,18.0,19.0,19.0,19.0,20.0,20.0,20.0,20.0,21.0,21.0,21.0,21.0,22.0,22.0,22.0,22.0,22.299999999999955,23.0,23.0,23.0,24.0,24.0,24.0,25.0,25.0,25.0,25.0,26.0,26.0,26.0,27.0,27.0,27.0,28.0,28.0,28.0,29.0,29.0,30.0,30.0,31.0,31.0,32.0,33.0,34.0,35.0,42.0,0.0,1000.4980392158031,1000.6235294342041,1000.7294117808342,1000.8509804010391,2000.5058823823929,3000.1803921610117,3000.470588237047,3000.596078455448,3000.690196096897,3001.0,142.96432495117188,150.62754821777344,155.5666046142578,159.57386169433593,163.1161117553711,166.6021484375,170.56123046875,176.1540985107422,191.8667449951172,346.1559753417969,223.65079,0.0,test_data/Useful/Validation/rice-at-1-ft/20241108_084919_024.jpg,414.0,224.0,30.77116962181918
58,0.0,0.0,0.0,0.0,0.0,0.0,1.0,2.0,3.0,4.0,5.0,5.0,6.0,6.0,7.0,7.0,8.0,8.0,9.0,10.0,10.0,10.0,11.0,11.0,11.0,11.740000000000009,12.0,12.0,12.0,13.0,13.0,13.0,13.0,14.0,14.0,14.0,14.0,15.0,15.0,15.0,16.0,16.0,16.0,16.0,17.0,17.0,17.0,17.0,18.0,18.0,18.0,18.0,19.0,19.0,19.0,19.0,20.0,20.0,20.0,20.0,21.0,21.0,21.0,21.0,22.0,22.0,22.0,22.0,23.0,23.0,23.0,23.0,23.0,24.0,24.0,24.0,24.0,25.0,25.0,25.0,25.0,26.0,26.0,26.0,27.0,27.0,27.0,28.0,28.0,29.0,29.0,29.0,30.0,31.0,31.0,32.0,33.0,34.0,36.0,41.0,0.0,1000.4980392158031,1000.6274510025978,1000.7294117808342,1000.8549019694328,2000.5411764979362,3000.188235297799,3000.470588237047,3000.596078455448,3000.694117665291,3001.0,143.59510803222656,151.35226440429688,156.38059997558594,160.28103637695312,163.8482666015625,167.30711364746094,171.13372802734375,176.56068420410156,191.98973083496094,346.1465759277344,223.4926,0.0,test_data/Useful/Validation/rice-at-1-ft/20241108_084919_025.jpg,378.0,197.0,33.135034713649674
59,0.0,0.0,0.0,0.0,0.0,0.0,1.0,2.0,3.0,3.0,4.0,5.0,5.0,6.0,7.0,7.0,8.0,8.0,9.0,10.0,10.0,10.0,11.0,11.0,11.0,12.0,12.0,12.0,12.0,13.0,13.0,13.0,14.0,14.0,14.0,14.0,15.0,15.0,15.0,15.0,16.0,16.0,16.0,16.0,17.0,17.0,17.0,17.0,18.0,18.0,18.0,18.0,19.0,19.0,19.0,19.0,20.0,20.0,20.0,21.0,21.0,21.0,21.0,22.0,22.0,22.0,22.0,23.0,23.0,23.0,23.0,24.0,24.0,24.0,24.0,25.0,25.0,25.0,26.0,26.0,26.0,26.0,27.0,27.0,27.0,28.0,28.0,29.0,29.0,29.0,30.0,30.0,31.0,31.0,32.0,32.0,33.0,34.0,36.0,41.0,0.0,1000.4980392158031,1000.6274510025978,1000.7372549176216,1000.8588235378265,2000.6039215922356,3000.2078431397676,3000.4784313738346,3000.600000023842,3000.6980392336845,3001.0,143.70957946777344,151.5664520263672,156.50584259033204,160.4104461669922,163.94898986816406,167.375,171.17718505859375,176.57650756835938,192.03729248046875,346.150146484375,223.71889,0.0,test_data/Useful/Validation/rice-at-1-ft/20241108_084919_026.jpg,411.0,215.0,24.23355864741118
60,0.0,0.0,0.0,0.0,0.0,0.0,0.0,1.0,2.0,3.0,4.0,5.0,6.0,7.0,7.0,8.0,8.0,9.0,9.0,10.0,10.0,10.0,11.0,11.0,11.0,12.0,12.0,12.0,12.0,13.0,13.0,13.0,14.0,14.0,14.0,15.0,15.0,15.0,15.0,16.0,16.0,16.0,17.0,17.0,17.0,17.0,18.0,18.0,18.0,18.0,19.0,19.0,19.0,19.0,20.0,20.0,20.0,20.0,20.0,21.0,21.0,21.0,21.0,22.0,22.0,22.0,22.0,23.0,23.0,23.0,23.0,24.0,24.0,24.0,24.0,25.0,25.0,25.0,25.0,26.0,26.0,26.0,26.0,27.0,27.0,27.0,28.0,28.0,28.0,29.0,29.0,30.0,30.0,31.0,31.0,32.0,33.0,34.0,35.00999999999976,41.0,0.0,1000.5058823823929,1000.6352941393852,1000.7490196228027,1000.8705882430077,2000.6862745285034,3000.2509804069996,3000.4941176474094,3000.6078431606293,3000.7019608020782,3001.0,143.86679077148438,151.4722137451172,156.45748901367188,160.42100524902344,163.9669189453125,167.48216247558594,171.38290405273438,176.75201416015625,192.1317138671875,346.1545104980469,223.94766,0.0,test_data/Useful/Validation/rice-at-1-ft/20241108_084919_027.jpg,398.0,205.0,29.56015503522065
61,0.0,0.0,0.0,0.0,0.0,1.0,1.0,2.0,3.0,4.0,5.0,5.8799999999999955,6.0,7.0,8.0,8.0,9.0,9.0,10.0,10.0,10.789999999999964,11.0,11.0,12.0,12.0,12.0,13.0,13.0,13.0,13.0,14.0,14.0,14.0,15.0,15.0,15.0,15.0,16.0,16.0,16.0,16.0,17.0,17.0,17.0,18.0,18.0,18.0,18.0,18.0,19.0,19.0,19.0,19.0,20.0,20.0,20.0,21.0,21.0,21.0,21.0,21.389999999999873,22.0,22.0,22.0,23.0,23.0,23.0,23.0,24.0,24.0,24.0,24.0,25.0,25.0,25.0,25.0,25.0,26.0,26.0,26.0,27.0,27.0,27.0,28.0,28.0,28.0,29.0,29.0,29.0,30.0,30.0,31.0,31.0,32.0,32.0,33.0,33.0,34.0,36.0,42.0,0.0,1000.5058823823929,1000.6392157077789,1000.7490196228027,1000.8745098114014,2000.7215686440468,3000.2666666805744,3000.498039215803,3000.611764729023,3000.7019608020782,3001.0,143.84687347412108,151.5135040283203,156.50338134765624,160.4716339111328,163.9558868408203,167.48128356933594,171.3671157836914,176.92823181152343,192.3026885986328,346.16082763671875,223.91173,0.0,test_data/Useful/Validation/rice-at-1-ft/20241108_084919_028.jpg,387.0,210.0,34.08975252543623
62,0.0,0.0,0.0,0.0,0.0,1.0,2.0,3.0,4.0,4.0,5.0,6.0,7.0,7.0,8.0,8.0,9.0,9.0,10.0,10.0,11.0,11.0,11.0,11.0,12.0,12.0,12.0,13.0,13.0,13.0,13.0,14.0,14.0,14.0,15.0,15.0,15.0,16.0,16.0,16.0,16.0,17.0,17.0,17.0,18.0,18.0,18.0,18.0,19.0,19.0,19.0,19.0,19.0,20.0,20.0,20.0,20.0,20.0,21.0,21.0,21.0,21.0,21.0,22.0,22.0,22.0,22.0,23.0,23.0,23.0,23.0,24.0,24.0,24.0,24.0,25.0,25.0,25.0,25.0,26.0,26.0,26.0,27.0,27.0,27.0,27.0,28.0,28.0,28.0,29.0,29.0,30.0,30.0,31.0,31.0,32.0,33.0,34.0,36.0,43.0,0.0,1000.517647087574,1000.65098041296,1000.7686274647713,1000.905882358551,2000.8039215803146,3000.313725501299,3000.517647087574,3000.6196078658104,3000.7098039388657,3001.0,143.90879821777344,151.70640563964844,156.7006378173828,160.62843322753906,164.229248046875,167.67870483398437,171.51071472167968,176.938818359375,192.38981933593752,346.1501770019531,224.02762,0.0,test_data/Useful/Validation/rice-at-1-ft/20241108_084919_029.jpg,390.0,215.0,32.87313283170322
63,0.0,0.0,0.0,0.0,0.0,1.0,1.0,2.0,3.0,4.0,5.0,6.0,6.0,7.0,7.0,8.0,9.0,9.0,10.0,10.0,10.0,11.0,11.0,11.0,12.0,12.0,12.0,13.0,13.0,13.0,14.0,14.0,14.0,14.0,15.0,15.0,15.0,15.0,16.0,16.0,16.0,16.0,17.0,17.0,17.0,17.0,18.0,18.0,18.0,18.0,19.0,19.0,19.0,19.0,20.0,20.0,20.0,20.0,21.0,21.0,21.0,22.0,22.0,22.0,22.0,22.0,23.0,23.0,23.0,24.0,24.0,24.0,24.0,25.0,25.0,25.0,25.0,26.0,26.0,26.0,26.0,27.0,27.0,27.0,27.0,28.0,28.0,29.0,29.0,29.0,30.0,30.0,31.0,31.0,32.0,32.0,33.0,34.0,36.0,40.0,0.0,1000.5215686559677,1000.6549019813538,1000.7764706015587,1000.9176470637321,2000.8235294222832,3000.3294117748737,3000.5215686559677,3000.6196078658104,3000.7098039388657,3001.0,144.18218994140625,151.852783203125,156.9046173095703,160.8125457763672,164.30005645751953,167.80203247070312,171.64154357910155,177.10326232910157,192.22413635253906,346.1395568847656,223.90353,0.0,test_data/Useful/Validation/rice-at-1-ft/20241108_084919_030.jpg,385.0,201.0,36.192490363892475
64,0.0,0.0,0.0,0.0,0.0,1.0,1.9300000000000068,2.0,3.0,4.0,5.0,5.0,6.0,7.0,8.0,8.0,9.0,10.0,10.0,10.0,11.0,11.0,11.0,12.0,12.0,12.0,13.0,13.0,13.0,14.0,14.0,14.0,14.670000000000073,15.0,15.0,15.0,16.0,16.0,16.0,16.0,16.589999999999918,17.0,17.0,17.0,17.0,18.0,18.0,18.0,18.0,19.0,19.0,19.0,19.0,19.460000000000036,20.0,20.0,20.0,20.0,21.0,21.0,21.0,21.37999999999988,22.0,22.0,22.0,22.0,23.0,23.0,23.0,23.0,24.0,24.0,24.0,24.0,25.0,25.0,25.0,25.0,26.0,26.0,26.0,26.0,27.0,27.0,27.0,28.0,28.0,28.0,29.0,29.0,29.0,30.0,30.0,31.0,32.0,32.0,33.0,34.0,36.0,41.0,0.0,1000.5294117927551,1000.6627451181412,1000.7882353067398,1000.972549021244,2000.866666674614,3000.352941185236,3000.529411792755,3000.627451002598,3000.7137255072594,3001.0,144.3815719604492,152.06028747558594,156.92471313476562,160.85720825195312,164.3427734375,167.8025665283203,171.62230224609374,177.18026733398438,192.35238647460938,346.1471252441406,223.82744,0.0,test_data/Useful/Validation/rice-at-1-ft/20241108_084919_031.jpg,412.0,224.0,27.422926691167394
65,0.0,0.0,0.0,0.0,0.0,1.0,2.0,3.0,4.0,4.0,5.0,6.0,7.0,8.0,8.0,9.0,9.0,10.0,10.0,11.0,11.0,11.0,12.0,12.0,12.0,13.0,13.0,13.0,13.0,14.0,14.0,14.0,14.0,15.0,15.0,15.0,16.0,16.0,16.0,16.0,17.0,17.0,17.0,18.0,18.0,18.0,18.0,18.0,19.0,19.0,19.0,19.0,20.0,20.0,20.0,21.0,21.0,21.0,21.0,21.0,22.0,22.0,22.0,22.0,23.0,23.0,23.0,23.0,24.0,24.0,24.0,24.0,24.269999999999982,25.0,25.0,25.0,25.0,26.0,26.0,26.0,27.0,27.0,27.0,28.0,28.0,28.0,29.0,29.0,29.0,30.0,30.0,31.0,31.0,32.0,32.0,33.0,34.0,35.0,36.0,41.0,0.0,1000.5333333611488,1000.6705882549286,1000.8000000119209,2000.313725501299,3000.058823529631,3000.376470595598,3000.5372549295425,3000.6313725709915,3000.717647075653,3001.0,145.01242218017578,152.69266357421876,157.65582733154298,161.59548950195312,165.0790557861328,168.51079711914062,172.36797027587892,177.76974487304688,192.64297485351562,346.133056640625,223.95586,0.0,test_data/Useful/Validation/rice-at-1-ft/20241108_084919_032.jpg,376.0,190.0,28.8084129474271
66,0.0,0.0,0.0,0.0,0.0,1.0,2.0,2.920000000000016,3.0,4.0,5.0,5.0,6.0,7.0,8.0,8.0,9.0,9.0,10.0,10.0,11.0,11.0,11.0,12.0,12.0,12.0,13.0,13.0,13.0,14.0,14.0,14.0,15.0,15.0,15.0,15.0,16.0,16.0,16.0,17.0,17.0,17.0,17.0,18.0,18.0,18.0,18.0,19.0,19.0,19.0,19.0,20.0,20.0,20.0,20.450000000000045,21.0,21.0,21.0,21.0,22.0,22.0,22.0,22.0,23.0,23.0,23.0,23.0,23.0,24.0,24.0,24.0,24.0,24.269999999999982,25.0,25.0,25.0,26.0,26.0,26.0,27.0,27.0,27.0,28.0,28.0,28.0,28.0,29.0,29.0,29.0,30.0,30.0,31.0,31.0,32.0,32.04999999999973,33.0,34.0,35.0,37.0,45.0,0.0,1000.5333333611488,1000.6705882549286,1000.8039215803146,2000.3882353007793,3000.074509806931,3000.380392163992,3000.5411764979362,3000.6313725709915,3000.717647075653,3001.0,144.75391845703126,152.46551513671875,157.37408447265625,161.2993408203125,164.83619689941406,168.38670959472657,172.19493255615234,177.63232421875,192.83377075195312,346.1312255859375,223.93057,0.0,test_data/Useful/Validation/rice-at-1-ft/20241108_084919_033.jpg,404.0,220.0,29.451426905214078
67,0.0,0.0,0.0,0.0,0.0,1.0,1.0,2.0,3.0,4.0,5.0,6.0,7.0,7.0,8.0,8.0,9.0,9.0,10.0,10.0,11.0,11.0,11.0,12.0,12.0,12.0,13.0,13.0,13.0,14.0,14.0,14.0,14.0,15.0,15.0,15.0,16.0,16.0,16.0,16.0,17.0,17.0,17.0,17.0,18.0,18.0,18.0,19.0,19.0,19.0,19.0,19.480000000000018,20.0,20.0,20.0,20.0,21.0,21.0,21.0,21.0,22.0,22.0,22.0,22.0,23.0,23.0,23.0,23.0,24.0,24.0,24.0,24.0,25.0,25.0,25.0,25.0,26.0,26.0,26.0,27.0,27.0,27.0,28.0,28.0,28.0,29.0,29.0,29.0,30.0,30.0,31.0,31.0,31.0,32.0,32.0,33.0,34.0,35.0,36.0,44.0,0.0,1000.5333333611488,1000.678431391716,1000.8078431487083,2000.4705882370472,3000.0941176488996,3000.3843137323856,3000.5411764979362,3000.6313725709915,3000.717647075653,3001.0,144.93897094726563,152.7315460205078,157.65396270751953,161.49106140136718,165.03202056884766,168.47471618652344,172.26302490234374,177.65466918945313,192.8089599609375,346.12042236328125,223.92334,0.0,test_data/Useful/Validation/rice-at-1-ft/20241108_084919_034.jpg,390.0,193.0,30.817391640381263
68,0.0,0.0,0.0,0.0,1.0,2.0,3.0,4.0,5.0,6.0,7.0,7.0,8.0,9.0,9.0,10.0,10.0,11.0,11.0,11.0,12.0,12.0,12.0,13.0,13.0,13.0,14.0,14.0,15.0,15.0,15.0,15.0,15.0,16.0,16.0,16.0,16.0,17.0,17.0,17.0,17.0,18.0,18.0,18.0,18.0,19.0,19.0,19.0,20.0,20.0,20.0,20.0,20.0,21.0,21.0,21.0,21.0,22.0,22.0,22.0,22.0,23.0,23.0,23.0,23.0,23.340000000000146,24.0,24.0,24.0,24.0,25.0,25.0,25.0,25.25999999999999,26.0,26.0,26.0,27.0,27.0,27.0,27.0,28.0,28.0,28.0,28.0,29.0,29.0,30.0,30.0,30.0,31.0,31.0,32.0,32.0,33.0,33.039999999999964,34.0,35.0,37.0,44.0,0.0,1000.5372549295425,1000.678431391716,1000.811764717102,2000.5019608139992,3000.1098039224744,3000.392156869173,3000.5411764979362,3000.6313725709915,3000.721568644047,3001.0,144.84133605957032,152.60691833496094,157.55792236328125,161.41390380859374,164.9527130126953,168.36322021484375,172.17994689941406,177.56146240234375,192.84957885742188,346.1108703613281,224.32588,0.0,test_data/Useful/Validation/rice-at-1-ft/20241108_084919_035.jpg,373.0,205.0,28.28723906110257
69,0.0,0.0,0.0,0.0,1.0,2.0,3.0,4.0,5.0,6.0,7.0,7.0,8.0,9.0,10.0,10.0,10.0,11.0,11.0,11.0,12.0,12.0,12.0,13.0,13.0,14.0,14.0,14.0,14.0,15.0,15.0,15.0,15.0,16.0,16.0,16.0,17.0,17.0,17.0,17.0,18.0,18.0,18.0,18.0,19.0,19.0,19.0,19.0,20.0,20.0,20.0,21.0,21.0,21.0,21.0,21.0,22.0,22.0,22.0,22.0,23.0,23.0,23.0,23.0,23.0,24.0,24.0,24.0,24.0,24.0,25.0,25.0,25.0,25.0,26.0,26.0,26.0,26.0,27.0,27.0,27.0,28.0,28.0,28.0,28.0,29.0,29.0,29.0,30.0,30.0,30.0,31.0,31.0,32.0,32.0,33.0,34.0,35.0,37.0,44.0,23.0,1000.54509806633,1000.6862745285034,1000.8196078538895,2000.6078431606293,3000.160784319043,3000.4117647111416,3000.54509806633,3000.635294139385,3000.721568644047,3001.0,145.05276489257812,152.87669372558594,157.8671417236328,161.7666473388672,165.2401123046875,168.707275390625,172.5358673095703,177.86277465820314,192.79812622070312,346.0998229980469,224.13985,0.0,test_data/Useful/Validation/rice-at-1-ft/20241108_084919_036.jpg,364.0,198.0,28.471220621025942
70,0.0,0.0,0.0,0.0,0.0,1.0,1.0,3.0,3.0,4.0,4.0,5.0,6.0,6.0,7.0,7.0,8.0,8.0,9.0,9.0,10.0,10.0,10.0,11.0,11.0,11.0,12.0,12.0,12.0,12.699999999999932,13.0,13.0,13.0,14.0,14.0,14.0,14.0,15.0,15.0,15.0,15.589999999999918,16.0,16.0,16.0,17.0,17.0,17.0,17.0,18.0,18.0,18.0,18.0,19.0,19.0,19.0,19.0,20.0,20.0,20.0,20.0,21.0,21.0,21.0,21.0,22.0,22.0,22.0,22.0,23.0,23.0,23.0,23.0,23.0,24.0,24.0,24.0,25.0,25.0,25.0,25.0,26.0,26.0,26.0,27.0,27.0,27.0,28.0,28.0,28.0,29.0,29.0,30.0,30.0,31.0,31.0,32.0,33.0,34.0,35.0,44.0,0.0,1000.486274510622,1000.611764729023,1000.6941176652908,1000.772549033165,1000.8862745165825,2000.811764717102,3000.4117647111416,3000.600000023842,3000.7137255072594,3001.0,141.59974670410156,149.3964599609375,154.43599548339844,158.47919311523438,162.18680572509766,165.825927734375,169.99685668945312,175.89300537109375,191.59439086914062,346.2488098144531,223.9045,0.0,test_data/Useful/Validation/rice-at-1-ft/20241108_084919_077.jpg,363.0,200.0,28.717038049163445
71,0.0,0.0,0.0,0.0,1.0,2.0,3.0,3.0,4.0,4.0,5.0,6.0,7.0,7.0,8.0,8.0,9.0,9.0,9.0,10.0,10.0,10.0,11.0,11.0,11.0,12.0,12.0,12.0,13.0,13.0,13.0,13.0,14.0,14.0,14.0,14.0,15.0,15.0,15.0,15.0,16.0,16.0,16.0,16.0,17.0,17.0,17.0,17.0,18.0,18.0,18.0,18.0,19.0,19.0,19.0,19.0,20.0,20.0,20.0,20.0,20.0,21.0,21.0,21.0,21.0,22.0,22.0,22.0,23.0,23.0,23.0,23.0,24.0,24.0,24.0,24.0,25.0,25.0,25.0,26.0,26.0,26.0,26.0,27.0,27.0,27.0,28.0,28.0,29.0,29.0,29.0,30.0,30.0,31.0,31.0,32.0,33.0,34.0,35.00999999999976,41.0,0.0,1000.486274510622,1000.611764729023,1000.6941176652908,1000.772549033165,1000.8823529481888,2000.800000011921,3000.4000000059605,3000.600000023842,3000.7137255072594,3001.0,141.76205444335938,149.46480407714844,154.54124298095704,158.5796875,162.23092651367188,165.88787231445312,170.06649780273438,175.973388671875,191.7847900390625,346.257080078125,223.53195,0.0,test_data/Useful/Validation/rice-at-1-ft/20241108_084919_078.jpg,359.0,209.0,30.44367758818796
72,0.0,0.0,0.0,0.0,0.0,1.0,2.0,3.0,4.0,4.0,5.0,6.0,6.0,7.0,7.849999999999966,8.0,9.0,9.0,9.0,10.0,10.0,10.0,11.0,11.0,11.0,12.0,12.0,12.0,12.0,13.0,13.0,13.0,14.0,14.0,14.0,14.0,14.0,15.0,15.0,15.0,15.0,16.0,16.0,16.0,16.0,17.0,17.0,17.0,17.0,18.0,18.0,18.0,18.0,19.0,19.0,19.0,19.0,20.0,20.0,20.0,21.0,21.0,21.0,21.0,22.0,22.0,22.0,22.0,22.309999999999945,23.0,23.0,23.0,24.0,24.0,24.0,24.0,25.0,25.0,25.0,25.0,26.0,26.0,26.0,27.0,27.0,27.0,28.0,28.0,28.0,29.0,29.0,29.0,30.0,31.0,31.0,32.0,32.0,33.0,35.0,41.0,0.0,1000.4823529422283,1000.611764729023,1000.6901960968971,1000.7686274647713,1000.8705882430077,2000.772549033165,3000.3843137323856,3000.596078455448,3000.7098039388657,3001.0,141.9341018676758,149.6592559814453,154.68965759277344,158.77273864746095,162.4431381225586,166.1063232421875,170.23858032226562,176.14053344726562,191.70492553710938,346.2566833496094,223.7838,0.0,test_data/Useful/Validation/rice-at-1-ft/20241108_084919_079.jpg,381.0,213.0,30.80986140442318
73,0.0,0.0,0.0,0.0,0.0,0.0,1.0,1.0,2.0,3.0,4.0,5.0,5.0,6.0,6.0,7.0,7.0,8.0,8.810000000000002,9.0,9.0,10.0,10.0,10.759999999999991,11.0,11.0,11.0,11.720000000000027,12.0,12.0,13.0,13.0,13.0,13.0,14.0,14.0,14.0,14.0,15.0,15.0,15.0,15.0,16.0,16.0,16.0,16.0,17.0,17.0,17.0,17.0,18.0,18.0,18.0,18.0,18.0,19.0,19.0,19.0,19.0,20.0,20.0,20.0,21.0,21.0,21.0,21.0,22.0,22.0,22.0,23.0,23.0,23.0,23.0,24.0,24.0,24.0,24.0,24.0,25.0,25.0,25.0,26.0,26.0,26.0,27.0,27.0,27.0,28.0,28.0,28.0,29.0,29.0,30.0,30.0,31.0,31.039999999999964,32.0,33.0,35.0,41.0,0.0,1000.4823529422283,1000.611764729023,1000.6901960968971,1000.7686274647713,1000.8705882430077,2000.7568627595901,3000.380392163992,3000.596078455448,3000.7098039388657,3001.0,142.79803466796875,150.47386169433594,155.4907684326172,159.55250549316406,163.2072296142578,166.77920532226562,170.8071075439453,176.46510009765626,191.8898162841797,346.2445373535156,223.6337,0.0,test_data/Useful/Validation/rice-at-1-ft/20241108_084919_080.jpg,385.0,207.0,28.36098225657736
74,0.0,0.0,0.0,0.0,0.0,0.0,1.0,1.0,2.0,3.0,4.0,4.0,5.0,6.0,7.0,7.0,7.0,8.0,9.0,9.0,10.0,10.0,10.0,11.0,11.0,11.0,11.0,12.0,12.0,12.0,12.0,13.0,13.0,13.0,13.0,14.0,14.0,14.0,15.0,15.0,15.0,15.0,16.0,16.0,16.0,16.0,17.0,17.0,17.0,17.0,18.0,18.0,18.0,18.0,19.0,19.0,19.0,19.0,20.0,20.0,20.0,20.0,21.0,21.0,21.0,22.0,22.0,22.0,22.0,23.0,23.0,23.0,24.0,24.0,24.0,24.0,25.0,25.0,25.0,25.0,26.0,26.0,26.0,26.0,27.0,27.0,27.0,28.0,28.0,28.0,29.0,30.0,30.0,31.0,31.0,32.0,32.029999999999745,34.0,35.0,43.0,0.0,1000.486274510622,1000.611764729023,1000.6901960968971,1000.7686274647713,1000.8784313797951,2000.7529411911964,3000.376470595598,3000.5921568870544,3000.7098039388657,3001.0,142.9977828979492,150.79446105957032,155.79275970458986,159.74378967285156,163.32887268066406,166.8791046142578,170.8588409423828,176.59207153320312,191.97767639160156,346.2507629394531,223.64442,0.0,test_data/Useful/Validation/rice-at-1-ft/20241108_084919_081.jpg,386.0,209.0,30.372220037455502
75,0.0,0.0,0.0,0.0,0.0,0.0,1.0,1.0,2.0,3.0,3.0,4.0,5.0,5.0,6.0,7.0,7.0,8.0,8.0,9.0,9.0,10.0,10.0,10.0,10.0,11.0,11.0,11.0,12.0,12.0,12.0,12.0,13.0,13.0,13.0,14.0,14.0,14.0,14.0,15.0,15.0,15.0,15.0,16.0,16.0,16.0,16.0,17.0,17.0,17.0,17.0,18.0,18.0,18.0,18.0,19.0,19.0,19.0,19.0,20.0,20.0,20.0,20.0,21.0,21.0,21.0,21.0,22.0,22.0,22.0,22.0,22.279999999999973,23.0,23.0,23.0,24.0,24.0,24.0,25.0,25.0,25.0,26.0,26.0,26.0,27.0,27.0,28.0,28.0,28.0,29.0,29.0,30.0,30.0,31.0,32.0,32.0,33.0,34.0,35.00999999999976,42.0,0.0,1000.486274510622,1000.611764729023,1000.6901960968971,1000.772549033165,1000.8862745165825,2000.772549033165,3000.3882353007793,3000.596078455448,3000.7098039388657,3001.0,143.97925262451173,151.4963836669922,156.54151916503906,160.4496612548828,163.98471069335938,167.5316162109375,171.4817855834961,177.0810546875,191.84756469726562,346.2488098144531,223.52567,0.0,test_data/Useful/Validation/rice-at-1-ft/20241108_084919_082.jpg,404.0,207.0,35.33993332387809
76,0.0,0.0,0.0,0.0,0.0,0.0,1.0,1.0,2.9099999999999966,3.0,4.0,5.0,6.0,6.0,7.0,7.0,8.0,9.0,9.0,10.0,10.0,10.0,10.0,11.0,11.0,11.0,11.0,12.0,12.0,12.0,13.0,13.0,13.0,14.0,14.0,14.0,14.0,15.0,15.0,15.0,16.0,16.0,16.0,16.0,17.0,17.0,17.0,18.0,18.0,18.0,18.0,18.0,19.0,19.0,19.0,19.0,20.0,20.0,20.0,20.0,21.0,21.0,21.0,21.0,22.0,22.0,22.0,23.0,23.0,23.0,23.0,23.0,24.0,24.0,24.0,25.0,25.0,25.0,25.0,26.0,26.0,26.0,26.0,27.0,27.0,27.0,28.0,28.0,28.0,29.0,29.0,29.0,30.0,30.0,31.0,32.0,33.0,34.0,35.0,41.0,0.0,1000.4901960790157,1000.6156862974167,1000.6941176652908,1000.7803921699524,1000.8941176533699,2000.784313738346,3000.407843142748,3000.6039215922356,3000.7137255072594,3001.0,142.52195739746094,150.22000122070312,155.3155044555664,159.39625549316406,163.03199768066406,166.6837158203125,170.7423095703125,176.642578125,192.18084716796875,346.2695617675781,223.68689,0.0,test_data/Useful/Validation/rice-at-1-ft/20241108_084919_083.jpg,379.0,219.0,26.145340947737594
77,0.0,0.0,0.0,0.0,0.0,0.0,1.0,2.0,3.0,3.0,4.0,5.0,5.0,6.0,7.0,7.0,8.0,8.0,9.0,10.0,10.0,10.0,11.0,11.0,11.0,11.0,12.0,12.0,12.0,12.0,13.0,13.0,13.0,13.0,14.0,14.0,14.0,15.0,15.0,15.0,15.0,16.0,16.0,16.0,16.0,17.0,17.0,17.0,17.0,18.0,18.0,18.0,19.0,19.0,19.0,19.0,20.0,20.0,20.0,20.0,21.0,21.0,21.0,21.0,21.0,22.0,22.0,22.0,22.0,23.0,23.0,23.0,23.0,24.0,24.0,24.0,25.0,25.0,25.0,25.0,26.0,26.0,26.0,27.0,27.0,27.0,28.0,28.0,28.0,29.0,29.0,30.0,30.0,31.0,31.0,32.0,33.0,34.0,35.00999999999976,42.0,0.0,1000.4941176474094,1000.6196078658104,1000.6980392336845,1000.7843137383461,1000.8980392217636,2000.7921568751335,3000.4117647111416,3000.6039215922356,3000.7137255072594,3001.0,143.00253295898438,150.71759033203125,155.74273681640625,159.6920928955078,163.30490112304688,166.88699340820312,170.8910690307617,176.75306091308593,192.11767578125,346.2776184082031,223.77325,0.0,test_data/Useful/Validation/rice-at-1-ft/20241108_084919_084.jpg,387.0,213.0,33.23573976347997
78,0.0,0.0,0.0,0.0,0.0,0.0,1.0,1.0,2.0,3.0,4.0,4.0,5.0,6.0,6.0,7.0,7.0,8.0,9.0,9.0,10.0,10.0,10.0,10.0,10.0,11.0,11.0,11.720000000000027,12.0,12.0,13.0,13.0,13.0,13.0,14.0,14.0,14.0,14.0,15.0,15.0,15.0,16.0,16.0,16.0,16.0,17.0,17.0,17.0,17.0,18.0,18.0,18.0,18.0,19.0,19.0,19.0,19.0,20.0,20.0,20.0,21.0,21.0,21.0,21.0,22.0,22.0,22.0,22.0,23.0,23.0,23.0,23.0,24.0,24.0,24.0,24.0,25.0,25.0,25.0,25.0,26.0,26.0,26.0,27.0,27.0,27.0,28.0,28.0,28.0,29.0,29.0,30.0,30.0,31.0,31.0,32.0,33.0,34.0,35.0,41.0,0.0,1000.4980392158031,1000.6196078658104,1000.6980392336845,1000.7882353067398,1000.9137254953384,2000.7960784435272,3000.4156862795353,3000.6078431606293,3000.7137255072594,3001.0,142.89374847412108,150.56290588378906,155.619580078125,159.6703887939453,163.27252197265625,166.9302978515625,171.00816345214844,176.76443481445312,191.97413330078126,346.28857421875,223.74823,0.0,test_data/Useful/Validation/rice-at-1-ft/20241108_084919_085.jpg,396.0,225.0,30.644205330366614
79,0.0,0.0,0.0,0.0,0.0,0.0,1.0,2.0,2.0,3.0,3.0,4.0,5.0,5.0,6.0,7.0,7.0,8.0,8.0,9.0,9.0,10.0,10.0,10.0,11.0,11.0,11.0,11.0,12.0,12.0,12.0,13.0,13.0,13.0,13.0,14.0,14.0,14.0,15.0,15.0,15.0,15.0,16.0,16.0,16.0,17.0,17.0,17.0,17.0,18.0,18.0,18.0,18.0,19.0,19.0,19.0,20.0,20.0,20.0,20.0,21.0,21.0,21.0,21.0,22.0,22.0,22.0,22.0,23.0,23.0,23.0,23.0,24.0,24.0,24.0,24.0,25.0,25.0,25.0,25.0,26.0,26.0,26.0,27.0,27.0,27.0,28.0,28.0,28.0,29.0,29.0,30.0,30.0,31.0,31.0,32.0,33.0,34.0,36.0,43.0,0.0,1000.5019608139992,1000.6235294342041,1000.7019608020782,1000.7921568751335,1000.9176470637321,2000.7960784435272,3000.4235294163227,3000.611764729023,3000.7137255072594,3001.0,142.351171875,150.1078643798828,155.20706176757812,159.2236785888672,162.8673095703125,166.48541259765625,170.69305419921875,176.6300811767578,192.06900939941406,346.2972717285156,224.07013,0.0,test_data/Useful/Validation/rice-at-1-ft/20241108_084919_086.jpg,403.0,222.0,28.736932425217127
80,0.0,0.0,0.0,0.0,0.0,0.0,0.0,1.0,2.0,3.0,4.0,4.0,5.0,6.0,7.0,7.0,7.0,8.0,8.0,9.0,9.0,10.0,10.0,10.0,11.0,11.0,11.0,12.0,12.0,12.0,13.0,13.0,13.0,13.0,14.0,14.0,14.0,14.0,15.0,15.0,15.0,16.0,16.0,16.0,16.0,17.0,17.0,17.0,17.0,18.0,18.0,18.0,18.0,19.0,19.0,19.0,19.0,20.0,20.0,20.0,21.0,21.0,21.0,21.0,21.0,22.0,22.0,22.0,22.0,23.0,23.0,23.0,24.0,24.0,24.0,24.0,25.0,25.0,25.0,25.0,26.0,26.0,26.0,27.0,27.0,27.0,27.0,28.0,28.0,29.0,29.0,30.0,30.0,30.059999999999945,31.0,32.0,33.0,34.0,36.0,42.0,0.0,1000.5019608139992,1000.6235294342041,1000.7019608020782,1000.7882353067398,1000.9176470637321,2000.772549033165,3000.403921574354,3000.6078431606293,3000.7137255072594,3001.0,143.30931243896484,151.0976104736328,156.07427978515625,160.1029815673828,163.66473388671875,167.16632080078125,171.07064056396484,176.61235961914062,191.88101196289062,346.30389404296875,223.1884,0.0,test_data/Useful/Validation/rice-at-1-ft/20241108_084919_087.jpg,429.0,242.0,29.578422948458403
81,0.0,0.0,0.0,0.0,0.0,0.0,1.0,2.0,3.0,4.0,4.0,5.0,6.0,6.0,7.0,8.0,8.0,9.0,9.0,10.0,10.0,10.0,11.0,11.0,11.0,12.0,12.0,12.0,12.0,13.0,13.0,13.0,14.0,14.0,14.0,14.0,15.0,15.0,15.0,15.0,16.0,16.0,16.0,16.0,17.0,17.0,17.0,17.0,18.0,18.0,18.0,18.0,19.0,19.0,19.0,19.0,20.0,20.0,20.0,21.0,21.0,21.0,21.0,21.0,22.0,22.0,22.0,22.0,23.0,23.0,23.0,23.0,24.0,24.0,24.0,24.0,25.0,25.0,25.0,25.0,26.0,26.0,26.0,27.0,27.0,27.0,28.0,28.0,28.0,29.0,29.0,30.0,30.0,31.0,31.0,32.0,33.0,34.0,35.0,41.0,0.0,1000.5019608139992,1000.6235294342041,1000.6980392336845,1000.7843137383461,1000.9019607901573,2000.7411764860153,3000.3882353007793,3000.600000023842,3000.7098039388657,3001.0,142.9417526245117,150.8202911376953,155.8315002441406,159.8059326171875,163.43521118164062,167.00405578613282,171.01869201660156,176.75125122070312,191.9940185546875,346.31964111328125,223.79117,0.0,test_data/Useful/Validation/rice-at-1-ft/20241108_084919_088.jpg,424.0,239.0,26.893035533845048
82,0.0,0.0,0.0,0.0,0.0,1.0,1.0,2.0,3.0,4.0,5.0,5.0,6.0,7.0,7.0,8.0,8.0,9.0,10.0,10.0,10.0,10.0,11.0,11.0,11.0,12.0,12.0,12.0,13.0,13.0,13.0,14.0,14.0,14.0,14.0,15.0,15.0,15.0,15.0,16.0,16.0,16.0,17.0,17.0,17.0,17.0,18.0,18.0,18.0,18.0,19.0,19.0,19.0,19.0,20.0,20.0,20.0,20.0,21.0,21.0,21.0,21.0,21.0,22.0,22.0,22.0,22.0,23.0,23.0,23.0,24.0,24.0,24.0,24.0,25.0,25.0,25.0,25.0,26.0,26.0,26.0,26.0,27.0,27.0,27.0,28.0,28.0,28.0,29.0,29.0,29.0,30.0,30.0,31.0,31.0,32.0,33.0,34.0,35.0,40.0,0.0,1000.5019608139992,1000.6235294342041,1000.7019608020782,1000.7882353067398,1000.9098039269447,2000.7529411911964,3000.4000000059605,3000.6039215922356,3000.7098039388657,3001.0,143.53152465820312,151.23494873046874,156.3409439086914,160.29782409667968,163.9331512451172,167.5489074707031,171.57401275634766,177.2807373046875,192.2884521484375,346.3150329589844,223.93639,0.0,test_data/Useful/Validation/rice-at-1-ft/20241108_084919_089.jpg,381.0,207.0,29.54872458054671
83,0.0,0.0,0.0,0.0,0.0,0.0,0.0,1.0,2.0,3.0,4.0,5.0,6.0,6.0,7.0,8.0,8.0,9.0,9.0,9.800000000000011,10.0,10.0,10.0,11.0,11.0,11.0,12.0,12.0,13.0,13.0,13.0,13.0,14.0,14.0,14.0,14.0,15.0,15.0,15.0,16.0,16.0,16.0,16.0,17.0,17.0,17.0,17.0,18.0,18.0,18.0,18.0,19.0,19.0,19.0,19.0,20.0,20.0,20.0,20.0,21.0,21.0,21.0,21.0,22.0,22.0,22.0,22.0,23.0,23.0,23.0,23.0,24.0,24.0,24.0,24.0,25.0,25.0,25.0,26.0,26.0,26.0,27.0,27.0,27.0,27.0,28.0,28.0,28.0,29.0,29.0,30.0,30.0,30.0,31.0,31.0,32.0,33.0,34.0,36.00999999999976,41.0,0.0,1000.5098039507866,1000.6274510025978,1000.7098039388657,1000.8039215803146,1000.9490196108818,2000.8078431487083,3000.43137255311,3000.611764729023,3000.7137255072594,3001.0,144.41824493408203,152.15929260253907,157.07215576171876,161.0478271484375,164.5797348022461,168.03673400878907,171.9286087036133,177.44520568847656,192.2614288330078,346.31304931640625,223.81754,0.0,test_data/Useful/Validation/rice-at-1-ft/20241108_084919_090.jpg,378.0,209.0,23.978859033124067
84,0.0,0.0,0.0,0.0,0.0,0.0,1.0,1.0,2.0,3.0,4.0,5.0,5.0,6.0,6.0,7.0,7.0,8.0,9.0,9.0,10.0,10.0,10.0,11.0,11.0,11.0,12.0,12.0,12.0,12.0,13.0,13.0,13.0,14.0,14.0,14.0,15.0,15.0,15.0,15.0,16.0,16.0,16.0,16.0,17.0,17.0,17.0,17.0,18.0,18.0,18.0,18.0,19.0,19.0,19.0,19.0,20.0,20.0,20.0,20.0,21.0,21.0,21.0,22.0,22.0,22.0,22.0,23.0,23.0,23.0,23.0,24.0,24.0,24.0,25.0,25.0,25.0,25.0,26.0,26.0,26.0,26.0,27.0,27.0,27.0,27.0,28.0,28.0,28.0,29.0,29.0,30.0,30.0,31.0,31.0,32.0,33.0,34.0,35.0,41.0,0.0,1000.5098039507866,1000.6313725709915,1000.7098039388657,1000.8078431487083,1000.9607843160629,2000.8235294222832,3000.447058826685,3000.6156862974167,3000.7137255072594,3001.0,144.69282989501954,152.38946228027345,157.33307495117188,161.2399871826172,164.75431060791016,168.2382843017578,172.0972442626953,177.4984069824219,192.1743927001953,346.31317138671875,223.95245,0.0,test_data/Useful/Validation/rice-at-1-ft/20241108_084919_091.jpg,410.0,227.0,29.95620123008381
85,0.0,0.0,0.0,0.0,0.0,0.0,0.0,1.0,1.0,2.0,3.0,4.0,4.0,5.0,6.0,7.0,7.0,8.0,9.0,9.0,10.0,10.0,10.0,11.0,11.0,11.740000000000009,12.0,12.0,12.0,13.0,13.0,13.0,13.0,13.0,14.0,14.0,14.0,15.0,15.0,15.0,15.0,16.0,16.0,16.0,17.0,17.0,17.0,17.0,18.0,18.0,18.0,19.0,19.0,19.0,19.0,19.0,20.0,20.0,20.0,20.0,21.0,21.0,21.0,21.0,22.0,22.0,22.0,22.0,23.0,23.0,23.0,23.0,24.0,24.0,24.0,25.0,25.0,25.0,25.0,26.0,26.0,26.0,27.0,27.0,27.0,27.0,28.0,28.0,29.0,29.0,29.0,30.0,30.0,31.0,31.0,32.0,33.0,34.0,36.0,39.0,0.0,1000.517647087574,1000.6352941393852,1000.7176470756531,1000.8196078538895,1000.9960784316063,2000.8745098114014,3000.46274510026,3000.6196078658104,3000.717647075653,3001.0,145.1144012451172,152.80128784179686,157.79330749511718,161.72065124511718,165.29220581054688,168.72535095214843,172.5502731323242,177.9196014404297,192.30349731445312,346.31195068359375,223.59328,0.0,test_data/Useful/Validation/rice-at-1-ft/20241108_084919_092.jpg,412.0,227.0,29.733350618769343
86,0.0,0.0,0.0,0.0,0.0,0.0,1.0,2.0,2.0,3.0,4.0,5.0,5.0,6.0,6.0,7.0,8.0,8.0,9.0,9.0,10.0,10.0,11.0,11.0,11.0,12.0,12.0,12.0,12.0,13.0,13.0,13.0,13.0,14.0,14.0,14.0,14.0,15.0,15.0,15.0,15.0,16.0,16.0,16.0,17.0,17.0,17.0,17.0,17.0,18.0,18.0,18.0,19.0,19.0,19.0,19.0,20.0,20.0,20.0,20.399999999999864,21.0,21.0,21.0,21.0,22.0,22.0,22.0,23.0,23.0,23.0,23.0,23.0,24.0,24.0,24.0,25.0,25.0,25.0,25.0,26.0,26.0,26.0,26.0,27.0,27.0,27.0,28.0,28.0,28.0,29.0,29.0,30.0,30.0,31.0,31.0,32.0,33.0,34.0,35.0,41.0,0.0,1000.5137255191803,1000.6352941393852,1000.7176470756531,1000.8274509906769,1001.0,2000.8980392217636,3000.4666666686535,3000.6196078658104,3000.721568644047,3001.0,145.8421600341797,153.5568084716797,158.50648498535156,162.41641235351562,165.80181884765625,169.14581298828125,172.9801788330078,178.16500854492188,192.28741455078125,346.313232421875,223.49542,0.0,test_data/Useful/Validation/rice-at-1-ft/20241108_084919_093.jpg,398.0,213.0,34.221803004180074
87,0.0,0.0,0.0,0.0,0.0,0.0,0.0,1.0,1.0,2.0,3.0,4.0,5.0,5.0,6.0,7.0,7.0,8.0,8.0,9.0,9.789999999999964,10.0,10.0,10.759999999999991,11.0,11.0,11.0,12.0,12.0,12.0,12.0,13.0,13.0,14.0,14.0,14.0,14.0,15.0,15.0,15.0,16.0,16.0,16.0,17.0,17.0,17.0,17.0,17.0,18.0,18.0,18.0,19.0,19.0,19.0,19.0,20.0,20.0,20.0,21.0,21.0,21.0,21.0,22.0,22.0,22.0,22.0,23.0,23.0,23.0,23.0,24.0,24.0,24.0,24.0,25.0,25.0,25.0,25.0,26.0,26.0,26.0,27.0,27.0,27.0,27.0,28.0,28.0,28.0,29.0,29.0,30.0,30.0,30.0,31.0,31.0,32.0,33.0,34.0,36.0,44.0,0.0,1000.517647087574,1000.6392157077789,1000.7254902124405,1000.8352941274643,1001.0,2001.0,3000.474509805441,3000.623529434204,3000.7254902124405,3001.0,145.6410888671875,153.2793426513672,158.2363723754883,162.16067810058593,165.62344360351562,169.03785705566406,172.7924377441406,177.92698669433594,192.134765625,346.3246154785156,223.39633,0.0,test_data/Useful/Validation/rice-at-1-ft/20241108_084919_094.jpg,376.0,203.0,28.973538670254193
88,0.0,0.0,0.0,0.0,0.0,0.0,0.0,0.0,1.0,2.0,2.0,3.0,4.0,5.0,6.0,6.0,7.0,7.0,8.0,8.0,9.0,9.0,10.0,10.0,10.0,11.0,11.0,11.0,12.0,12.0,12.0,13.0,13.0,13.660000000000082,14.0,14.0,14.0,14.620000000000005,15.0,15.0,15.0,16.0,16.0,16.0,16.0,16.0,17.0,17.0,17.0,18.0,18.0,18.0,18.0,19.0,19.0,19.0,19.0,20.0,20.0,20.0,21.0,21.0,21.0,21.0,22.0,22.0,22.0,23.0,23.0,23.0,23.0,24.0,24.0,24.0,24.0,25.0,25.0,25.0,25.0,26.0,26.0,26.0,27.0,27.0,27.0,27.0,28.0,28.0,29.0,29.0,29.0,30.0,30.0,31.0,31.0,32.0,33.0,34.0,36.0,44.0,0.0,1000.5254902243614,1000.6470588445663,1000.7372549176216,1000.8509804010391,2000.176470592618,3000.1450980454683,3000.505882382393,3000.635294139385,3000.729411780834,3001.0,145.50421905517578,153.19700622558594,158.1136016845703,162.0418701171875,165.55076599121094,168.94281005859375,172.74916076660156,177.95748901367188,192.31097412109375,346.3172607421875,223.61862,0.0,test_data/Useful/Validation/rice-at-1-ft/20241108_084919_095.jpg,403.0,217.0,27.784938078607073
89,0.0,0.0,0.0,0.0,0.0,0.0,1.0,2.0,3.0,3.0,4.0,5.0,6.0,6.0,7.0,7.0,8.0,9.0,9.0,10.0,10.0,11.0,11.0,11.0,11.0,12.0,12.0,12.0,13.0,13.0,14.0,14.0,14.0,14.0,15.0,15.0,15.0,15.0,16.0,16.0,16.0,16.0,17.0,17.0,17.0,18.0,18.0,18.0,18.0,18.0,19.0,19.0,19.0,19.0,20.0,20.0,20.0,20.0,21.0,21.0,21.0,21.0,22.0,22.0,22.0,22.0,23.0,23.0,23.0,23.0,24.0,24.0,24.0,24.0,25.0,25.0,25.0,25.0,26.0,26.0,26.0,27.0,27.0,27.0,28.0,28.0,28.0,29.0,29.0,30.0,30.0,30.0,31.0,31.0,32.0,32.0,33.0,34.0,35.0,40.0,0.0,1000.5294117927551,1000.65098041296,1000.745098054409,1000.866666674614,2000.4392156898975,3000.1960784345865,3000.517647087574,3000.639215707779,3000.733333349228,3001.0,146.4034881591797,154.0825958251953,158.95111083984375,162.84030151367188,166.2891845703125,169.67832946777344,173.41840362548828,178.44456481933594,192.16539001464844,346.3130187988281,223.35385,0.0,test_data/Useful/Validation/rice-at-1-ft/20241108_084919_096.jpg,389.0,218.0,28.033646836672613
90,0.0,0.0,0.0,0.0,1.0,2.0,3.0,4.0,5.0,6.0,6.0,7.0,8.0,9.0,9.0,10.0,10.0,10.0,11.0,11.0,11.0,12.0,12.0,12.0,13.0,13.0,14.0,14.0,14.0,14.0,15.0,15.0,15.0,15.0,16.0,16.0,16.0,17.0,17.0,17.0,17.0,18.0,18.0,18.0,18.0,19.0,19.0,19.0,19.50999999999999,20.0,20.0,20.0,20.0,21.0,21.0,21.0,21.0,22.0,22.0,22.0,22.0,22.0,23.0,23.0,23.0,23.0,24.0,24.0,24.0,24.0,25.0,25.0,25.0,25.0,25.0,26.0,26.0,26.0,27.0,27.0,27.0,27.0,28.0,28.0,29.0,29.0,29.0,30.0,30.0,30.0,31.0,31.0,32.0,32.0,33.0,33.0,34.0,35.0,37.0,42.0,25.0,1000.5764706134796,1000.6980392336845,1000.8549019694328,2000.1529411822557,3000.0784313753247,3000.4117647111416,3000.5647059082985,3000.6470588445663,3000.721568644047,3001.0,143.54045715332032,151.28546142578125,156.20269775390625,160.1745361328125,163.72274780273438,167.2498016357422,171.24521179199218,176.99853515625,193.12371826171875,346.23223876953125,224.02332,0.0,test_data/Useful/Validation/rice-at-1-ft/20241108_085007_047.jpg,432.0,215.0,26.294669390609904
91,0.0,0.0,0.0,0.0,1.0,2.0,3.0,4.0,5.0,5.0,6.0,7.0,8.0,8.0,9.0,9.0,10.0,10.0,11.0,11.0,11.0,11.0,12.0,12.0,13.0,13.0,13.0,13.0,14.0,14.0,15.0,15.0,15.0,15.0,16.0,16.0,16.0,17.0,17.0,17.0,17.0,18.0,18.0,18.0,18.0,18.539999999999964,19.0,19.0,19.0,19.0,20.0,20.0,20.0,20.0,21.0,21.0,21.0,21.0,22.0,22.0,22.0,22.0,22.0,23.0,23.0,23.0,23.0,23.0,24.0,24.0,24.0,25.0,25.0,25.0,25.0,26.0,26.0,26.0,26.0,27.0,27.0,27.0,27.0,28.0,28.0,28.0,29.0,29.0,29.0,30.0,30.0,31.0,31.0,32.0,32.0,33.0,34.0,35.0,37.0,41.0,19.0,1000.5764706134796,1000.6941176652908,1000.8431372642517,1001.0,2000.9529411792755,3000.4000000059605,3000.560784339905,3000.6431372761726,3000.7137255072594,3001.0,142.90460205078125,150.66661071777344,155.70379638671875,159.67516479492187,163.21763610839844,166.67364501953125,170.6837387084961,176.45157470703126,193.1131591796875,346.2381591796875,224.3973,0.0,test_data/Useful/Validation/rice-at-1-ft/20241108_085007_048.jpg,471.0,245.0,33.726962583707966
92,0.0,0.0,0.0,0.0,0.9500000000000028,1.9399999999999977,2.0,3.0,4.0,4.0,5.0,6.0,7.0,8.0,8.0,9.0,9.0,10.0,10.0,10.0,11.0,11.0,11.0,12.0,12.0,13.0,13.0,13.0,14.0,14.0,14.0,14.0,15.0,15.0,15.0,16.0,16.0,16.0,16.0,17.0,17.0,17.0,18.0,18.0,18.0,18.0,19.0,19.0,19.0,19.5,20.0,20.0,20.0,21.0,21.0,21.0,21.0,21.0,22.0,22.0,22.0,22.0,23.0,23.0,23.0,23.0,24.0,24.0,24.0,24.0,24.0,25.0,25.0,25.0,26.0,26.0,26.0,27.0,27.0,27.0,27.0,28.0,28.0,28.0,29.0,29.0,29.0,30.0,30.0,30.0,31.0,31.0,32.0,32.0,32.0,33.0,33.029999999999745,35.0,36.0,45.0,0.0,1000.5725490450859,1000.6901960968971,1000.8313725590706,1001.0,2000.8862745165825,3000.3882353007793,3000.556862771511,3000.639215707779,3000.7137255072594,3001.0,143.89166412353515,151.5365447998047,156.50404357910156,160.47239685058594,163.9510955810547,167.43999328613282,171.4303207397461,177.0562744140625,193.10797119140625,346.24481201171875,224.42377,0.0,test_data/Useful/Validation/rice-at-1-ft/20241108_085007_049.jpg,437.0,209.0,30.396777541393124
93,0.0,0.0,0.0,0.0,1.0,2.0,2.0,3.0,4.0,5.0,6.0,7.0,7.0,8.0,8.0,9.0,9.0,10.0,10.0,10.0,11.0,11.0,12.0,12.0,12.0,13.0,13.0,13.0,13.0,14.0,14.0,14.0,15.0,15.0,15.0,15.0,16.0,16.0,16.0,17.0,17.0,17.0,17.0,18.0,18.0,18.0,18.0,19.0,19.0,19.0,19.0,20.0,20.0,20.0,20.0,21.0,21.0,21.0,21.0,22.0,22.0,22.0,22.0,23.0,23.0,23.0,23.0,23.0,24.0,24.0,24.0,25.0,25.0,25.0,25.0,26.0,26.0,26.0,26.0,27.0,27.0,27.0,27.170000000000073,28.0,28.0,28.0,29.0,29.0,29.0,30.0,30.0,31.0,31.0,32.0,32.0,33.0,34.0,35.0,37.0,45.0,23.0,1000.5686274766922,1000.6901960968971,1000.8313725590706,1001.0,2000.839215695858,3000.376470595598,3000.5529412031174,3000.639215707779,3000.7137255072594,3001.0,144.43826293945312,152.2923553466797,157.18905639648438,161.1016632080078,164.60355377197266,168.07947692871093,171.9840087890625,177.53192138671875,193.1350860595703,346.2337646484375,224.23737,0.0,test_data/Useful/Validation/rice-at-1-ft/20241108_085007_050.jpg,452.0,207.0,31.84717285947702
94,0.0,0.0,0.0,1.0,2.0,3.0,3.0,4.0,5.0,6.0,7.0,8.0,8.870000000000005,9.0,10.0,10.0,10.0,11.0,11.0,12.0,12.0,12.0,13.0,13.0,13.0,14.0,14.0,14.0,15.0,15.0,15.0,16.0,16.0,16.0,16.0,17.0,17.0,17.0,17.0,18.0,18.0,18.0,18.0,19.0,19.0,19.0,19.0,20.0,20.0,20.0,20.0,21.0,21.0,21.0,21.0,21.0,22.0,22.0,22.0,22.0,22.0,23.0,23.0,23.0,24.0,24.0,24.0,24.0,24.0,25.0,25.0,25.0,25.0,26.0,26.0,26.0,26.0,27.0,27.0,27.0,28.0,28.0,28.0,29.0,29.0,29.0,30.0,30.0,30.0,31.0,31.0,32.0,32.0,33.0,33.0,34.0,35.0,35.01999999999998,37.0,44.0,22.0,1000.5686274766922,1000.6862745285034,1000.8274509906769,1001.0,2000.7960784435272,3000.3607843220234,3000.5490196347237,3000.639215707779,3000.7137255072594,3001.0,143.94309692382814,151.70767211914062,156.66357421875,160.7169952392578,164.33284759521484,167.8565216064453,171.81790161132812,177.51141357421875,193.3411865234375,346.2408142089844,224.27502,0.0,test_data/Useful/Validation/rice-at-1-ft/20241108_085007_051.jpg,417.0,223.0,33.55195548220348
95,0.0,0.0,0.0,0.0,1.0,2.0,3.0,4.0,5.0,5.0,6.0,7.0,7.0,8.0,9.0,9.0,10.0,10.0,11.0,11.0,11.0,12.0,12.0,13.0,13.0,13.0,14.0,14.0,14.0,15.0,15.0,15.0,15.0,16.0,16.0,16.0,16.0,17.0,17.0,17.0,18.0,18.0,18.0,18.0,19.0,19.0,19.0,19.0,20.0,20.0,20.0,20.0,21.0,21.0,21.0,21.0,22.0,22.0,22.0,22.0,23.0,23.0,23.0,23.0,23.0,24.0,24.0,24.0,25.0,25.0,25.0,25.0,26.0,26.0,26.0,26.0,27.0,27.0,27.0,27.0,28.0,28.0,28.0,28.0,29.0,29.0,29.0,30.0,30.0,30.0,31.0,31.0,32.0,32.0,33.0,33.0,34.0,35.0,37.0,43.0,23.0,1000.5647059082985,1000.6823529601097,1000.8156862854958,1000.9882352948189,2000.7529411911964,3000.3450980484486,3000.5411764979362,3000.635294139385,3000.7137255072594,3001.0,144.1849365234375,151.97366333007812,156.9540252685547,160.91595458984375,164.44617462158203,167.99541015625,172.00181579589844,177.66905212402344,193.34921264648438,346.23773193359375,224.45377,0.0,test_data/Useful/Validation/rice-at-1-ft/20241108_085007_052.jpg,412.0,201.0,28.145052930500956
96,0.0,0.0,0.0,1.0,2.0,3.0,4.0,5.0,6.0,7.0,7.0,8.0,9.0,9.0,10.0,10.0,11.0,11.0,11.0,12.0,12.0,12.0,13.0,13.0,13.0,14.0,14.0,14.0,15.0,15.0,15.0,15.0,16.0,16.0,16.0,16.0,17.0,17.0,17.0,18.0,18.0,18.0,19.0,19.0,19.0,19.0,20.0,20.0,20.0,20.0,20.0,21.0,21.0,21.0,21.0,22.0,22.0,22.0,22.0,23.0,23.0,23.0,23.0,23.0,24.0,24.0,24.0,24.0,25.0,25.0,25.0,25.0,25.269999999999982,26.0,26.0,26.0,26.0,27.0,27.0,27.0,28.0,28.0,28.0,28.0,29.0,29.0,29.0,30.0,30.0,31.0,31.0,31.0,32.0,32.0,33.0,34.0,34.0,36.0,37.0,42.0,23.0,1000.5647059082985,1000.6823529601097,1000.8156862854958,1000.9764705896378,2000.7019608020782,3000.3215686380863,3000.533333361149,3000.6313725709915,3000.7098039388657,3001.0,143.90353393554688,151.6893310546875,156.6826614379883,160.73194274902343,164.35186004638672,167.95138549804688,171.93289184570312,177.77708435058594,193.68191528320312,346.2562255859375,224.44696,0.0,test_data/Useful/Validation/rice-at-1-ft/20241108_085007_053.jpg,415.0,199.0,29.0840538351339
97,0.0,0.0,0.0,0.0,1.0,2.0,3.0,4.0,5.0,5.900000000000006,6.0,7.0,7.8700000000000045,8.0,9.0,10.0,10.0,11.0,11.0,11.0,12.0,12.0,13.0,13.0,13.0,13.0,14.0,14.0,15.0,15.0,15.0,15.0,16.0,16.0,16.0,16.0,17.0,17.0,17.0,17.0,18.0,18.0,18.0,19.0,19.0,19.0,19.0,20.0,20.0,20.0,20.0,20.0,21.0,21.0,21.0,21.0,22.0,22.0,22.0,22.0,23.0,23.0,23.0,23.0,23.0,24.0,24.0,24.0,24.0,25.0,25.0,25.0,25.0,26.0,26.0,26.0,26.0,27.0,27.0,27.0,28.0,28.0,28.0,29.0,29.0,29.0,30.0,30.0,30.0,30.0,31.0,31.0,32.0,32.0,33.0,33.0,34.0,35.0,36.0,41.0,20.0,1000.5647059082985,1000.6823529601097,1000.8156862854958,1000.9764705896378,2000.7019608020782,3000.3215686380863,3000.533333361149,3000.6313725709915,3000.7098039388657,3001.0,143.84921264648438,151.47657775878906,156.51834106445312,160.55072021484375,164.1384735107422,167.79248046875,171.89527893066406,177.65704345703125,193.43634033203125,346.26019287109375,224.48016,0.0,test_data/Useful/Validation/rice-at-1-ft/20241108_085007_054.jpg,437.0,206.0,30.98048684574374
98,0.0,0.0,0.0,1.0,2.0,3.0,4.0,5.0,6.0,6.0,7.0,8.0,8.0,9.0,9.0,10.0,10.0,11.0,11.0,11.0,12.0,12.0,13.0,13.0,13.0,14.0,14.0,14.0,15.0,15.0,15.0,16.0,16.0,16.0,17.0,17.0,17.0,17.0,18.0,18.0,18.0,18.0,19.0,19.0,19.0,19.0,20.0,20.0,20.0,20.0,21.0,21.0,21.0,21.0,22.0,22.0,22.0,22.0,22.0,23.0,23.0,23.0,23.0,24.0,24.0,24.0,24.0,25.0,25.0,25.0,25.0,25.0,26.0,26.0,26.0,27.0,27.0,27.0,27.0,27.200000000000045,28.0,28.0,28.0,29.0,29.0,29.0,29.0,30.0,30.0,31.0,31.0,32.0,32.0,33.0,33.0,34.0,34.0,35.01999999999998,37.0,42.0,23.0,1000.5686274766922,1000.6862745285034,1000.8156862854958,1000.9764705896378,2000.7019608020782,3000.32549020648,3000.533333361149,3000.6313725709915,3000.7098039388657,3001.0,143.8479446411133,151.66748657226563,156.62409057617188,160.56488037109375,164.13426208496094,167.68885192871093,171.73871154785155,177.52481079101562,193.54861450195312,346.2637023925781,224.77649,0.0,test_data/Useful/Validation/rice-at-1-ft/20241108_085007_055.jpg,439.0,218.0,30.543586316481946
99,0.0,0.0,0.0,1.0,2.0,3.0,4.0,5.0,6.0,7.0,8.0,8.0,9.0,9.0,10.0,10.0,11.0,11.0,12.0,12.0,12.0,13.0,13.0,13.0,14.0,14.0,15.0,15.0,15.0,15.0,16.0,16.0,16.0,16.0,17.0,17.0,17.0,18.0,18.0,18.0,18.0,18.0,19.0,19.0,19.0,19.0,20.0,20.0,20.0,20.0,21.0,21.0,21.0,21.0,22.0,22.0,22.0,22.0,23.0,23.0,23.0,23.0,23.0,24.0,24.0,24.0,24.0,24.0,25.0,25.0,25.0,25.0,26.0,26.0,26.0,26.0,27.0,27.0,27.0,27.0,28.0,28.0,28.0,28.159999999999854,29.0,29.0,30.0,30.0,30.0,31.0,31.0,32.0,32.0,33.0,33.0,34.0,35.0,36.0,37.00999999999976,45.0,23.0,1000.5686274766922,1000.6862745285034,1000.8196078538895,1000.9803921580315,2000.7019608020782,3000.3176470696926,3000.533333361149,3000.6313725709915,3000.7098039388657,3001.0,143.51104736328125,151.36138916015625,156.41958770751953,160.3592956542969,163.9943389892578,167.67542724609376,171.71583557128906,177.4988555908203,193.57252502441406,346.2713623046875,224.49533,0.0,test_data/Useful/Validation/rice-at-1-ft/20241108_085007_056.jpg,425.0,203.0,27.13317083485172
100,0.0,0.0,0.0,0.0,1.0,2.0,3.0,4.0,5.0,6.0,6.0,7.0,8.0,8.0,9.0,10.0,10.0,10.0,11.0,11.0,12.0,12.0,12.0,13.0,13.0,13.0,14.0,14.0,15.0,15.0,15.0,15.0,15.0,16.0,16.0,16.639999999999986,17.0,17.0,17.0,18.0,18.0,18.0,18.0,19.0,19.0,19.0,19.0,20.0,20.0,20.0,20.0,21.0,21.0,21.0,21.0,22.0,22.0,22.0,22.0,23.0,23.0,23.0,23.0,23.0,24.0,24.0,24.0,24.0,25.0,25.0,25.0,25.0,26.0,26.0,26.0,26.0,26.0,27.0,27.0,27.0,28.0,28.0,28.0,29.0,29.0,29.0,30.0,30.0,31.0,31.0,31.0,32.0,32.0,33.0,33.0,34.0,35.0,36.0,37.0,43.0,23.0,1000.5529412031174,1000.6745098233223,1000.811764717102,1000.9686274528503,2000.6745098233223,3000.2941176593304,3000.5137255191803,3000.6156862974167,3000.6980392336845,3001.0,143.5516815185547,151.276123046875,156.3444366455078,160.31835021972657,163.90245056152344,167.51741943359374,171.5755661010742,177.42507934570312,193.57339477539062,346.21807861328125,224.28221,0.0,test_data/Useful/Validation/rice-at-1-ft/20241108_085007_057.jpg,415.0,200.0,29.37685852428564
101,0.0,0.0,0.0,0.0,0.0,1.0,2.0,3.0,4.0,5.0,6.0,7.0,8.0,8.0,9.0,10.0,10.0,10.0,11.0,11.0,11.0,12.0,12.0,13.0,13.0,13.0,14.0,14.0,14.0,15.0,15.0,15.0,15.0,16.0,16.0,16.0,17.0,17.0,17.0,18.0,18.0,18.0,18.0,19.0,19.0,19.0,19.0,20.0,20.0,20.0,20.0,21.0,21.0,21.0,21.0,21.0,22.0,22.0,22.0,22.0,23.0,23.0,23.0,24.0,24.0,24.0,24.0,25.0,25.0,25.0,25.0,25.0,26.0,26.0,26.0,26.0,27.0,27.0,27.0,28.0,28.0,28.0,28.0,29.0,29.0,29.0,30.0,30.0,30.0,31.0,31.0,32.0,32.0,33.0,33.0,34.0,34.0,36.0,37.0,45.0,0.0,1000.5294117927551,1000.6549019813538,1000.7803921699524,1000.933333337307,2000.5764706134796,3000.2549019753933,3000.486274510622,3000.600000023842,3000.6823529601097,3001.0,143.62767791748047,151.41592407226562,156.37628173828125,160.41046142578125,164.00387573242188,167.53231811523438,171.57838439941406,177.39662170410156,193.7055206298828,346.1701965332031,224.59406,0.0,test_data/Useful/Validation/rice-at-1-ft/20241108_085007_058.jpg,446.0,217.0,28.34178861315675
102,0.0,0.0,0.0,0.0,0.0,1.0,3.0,3.920000000000016,4.909999999999997,6.0,6.0,7.0,8.0,8.0,9.0,9.0,10.0,10.0,11.0,11.0,12.0,12.0,13.0,13.0,13.0,13.0,14.0,14.0,14.0,15.0,15.0,15.0,16.0,16.0,16.0,16.0,17.0,17.0,17.0,17.0,18.0,18.0,18.0,18.0,19.0,19.0,19.0,19.0,20.0,20.0,20.0,20.480000000000018,21.0,21.0,21.0,21.0,22.0,22.0,22.0,22.0,23.0,23.0,23.0,23.0,24.0,24.0,24.0,24.0,25.0,25.0,25.0,25.0,26.0,26.0,26.0,26.0,27.0,27.0,27.0,27.0,28.0,28.0,28.0,29.0,29.0,29.0,30.0,30.0,30.0,31.0,31.0,32.0,32.0,33.0,33.0,34.0,35.0,36.0,37.0,41.0,0.0,1000.5254902243614,1000.65098041296,1000.7764706015587,1000.9294117689133,2000.5372549295425,3000.2352941185236,3000.4784313738346,3000.5921568870544,3000.678431391716,3001.0,143.97039794921875,151.6446533203125,156.71472625732423,160.69266357421876,164.24827575683594,167.84024047851562,171.8209686279297,177.44451904296875,193.6709442138672,346.1568908691406,224.56012,0.0,test_data/Useful/Validation/rice-at-1-ft/20241108_085007_059.jpg,405.0,203.0,30.881771004310885
103,0.0,0.0,0.0,0.0,1.0,2.0,3.0,4.920000000000016,5.909999999999997,6.0,7.0,8.0,8.0,9.0,10.0,10.0,11.0,11.0,11.0,12.0,12.0,12.0,13.0,13.0,13.0,14.0,14.0,14.0,15.0,15.0,15.0,16.0,16.0,16.0,16.0,17.0,17.0,17.0,17.0,18.0,18.0,18.0,19.0,19.0,19.0,19.0,20.0,20.0,20.0,20.0,21.0,21.0,21.0,21.0,22.0,22.0,22.0,22.0,22.0,23.0,23.0,23.0,23.0,24.0,24.0,24.0,24.0,25.0,25.0,25.0,25.0,26.0,26.0,26.0,26.0,27.0,27.0,27.0,28.0,28.0,28.0,28.0,29.0,29.0,29.0,29.139999999999873,30.0,30.0,30.0,31.0,31.0,32.0,32.0,33.0,33.0,34.0,34.0,35.01999999999998,37.0,42.0,22.0,1000.5215686559677,1000.6431372761726,1000.7686274647713,1000.9176470637321,2000.5019608139992,3000.215686276555,3000.4666666686535,3000.584313750267,3000.6705882549286,3001.0,143.3098342895508,151.04994506835936,156.10098419189453,160.1598358154297,163.77373504638672,167.36758422851562,171.51126556396486,177.34319152832032,193.60250854492188,346.134033203125,224.70145,0.0,test_data/Useful/Validation/rice-at-1-ft/20241108_085007_060.jpg,417.0,219.0,24.08304869063895
104,0.0,0.0,0.0,1.0,1.0,2.0,3.0,4.0,5.0,6.0,7.0,7.0,8.0,9.0,9.0,10.0,10.0,11.0,11.0,12.0,12.0,12.0,13.0,13.0,13.0,14.0,14.0,14.0,15.0,15.0,15.0,16.0,16.0,16.0,17.0,17.0,17.0,18.0,18.0,18.0,18.0,19.0,19.0,19.0,19.0,20.0,20.0,20.0,20.0,21.0,21.0,21.0,21.0,22.0,22.0,22.0,22.0,22.0,23.0,23.0,23.0,23.0,23.0,24.0,24.0,24.0,24.0,25.0,25.0,25.0,25.0,26.0,26.0,26.0,26.0,26.0,27.0,27.0,27.0,27.0,28.0,28.0,28.0,29.0,29.0,29.0,29.0,30.0,30.0,31.0,31.0,31.0,32.0,33.0,33.0,34.0,34.0,35.0,37.0,41.0,22.0,1000.5215686559677,1000.6431372761726,1000.772549033165,1000.9176470637321,2000.4823529422283,3000.1960784345865,3000.4549019634724,3000.5764706134796,3000.662745118141,3001.0,143.20415954589845,151.01466369628906,156.00367736816406,160.0673828125,163.7510223388672,167.4325439453125,171.6021286010742,177.58889770507812,193.6772003173828,346.1231689453125,224.76285,0.0,test_data/Useful/Validation/rice-at-1-ft/20241108_085007_061.jpg,440.0,214.0,33.2308802992089
0,0.0,0.0,2.969999999999999,6.0,8.0,10.0,11.0,12.0,13.0,14.0,15.0,16.0,16.0,17.0,17.0,18.0,18.0,19.0,19.0,20.0,20.0,21.0,21.0,22.0,22.0,22.0,23.0,23.0,23.0,24.0,24.0,24.0,24.0,25.0,25.0,25.0,26.0,26.0,26.0,26.0,26.589999999999918,27.0,27.0,27.0,27.0,28.0,28.0,28.0,28.0,28.0,29.0,29.0,29.0,29.0,29.0,30.0,30.0,30.0,30.0,30.0,31.0,31.0,31.0,31.0,31.0,32.0,32.0,32.0,32.0,32.0,32.0,33.0,33.0,33.0,33.0,33.0,33.0,34.0,34.0,34.0,34.0,34.0,35.0,35.0,35.0,35.0,36.0,36.0,36.0,36.0,37.0,37.0,37.0,38.0,38.0,39.0,40.0,40.01999999999998,42.0,46.0,32.0,1000.3686274588108,1000.5254902243614,1000.6156862974167,1000.7019608020782,1000.8862745165825,2000.3725490272045,2000.6705882549286,3000.376470595598,3000.611764729023,3001.0,152.18902740478515,159.83045959472656,164.78887939453125,168.63278198242188,172.03268432617188,175.3818115234375,179.06138916015624,183.96578979492188,196.69735717773438,346.0028381347656,221.36612,0.0,test_data/Useful/Validation/rice-at-2-ft/20241108_085554_008.jpg,351.0,159.0,61.75462751961155
1,0.0,2.0,4.0,6.0,8.0,9.0,10.0,11.0,12.0,13.0,14.0,15.0,16.0,16.0,17.0,18.0,18.0,19.0,19.0,20.0,21.0,21.0,21.0,22.0,22.0,22.0,23.0,23.0,24.0,24.0,24.0,24.0,25.0,25.0,25.0,25.0,26.0,26.0,26.0,26.0,26.0,27.0,27.0,27.0,27.0,27.539999999999964,28.0,28.0,28.0,28.0,28.0,29.0,29.0,29.0,29.0,29.0,30.0,30.0,30.0,30.0,30.0,31.0,31.0,31.0,31.0,31.0,32.0,32.0,32.0,32.0,32.0,33.0,33.0,33.0,33.0,33.0,33.0,34.0,34.0,34.0,34.0,34.0,35.0,35.0,35.0,35.0,36.0,36.0,36.0,36.0,37.0,37.0,37.0,38.0,38.0,39.0,39.0,40.0,41.0,45.0,33.0,1000.3725490272045,1000.5294117927551,1000.6196078658104,1000.705882370472,1000.8901960849762,2000.380392163992,2000.6705882549286,3000.376470595598,3000.6078431606293,3001.0,152.21543884277344,159.78628540039062,164.65638732910156,168.52334594726562,171.9387664794922,175.27871704101562,178.9005874633789,183.787353515625,196.60140991210938,346.0003662109375,221.23755,0.0,test_data/Useful/Validation/rice-at-2-ft/20241108_085554_009.jpg,356.0,167.0,63.6935872213217
2,0.0,2.0,5.0,7.0,9.0,10.0,11.0,12.0,13.0,14.0,15.0,16.0,16.0,17.0,18.0,19.0,19.0,20.0,20.0,21.0,21.0,22.0,22.0,22.0,23.0,23.0,23.0,24.0,24.0,24.0,24.0,25.0,25.0,25.0,25.0,26.0,26.0,26.0,26.0,26.600000000000023,27.0,27.0,27.0,28.0,28.0,28.0,28.0,28.0,28.0,29.0,29.0,29.0,29.0,29.0,30.0,30.0,30.0,30.0,30.0,31.0,31.0,31.0,31.0,31.0,32.0,32.0,32.0,32.0,32.0,32.0,33.0,33.0,33.0,33.0,33.0,34.0,34.0,34.0,34.0,34.0,35.0,35.0,35.0,35.0,35.0,35.0,36.0,36.0,36.0,36.0,37.0,37.0,37.0,38.0,38.0,39.0,40.0,40.0,42.0,47.0,28.0,1000.3686274588108,1000.5254902243614,1000.6196078658104,1000.705882370472,1000.8901960849762,2000.3882353007793,2000.678431391716,3000.3843137323856,3000.611764729023,3001.0,152.16502380371094,159.86594848632814,164.7294448852539,168.57324829101563,172.00149536132812,175.384521484375,179.02528381347656,183.8599853515625,196.77671813964844,346.00244140625,221.1573,0.0,test_data/Useful/Validation/rice-at-2-ft/20241108_085554_010.jpg,336.0,145.0,62.46570079200356
3,0.0,1.0,3.0,5.0,7.0,9.0,11.0,12.0,13.0,13.0,14.0,15.0,16.0,17.0,17.0,18.0,18.0,19.0,19.0,20.0,20.0,21.0,21.0,22.0,22.0,23.0,23.0,23.0,23.0,24.0,24.0,24.0,25.0,25.0,25.0,25.0,26.0,26.0,26.0,26.0,26.0,27.0,27.0,27.0,27.0,28.0,28.0,28.0,28.0,28.0,29.0,29.0,29.0,29.0,29.0,29.0,30.0,30.0,30.0,30.0,31.0,31.0,31.0,31.0,31.0,32.0,32.0,32.0,32.0,32.0,32.0,33.0,33.0,33.0,33.0,33.0,34.0,34.0,34.0,34.0,34.0,34.0,35.0,35.0,35.0,35.0,36.0,36.0,36.0,36.0,37.0,37.0,38.0,38.0,38.0,39.0,40.0,40.0,41.0,47.0,32.0,1000.3686274588108,1000.5254902243614,1000.6156862974167,1000.7019608020782,1000.8784313797951,2000.364705890417,2000.6705882549286,3000.376470595598,3000.6078431606293,3001.0,152.2264862060547,159.88748168945312,164.77108764648438,168.64114379882812,172.05471801757812,175.37755432128907,179.01724395751953,183.9142608642578,196.5865936279297,346.00152587890625,221.32443,0.0,test_data/Useful/Validation/rice-at-2-ft/20241108_085554_011.jpg,338.0,140.0,57.60231492841064
4,0.0,1.0,3.0,5.0,7.0,8.0,10.0,11.0,12.0,13.0,14.0,15.0,16.0,17.0,17.0,18.0,18.0,19.0,19.0,20.0,20.0,21.0,21.0,22.0,22.0,23.0,23.0,23.0,24.0,24.0,24.0,25.0,25.0,25.0,25.649999999999977,26.0,26.0,26.0,26.610000000000014,27.0,27.0,27.0,27.0,28.0,28.0,28.0,28.0,28.0,29.0,29.0,29.0,29.0,29.0,30.0,30.0,30.0,30.0,30.0,31.0,31.0,31.0,31.0,31.0,31.0,31.0,32.0,32.0,32.0,32.0,32.0,33.0,33.0,33.0,33.0,33.0,34.0,34.0,34.0,34.0,34.0,35.0,35.0,35.0,35.0,35.0,36.0,36.0,36.0,36.0,37.0,37.0,37.0,38.0,38.0,38.0,39.0,40.0,40.0,42.0,49.0,31.0,1000.3686274588108,1000.5254902243614,1000.6156862974167,1000.7019608020782,1000.8784313797951,2000.3686274588108,2000.6705882549286,3000.3725490272045,3000.6078431606293,3001.0,152.173828125,159.6913604736328,164.6289535522461,168.52330932617187,172.00741577148438,175.3219757080078,178.98635864257812,183.87388610839844,196.86509704589844,346.003662109375,221.07872,0.0,test_data/Useful/Validation/rice-at-2-ft/20241108_085554_012.jpg,330.0,132.0,61.236159691107204
5,0.0,3.0,5.0,7.0,9.0,10.0,11.0,12.0,13.0,14.0,15.0,16.0,17.0,17.0,18.0,19.0,19.0,20.0,20.0,21.0,21.0,21.0,22.0,22.0,22.0,23.0,23.0,23.0,24.0,24.0,24.0,24.0,25.0,25.0,25.0,25.0,26.0,26.0,26.0,26.0,27.0,27.0,27.0,27.0,27.549999999999955,28.0,28.0,28.0,28.0,29.0,29.0,29.0,29.0,29.0,30.0,30.0,30.0,30.0,30.0,30.0,31.0,31.0,31.0,31.0,31.0,31.0,32.0,32.0,32.0,32.0,32.0,33.0,33.0,33.0,33.0,33.0,33.0,34.0,34.0,34.0,34.0,34.0,35.0,35.0,35.0,35.0,36.0,36.0,36.0,37.0,37.0,37.0,38.0,38.0,38.0,39.0,40.0,41.0,42.0,45.0,33.0,1000.3647058904171,1000.5215686559677,1000.6078431606293,1000.6823529601097,1000.8235294222832,2000.2509804069996,2000.6196078658104,3000.2823529541492,3000.5921568870544,3001.0,151.7558792114258,159.2943359375,164.236572265625,168.07177734375,171.5280303955078,174.87808227539062,178.6038360595703,183.62408447265625,196.98171997070312,346.02642822265625,221.3406,0.0,test_data/Useful/Validation/rice-at-2-ft/20241108_085554_019.jpg,363.0,135.0,59.471530157355126
6,0.0,3.0,6.0,8.0,10.0,11.0,12.0,13.0,14.0,15.0,16.0,16.0,17.0,18.0,18.0,19.0,19.0,20.0,20.0,21.0,21.0,22.0,22.0,22.0,23.0,23.0,23.0,24.0,24.0,24.0,24.0,25.0,25.0,25.0,25.0,26.0,26.0,26.0,26.0,27.0,27.0,27.0,27.0,27.0,28.0,28.0,28.0,28.0,28.0,29.0,29.0,29.0,29.0,29.0,30.0,30.0,30.0,30.0,30.0,30.0,31.0,31.0,31.0,31.0,32.0,32.0,32.0,32.0,32.0,32.0,33.0,33.0,33.0,33.0,33.0,33.0,34.0,34.0,34.0,34.0,34.0,35.0,35.0,35.0,35.0,35.0,36.0,36.0,36.0,37.0,37.0,37.0,38.0,38.0,39.0,39.0,40.0,40.0,42.0,46.0,32.0,1000.3607843220234,1000.517647087574,1000.6078431606293,1000.6862745285034,1000.8352941274643,2000.2745098173618,2000.623529434204,3000.2549019753933,3000.5882353186607,3001.0,151.97367401123046,159.62771911621093,164.58153839111327,168.47302856445313,171.90390014648438,175.29183959960938,178.91371154785156,183.91387939453125,197.16754150390625,346.0230712890625,221.26663,0.0,test_data/Useful/Validation/rice-at-2-ft/20241108_085554_020.jpg,322.0,109.0,59.780484091090955
7,0.0,2.0,4.0,6.960000000000008,9.0,11.0,12.0,13.0,14.0,15.0,16.0,16.0,17.0,18.0,18.0,19.0,20.0,20.0,20.0,21.0,21.0,22.0,22.0,22.0,23.0,23.0,23.0,24.0,24.0,24.0,25.0,25.0,25.0,25.0,26.0,26.0,26.0,26.0,27.0,27.0,27.0,27.0,27.0,28.0,28.0,28.0,28.0,28.0,29.0,29.0,29.0,29.0,29.0,30.0,30.0,30.0,30.0,30.0,30.409999999999854,31.0,31.0,31.0,31.0,31.0,32.0,32.0,32.0,32.0,32.0,32.0,33.0,33.0,33.0,33.0,33.0,33.0,34.0,34.0,34.0,34.0,34.0,35.0,35.0,35.0,35.0,36.0,36.0,36.0,36.0,37.0,37.0,37.0,38.0,38.0,38.0,39.0,39.0,40.0,42.0,46.0,31.0,1000.3647058904171,1000.5215686559677,1000.6078431606293,1000.6862745285034,1000.8352941274643,2000.2745098173618,2000.6196078658104,3000.2509804069996,3000.5882353186607,3001.0,151.8441619873047,159.5578155517578,164.44027709960938,168.32716064453126,171.7545166015625,175.07648925781248,178.73214721679688,183.64822387695312,197.05343627929688,346.03143310546875,221.72218,0.0,test_data/Useful/Validation/rice-at-2-ft/20241108_085554_021.jpg,318.0,122.0,58.303000831703244
8,0.0,3.0,5.0,7.0,10.0,11.0,12.0,13.0,14.0,15.0,16.0,16.0,17.0,17.0,18.0,19.0,19.0,19.0,20.0,20.0,21.0,21.0,21.769999999999982,22.0,22.0,23.0,23.0,23.0,24.0,24.0,24.0,24.0,25.0,25.0,25.0,25.0,25.0,26.0,26.0,26.0,26.0,27.0,27.0,27.0,27.0,28.0,28.0,28.0,28.0,28.0,29.0,29.0,29.0,29.0,29.0,30.0,30.0,30.0,30.0,30.0,30.0,31.0,31.0,31.0,31.0,31.0,32.0,32.0,32.0,32.0,32.0,33.0,33.0,33.0,33.0,33.0,34.0,34.0,34.0,34.0,34.0,35.0,35.0,35.0,35.0,35.0,36.0,36.0,36.0,37.0,37.0,37.0,38.0,38.0,39.0,39.0,39.029999999999745,40.0,41.0,46.0,31.0,1000.3725490272045,1000.5254902243614,1000.6156862974167,1000.6941176652908,1000.8588235378265,2000.3215686380863,2000.6313725709915,3000.258823543787,3000.5921568870544,3001.0,151.60357055664062,159.30048828125,164.2397918701172,168.17123413085938,171.59854125976562,174.97601318359375,178.64340667724608,183.69052124023438,196.93731689453125,346.0346984863281,221.74284,0.0,test_data/Useful/Validation/rice-at-2-ft/20241108_085554_022.jpg,359.0,153.0,59.71960427162998
9,0.990000000000002,3.0,6.0,7.960000000000008,10.0,11.0,12.0,13.0,14.0,15.0,16.0,16.0,17.0,17.0,18.0,19.0,19.0,20.0,20.0,21.0,21.0,21.0,22.0,22.0,22.0,23.0,23.0,24.0,24.0,24.0,24.0,25.0,25.0,25.0,25.0,26.0,26.0,26.0,26.0,27.0,27.0,27.0,27.0,27.0,28.0,28.0,28.0,28.0,28.0,29.0,29.0,29.0,29.0,29.0,29.0,30.0,30.0,30.0,30.0,30.0,31.0,31.0,31.0,31.0,31.0,31.0,32.0,32.0,32.0,32.0,32.0,33.0,33.0,33.0,33.0,33.0,33.0,34.0,34.0,34.0,34.0,35.0,35.0,35.0,35.0,35.0,36.0,36.0,36.0,36.0,36.0,37.0,37.0,38.0,38.0,39.0,39.0,40.0,41.0,46.0,33.0,1000.3725490272045,1000.5254902243614,1000.6156862974167,1000.6941176652908,1000.8627451062202,2000.3372549116611,2000.6431372761726,3000.2823529541492,3000.596078455448,3001.0,151.97493896484374,159.652001953125,164.52559967041014,168.40390014648438,171.8561553955078,175.2435302734375,178.90451354980468,183.93445434570313,197.0761260986328,346.036376953125,221.59827,0.0,test_data/Useful/Validation/rice-at-2-ft/20241108_085554_023.jpg,309.0,125.0,62.57190324892077
10,0.0,3.0,5.0,7.960000000000008,9.0,11.0,12.0,13.0,14.0,15.0,16.0,16.0,17.0,18.0,18.0,19.0,20.0,20.0,21.0,21.0,21.0,21.779999999999973,22.0,22.0,23.0,23.0,23.0,23.0,24.0,24.0,24.0,25.0,25.0,25.0,25.649999999999977,26.0,26.0,26.0,26.610000000000014,27.0,27.0,27.0,27.0,28.0,28.0,28.0,28.0,28.0,29.0,29.0,29.0,29.0,29.0,29.0,30.0,30.0,30.0,30.0,30.0,30.0,31.0,31.0,31.0,31.0,31.0,31.0,32.0,32.0,32.0,32.0,32.0,32.0,33.0,33.0,33.0,33.0,33.0,34.0,34.0,34.0,34.0,34.0,35.0,35.0,35.0,35.0,36.0,36.0,36.0,36.0,37.0,37.0,37.0,38.0,38.0,38.0,39.0,40.0,41.0,45.0,31.0,1000.3882353007793,1000.5372549295425,1000.6196078658104,1000.6980392336845,1000.8745098114014,2000.3686274588108,2000.6666666865349,3000.341176480055,3000.6039215922356,3001.0,151.26358032226562,158.95785522460938,163.8399658203125,167.7887908935547,171.25355529785156,174.64840698242188,178.41378784179688,183.56422424316406,197.3599395751953,346.0557861328125,221.99924,0.0,test_data/Useful/Validation/rice-at-2-ft/20241108_085554_030.jpg,373.0,158.0,57.41333014136825
11,0.0,1.980000000000004,4.0,6.960000000000008,8.0,10.0,11.0,12.0,13.0,14.0,15.0,15.0,16.0,17.0,17.0,18.0,19.0,19.0,20.0,20.0,21.0,21.0,21.0,22.0,22.0,22.0,23.0,23.0,23.0,24.0,24.0,25.0,25.0,25.0,25.0,26.0,26.0,26.0,26.0,27.0,27.0,27.0,27.0,27.0,27.0,28.0,28.0,28.0,28.0,28.0,29.0,29.0,29.0,29.0,29.0,29.440000000000055,30.0,30.0,30.0,30.0,30.0,30.0,31.0,31.0,31.0,31.0,31.0,32.0,32.0,32.0,32.0,32.0,32.0,33.0,33.0,33.0,33.0,33.0,33.0,34.0,34.0,34.0,34.0,35.0,35.0,35.0,36.0,36.0,36.0,37.0,37.0,37.0,38.0,38.0,39.0,39.0,40.0,40.0,42.0,45.0,30.0,1000.3843137323856,1000.5372549295425,1000.6196078658104,1000.6980392336845,1000.8745098114014,2000.3764705955982,2000.6666666865349,3000.3294117748737,3000.6039215922356,3001.0,151.57528686523438,159.32705688476562,164.24169311523437,168.08218688964843,171.53449249267578,174.88583984375,178.57063140869138,183.68653259277343,197.24655151367188,346.0520935058594,221.70015,0.0,test_data/Useful/Validation/rice-at-2-ft/20241108_085554_031.jpg,387.0,166.0,60.04944329862178
12,0.0,3.0,5.0,8.0,9.0,10.939999999999998,12.0,13.0,14.0,15.0,16.0,16.0,17.0,17.860000000000014,18.0,18.0,19.0,20.0,20.0,21.0,21.0,21.0,22.0,22.0,22.0,23.0,23.0,24.0,24.0,24.0,24.0,25.0,25.0,25.0,26.0,26.0,26.0,26.0,27.0,27.0,27.0,27.0,27.0,28.0,28.0,28.0,28.0,28.0,29.0,29.0,29.0,29.0,29.0,30.0,30.0,30.0,30.0,30.0,31.0,31.0,31.0,31.0,31.0,31.360000000000127,32.0,32.0,32.0,32.0,32.0,33.0,33.0,33.0,33.0,33.0,33.0,34.0,34.0,34.0,34.0,34.0,35.0,35.0,35.0,35.0,35.0,36.0,36.0,36.0,36.11000000000013,37.0,37.0,37.0,38.0,38.0,39.0,39.0,40.0,40.01999999999998,42.0,47.0,33.0,1000.4000000059605,1000.54509806633,1000.6313725709915,1000.7137255072594,1000.9098039269447,2000.4117647111416,2000.6823529601097,3000.3568627536297,3000.6078431606293,3001.0,151.7301483154297,159.50318908691406,164.3728485107422,168.22195434570312,171.65228271484375,175.0269317626953,178.72987365722656,183.7332305908203,197.27684020996094,346.057861328125,221.61897,0.0,test_data/Useful/Validation/rice-at-2-ft/20241108_085554_032.jpg,357.0,155.0,64.69533326798077
13,0.0,3.0,6.0,8.0,9.0,11.0,12.0,14.0,15.0,16.0,16.0,17.0,18.0,18.0,19.0,20.0,20.0,21.0,21.0,21.0,22.0,22.0,23.0,23.0,23.0,24.0,24.0,24.0,25.0,25.0,25.0,26.0,26.0,26.0,26.0,26.0,27.0,27.0,27.0,27.0,28.0,28.0,28.0,28.0,28.0,28.0,29.0,29.0,29.0,29.0,29.0,30.0,30.0,30.0,30.0,30.0,30.0,30.0,31.0,31.0,31.0,31.0,31.0,31.0,32.0,32.0,32.0,32.0,32.309999999999945,33.0,33.0,33.0,33.0,33.0,34.0,34.0,34.0,34.0,34.0,35.0,35.0,35.0,35.0,35.0,36.0,36.0,36.0,36.0,37.0,37.0,37.0,37.0,38.0,38.0,39.0,39.0,40.0,41.0,42.0,46.0,30.0,1000.4000000059605,1000.54509806633,1000.6313725709915,1000.7176470756531,1000.9176470637321,2000.419607847929,2000.6823529601097,3000.3607843220234,3000.6078431606293,3001.0,151.6575469970703,159.31431579589844,164.25489807128906,168.17100524902344,171.63780212402344,174.9837646484375,178.6521484375,183.73130798339844,197.1486053466797,346.0570068359375,221.2813,0.0,test_data/Useful/Validation/rice-at-2-ft/20241108_085554_033.jpg,345.0,145.0,58.592639772873035
14,0.0,2.0,5.0,7.0,8.950000000000003,10.0,11.0,12.0,13.0,14.0,15.0,16.0,16.0,17.0,17.0,18.0,18.0,19.0,19.0,20.0,20.0,21.0,21.0,22.0,22.0,22.0,23.0,23.0,23.0,24.0,24.0,24.0,24.0,25.0,25.0,25.0,26.0,26.0,26.0,27.0,27.0,27.0,27.0,27.0,28.0,28.0,28.0,28.0,29.0,29.0,29.0,29.0,29.0,29.0,30.0,30.0,30.0,30.0,30.0,31.0,31.0,31.0,31.0,31.0,31.0,32.0,32.0,32.0,32.0,32.0,33.0,33.0,33.0,33.0,33.0,34.0,34.0,34.0,34.0,34.0,34.0,35.0,35.0,35.0,35.0,35.0,36.0,36.0,36.0,37.0,37.0,37.0,38.0,38.0,38.0,39.0,39.0,40.0,42.0,46.0,31.0,1000.4078431427479,1000.5529412031174,1000.6392157077789,1000.7294117808342,1000.9450980424881,2000.447058826685,2000.6941176652908,3000.3843137323856,3000.611764729023,3001.0,151.78213500976562,159.50665283203125,164.4055938720703,168.26443481445312,171.7105255126953,175.07958984375,178.76547241210938,183.78650512695313,197.12985229492188,346.056640625,221.19856,0.0,test_data/Useful/Validation/rice-at-2-ft/20241108_085554_034.jpg,368.0,148.0,58.823097805708834
15,0.0,1.0,4.969999999999999,7.0,8.0,9.0,10.0,11.0,12.0,13.0,14.0,14.0,15.0,15.0,16.0,17.0,17.0,18.0,18.0,19.0,19.0,20.0,20.0,20.0,21.0,21.0,21.0,22.0,22.0,22.699999999999932,23.0,23.0,23.0,24.0,24.0,24.0,24.0,25.0,25.0,25.0,25.0,25.0,26.0,26.0,26.0,26.0,27.0,27.0,27.0,27.0,27.0,28.0,28.0,28.0,28.0,28.0,28.0,29.0,29.0,29.0,29.0,29.0,30.0,30.0,30.0,30.0,31.0,31.0,31.0,31.0,31.0,31.0,32.0,32.0,32.0,32.0,32.0,33.0,33.0,33.0,33.0,34.0,34.0,34.0,34.0,34.0,35.0,35.0,35.0,35.0,36.0,36.0,37.0,37.0,37.0,38.0,38.0,39.0,40.00999999999976,48.0,31.0,1000.3764705955982,1000.5294117927551,1000.611764729023,1000.6823529601097,1000.811764717102,1000.9686274528503,2000.458823531866,2000.8235294222832,3000.556862771511,3001.0,151.04873657226562,158.76478576660156,163.675537109375,167.58108520507812,171.03964233398438,174.38584899902344,178.08714294433594,183.0942352294922,196.64981079101562,346.13897705078125,221.98248,0.0,test_data/Useful/Validation/rice-at-2-ft/20241108_085554_057.jpg,346.0,130.0,62.45000099744958
16,0.0,1.0,4.0,6.0,7.0,9.0,10.0,11.0,12.0,13.0,14.0,14.0,15.0,15.0,16.0,17.0,17.0,18.0,18.0,19.0,19.0,20.0,20.0,20.0,21.0,21.0,21.0,22.0,22.0,22.0,23.0,23.0,23.0,23.0,24.0,24.0,24.0,24.0,25.0,25.0,25.0,25.0,26.0,26.0,26.0,26.0,27.0,27.0,27.0,27.0,27.0,28.0,28.0,28.0,28.0,28.0,29.0,29.0,29.0,29.0,29.0,29.0,30.0,30.0,30.0,30.0,30.0,31.0,31.0,31.0,31.0,31.0,31.0,32.0,32.0,32.0,32.0,32.0,33.0,33.0,33.0,33.0,34.0,34.0,34.0,34.0,35.0,35.0,35.0,35.0,36.0,36.0,37.0,37.0,37.0,38.0,38.0,39.0,40.0,45.0,31.0,1000.3764705955982,1000.5294117927551,1000.611764729023,1000.6823529601097,1000.8078431487083,1000.9607843160629,2000.4431372582912,2000.8078431487083,3000.5529412031174,3001.0,150.93839263916016,158.52800903320312,163.46883392333984,167.375439453125,170.8252716064453,174.24147033691406,177.91556854248046,183.04244995117188,196.54537963867188,346.1468505859375,222.47389,0.0,test_data/Useful/Validation/rice-at-2-ft/20241108_085554_058.jpg,383.0,164.0,60.2291258766077
17,0.0,3.0,4.0,6.0,7.0,8.0,10.0,11.0,11.909999999999997,12.0,13.0,14.0,14.0,15.0,16.0,16.0,17.0,17.0,18.0,18.0,18.0,19.0,19.0,20.0,20.0,20.0,21.0,21.0,21.0,22.0,22.0,22.0,23.0,23.0,23.0,24.0,24.0,24.0,25.0,25.0,25.0,25.0,25.0,26.0,26.0,26.0,26.0,27.0,27.0,27.0,27.0,27.0,28.0,28.0,28.0,28.0,28.0,29.0,29.0,29.0,29.0,29.0,30.0,30.0,30.0,30.0,30.0,30.0,31.0,31.0,31.0,31.0,31.0,32.0,32.0,32.0,32.0,33.0,33.0,33.0,33.0,34.0,34.0,34.0,34.0,35.0,35.0,35.0,36.0,36.0,36.0,37.0,37.0,37.0,38.0,38.0,39.0,40.0,41.0,47.0,28.0,1000.3725490272045,1000.5294117927551,1000.611764729023,1000.6823529601097,1000.8039215803146,1000.9607843160629,2000.4392156898975,2000.7921568751335,3000.5490196347237,3001.0,150.87350463867188,158.5763702392578,163.5385284423828,167.43609619140625,170.88243103027344,174.2158660888672,177.93405151367188,183.02603149414062,196.75933837890625,346.14849853515625,221.94833,0.0,test_data/Useful/Validation/rice-at-2-ft/20241108_085554_059.jpg,423.0,191.0,59.69972067367332
18,0.0,2.0,4.0,6.0,8.0,9.0,10.0,11.0,12.0,13.0,14.0,15.0,15.0,16.0,16.0,17.0,18.0,18.0,18.0,19.0,19.0,20.0,20.0,21.0,21.0,21.0,22.0,22.0,22.0,23.0,23.0,23.0,23.0,24.0,24.0,24.0,24.0,25.0,25.0,25.0,25.0,26.0,26.0,26.0,26.0,27.0,27.0,27.0,27.0,27.0,28.0,28.0,28.0,28.0,28.0,29.0,29.0,29.0,29.0,29.0,30.0,30.0,30.0,30.0,30.0,30.0,31.0,31.0,31.0,31.0,31.0,32.0,32.0,32.0,32.0,32.0,33.0,33.0,33.0,33.0,33.0,34.0,34.0,34.0,34.0,35.0,35.0,35.0,35.0,36.0,36.0,36.0,37.0,37.0,38.0,38.0,39.0,40.0,41.0,46.0,30.0,1000.3764705955982,1000.5294117927551,1000.611764729023,1000.6823529601097,1000.8039215803146,1000.9607843160629,2000.4431372582912,2000.784313738346,3000.5490196347237,3001.0,150.80413818359375,158.47613525390625,163.36090087890625,167.23707580566406,170.6772003173828,174.0353546142578,177.73514709472656,182.9153778076172,196.6726837158203,346.1535339355469,221.94269,0.0,test_data/Useful/Validation/rice-at-2-ft/20241108_085554_060.jpg,364.0,141.0,64.87127135758165
19,0.0,2.0,4.0,6.0,7.0,8.0,9.0,10.0,11.0,12.0,13.0,13.0,14.0,15.0,15.0,16.0,17.0,17.0,17.0,18.0,18.0,19.0,20.0,20.0,20.0,21.0,21.0,21.0,22.0,22.0,22.0,23.0,23.0,23.0,23.0,24.0,24.0,24.0,24.0,25.0,25.0,25.0,25.0,25.0,26.0,26.0,26.0,26.0,27.0,27.0,27.0,27.0,27.470000000000027,28.0,28.0,28.0,28.0,29.0,29.0,29.0,29.0,29.0,29.0,30.0,30.0,30.0,30.0,31.0,31.0,31.0,31.0,31.0,32.0,32.0,32.0,32.0,33.0,33.0,33.0,33.0,33.0,34.0,34.0,34.0,34.0,35.0,35.0,35.0,35.0,36.0,36.0,36.0,37.0,37.0,38.0,38.0,39.0,39.0,41.0,45.0,29.0,1000.3764705955982,1000.5294117927551,1000.611764729023,1000.6823529601097,1000.8078431487083,1000.9607843160629,2000.458823531866,2000.7921568751335,3000.5490196347237,3001.0,150.38397216796875,158.0912628173828,163.0526153564453,166.96526489257812,170.42233276367188,173.83233642578125,177.58033752441406,182.71725463867188,196.77581787109375,346.1505126953125,221.93454,0.0,test_data/Useful/Validation/rice-at-2-ft/20241108_085554_061.jpg,418.0,177.0,55.99037505552583
20,0.0,1.0,3.0,5.0,6.0,8.0,9.0,10.0,11.0,12.0,12.0,13.0,14.0,14.0,15.0,16.0,16.0,16.819999999999993,17.0,17.0,18.0,18.0,19.0,19.0,20.0,20.0,20.0,20.0,21.0,21.0,21.0,22.0,22.0,22.0,23.0,23.0,23.0,23.0,24.0,24.0,24.0,25.0,25.0,25.0,25.0,26.0,26.0,26.0,26.0,27.0,27.0,27.0,27.0,27.0,28.0,28.0,28.0,28.0,29.0,29.0,29.0,29.0,29.0,29.360000000000127,30.0,30.0,30.0,30.0,30.0,31.0,31.0,31.0,31.0,32.0,32.0,32.0,32.0,32.0,33.0,33.0,33.0,33.0,33.0,34.0,34.0,34.0,35.0,35.0,35.0,35.0,36.0,36.0,36.0,37.0,37.0,38.0,39.0,40.0,41.0,46.0,29.0,1000.3764705955982,1000.5333333611488,1000.6156862974167,1000.6901960968971,1000.8235294222832,1000.972549021244,2000.4941176474094,2000.8196078538895,3000.5490196347237,3001.0,149.7761962890625,157.38404846191406,162.36105346679688,166.27008056640625,169.6886444091797,173.10330200195312,176.89080505371092,182.1365753173828,196.4755859375,346.166015625,222.53023,0.0,test_data/Useful/Validation/rice-at-2-ft/20241108_085554_068.jpg,386.0,157.0,59.59460323970659
21,0.0,2.0,4.0,6.0,8.0,9.0,10.0,11.0,11.0,12.0,13.0,14.0,14.0,15.0,15.0,16.0,17.0,17.0,18.0,18.0,18.0,19.0,19.0,19.0,20.0,20.0,20.0,21.0,21.0,21.0,22.0,22.0,22.0,22.0,23.0,23.0,23.0,23.0,24.0,24.0,24.0,24.0,25.0,25.0,25.0,26.0,26.0,26.0,26.0,26.0,27.0,27.0,27.0,27.0,28.0,28.0,28.0,28.0,28.0,29.0,29.0,29.0,29.0,29.0,30.0,30.0,30.0,30.320000000000164,31.0,31.0,31.0,31.0,31.0,32.0,32.0,32.0,32.0,33.0,33.0,33.0,33.0,33.0,34.0,34.0,34.0,34.0,34.0,35.0,35.0,35.0,36.0,36.0,36.0,37.0,37.0,38.0,39.0,39.0,40.0,45.0,28.0,1000.3764705955982,1000.5333333611488,1000.6156862974167,1000.6901960968971,1000.8313725590706,1000.9764705896378,2000.5333333611488,2000.866666674614,3000.560784339905,3001.0,149.41974792480468,157.05526733398438,162.01046752929688,165.85023498535156,169.36404418945312,172.7781768798828,176.5859634399414,181.9545379638672,196.65834045410156,346.16925048828125,222.60246,0.0,test_data/Useful/Validation/rice-at-2-ft/20241108_085554_069.jpg,382.0,169.0,58.56497796402522
22,0.0,2.0,4.0,6.0,8.0,9.0,10.0,11.0,12.0,13.0,13.0,14.0,15.0,15.0,16.0,16.0,17.0,17.0,18.0,18.0,19.0,19.0,19.0,20.0,20.0,21.0,21.0,21.0,21.0,22.0,22.0,22.0,22.0,23.0,23.0,23.0,24.0,24.0,24.0,24.0,25.0,25.0,25.0,26.0,26.0,26.0,26.0,26.0,27.0,27.0,27.0,27.0,28.0,28.0,28.0,28.0,28.0,29.0,29.0,29.0,29.0,29.0,30.0,30.0,30.0,30.0,30.0,31.0,31.0,31.0,31.0,31.0,32.0,32.0,32.0,32.0,32.0,33.0,33.0,33.0,33.0,34.0,34.0,34.0,34.0,34.0,35.0,35.0,35.0,36.0,36.0,36.0,37.0,37.0,37.0,38.0,39.0,40.0,41.0,46.0,32.0,1000.3803921639919,1000.5333333611488,1000.6156862974167,1000.6901960968971,1000.8313725590706,1000.9803921580315,2000.5372549295425,2000.878431379795,3000.560784339905,3001.0,149.55717010498046,157.2655487060547,162.29461822509765,166.2207458496094,169.6778793334961,173.0925720214844,176.87689208984375,182.1150085449219,196.73219299316406,346.1667175292969,222.47647,0.0,test_data/Useful/Validation/rice-at-2-ft/20241108_085554_070.jpg,365.0,144.0,55.215074916983276
23,0.0,1.0,4.0,7.0,8.0,9.0,10.0,11.0,12.0,12.0,13.0,14.0,14.0,15.0,15.0,16.0,16.83000000000004,17.0,18.0,18.0,18.0,19.0,19.0,19.0,20.0,20.0,20.0,21.0,21.0,22.0,22.0,22.0,22.0,23.0,23.0,23.0,23.0,24.0,24.0,24.0,24.0,24.0,25.0,25.0,25.0,25.0,26.0,26.0,26.0,26.0,26.0,27.0,27.0,27.0,27.0,28.0,28.0,28.0,28.0,28.0,29.0,29.0,29.0,29.0,29.0,29.0,30.0,30.0,30.0,30.0,31.0,31.0,31.0,31.0,31.0,32.0,32.0,32.0,32.0,32.0,33.0,33.0,33.0,33.0,34.0,34.0,34.0,35.0,35.0,35.0,36.0,36.0,37.0,37.0,37.0,38.0,39.0,40.0,41.0,45.0,29.0,1000.392156869173,1000.54509806633,1000.6235294342041,1000.705882370472,1000.8588235378265,1001.0,2000.572549045086,2000.9647058844566,3000.568627476692,3001.0,149.5669677734375,157.24221801757812,162.18416900634764,166.1774475097656,169.61302185058594,173.0417053222656,176.8508270263672,182.07439575195312,196.63658142089844,346.168701171875,222.5987,0.0,test_data/Useful/Validation/rice-at-2-ft/20241108_085554_071.jpg,380.0,148.0,57.39312204292625
24,0.0,2.0,4.0,6.0,7.0,9.0,10.0,11.0,12.0,13.0,13.0,14.0,15.0,15.0,16.0,17.0,17.0,18.0,18.0,19.0,19.0,19.0,20.0,20.0,20.0,21.0,21.0,22.0,22.0,22.0,22.0,23.0,23.0,23.0,24.0,24.0,24.0,24.0,24.0,25.0,25.0,25.0,25.0,26.0,26.0,26.0,26.0,26.0,27.0,27.0,27.0,27.0,27.0,28.0,28.0,28.0,28.0,29.0,29.0,29.0,29.0,29.0,30.0,30.0,30.0,30.0,30.0,31.0,31.0,31.0,31.0,32.0,32.0,32.0,32.0,32.0,32.0,33.0,33.0,33.0,33.0,33.0,34.0,34.0,34.0,34.0,34.0,35.0,35.0,35.0,36.0,36.0,36.0,37.0,37.0,38.0,38.0,39.0,40.0,44.0,32.0,1000.392156869173,1000.54509806633,1000.6274510025978,1000.705882370472,1000.8549019694328,1001.0,2000.5764706134796,3000.086274512112,3000.572549045086,3001.0,149.50851440429688,157.31438293457032,162.13092041015625,166.0162109375,169.48504638671875,172.97020263671874,176.77240600585938,182.0442352294922,196.5162811279297,346.1678466796875,222.66158,0.0,test_data/Useful/Validation/rice-at-2-ft/20241108_085554_072.jpg,381.0,163.0,59.90183145632017
25,0.0,1.0,3.0,5.0,7.0,8.0,9.0,10.0,11.0,12.0,13.0,14.0,14.0,15.0,16.0,16.0,17.0,17.0,17.0,18.0,18.0,19.0,19.0,19.0,20.0,20.0,20.0,21.0,21.0,21.0,22.0,22.0,22.0,22.660000000000082,23.0,23.0,23.0,24.0,24.0,24.0,24.0,25.0,25.0,25.0,25.0,26.0,26.0,26.0,26.0,26.0,27.0,27.0,27.0,27.0,27.0,28.0,28.0,28.0,28.0,28.0,29.0,29.0,29.0,29.0,29.0,30.0,30.0,30.0,30.0,30.0,31.0,31.0,31.0,31.0,31.0,32.0,32.0,32.0,32.0,33.0,33.0,33.0,33.0,33.0,34.0,34.0,34.0,34.0,35.0,35.0,35.0,36.0,36.0,37.0,37.0,38.0,38.0,39.0,41.0,46.0,28.0,1000.3960784375668,1000.5490196347237,1000.6352941393852,1000.7294117808342,1000.8862745165825,2000.1921568661928,2000.6745098233223,3000.32549020648,3000.5921568870544,3001.0,149.6048583984375,157.28466796875,162.23260498046875,166.11021423339844,169.5486297607422,172.92025756835938,176.70278930664062,182.04302673339845,196.42666625976562,346.16278076171875,222.65005,0.0,test_data/Useful/Validation/rice-at-2-ft/20241108_085554_079.jpg,401.0,171.0,55.417705477206354
26,0.0,1.0,4.0,6.0,7.0,9.0,10.0,11.0,12.0,13.0,13.0,14.0,14.0,15.0,15.0,16.0,16.0,17.0,17.0,18.0,18.0,19.0,19.0,19.0,20.0,20.0,20.0,21.0,21.0,21.0,22.0,22.0,22.0,23.0,23.0,23.0,23.0,24.0,24.0,24.0,24.0,24.0,25.0,25.0,25.0,26.0,26.0,26.0,26.0,26.0,27.0,27.0,27.0,27.0,28.0,28.0,28.0,28.0,28.0,28.0,29.0,29.0,29.0,29.0,29.0,30.0,30.0,30.0,30.0,30.299999999999955,31.0,31.0,31.0,31.0,31.0,32.0,32.0,32.0,32.0,33.0,33.0,33.0,33.0,33.0,34.0,34.0,34.0,34.0,35.0,35.0,35.0,35.0,36.0,36.0,37.0,37.0,38.0,39.0,40.0,47.0,28.0,1000.3960784375668,1000.5490196347237,1000.6352941393852,1000.7294117808342,1000.8862745165825,2000.203921571374,2000.678431391716,3000.337254911661,3000.596078455448,3001.0,149.43146820068358,157.13089599609376,162.03146362304688,165.90582275390625,169.42115783691406,172.8860321044922,176.6681930541992,181.96429443359375,196.51739501953125,346.16650390625,222.8405,0.0,test_data/Useful/Validation/rice-at-2-ft/20241108_085554_080.jpg,389.0,176.0,59.626205791850396
27,0.0,1.0,4.0,5.0,7.0,8.0,9.0,10.0,11.0,12.0,12.0,13.0,14.0,14.0,15.0,16.0,16.0,17.0,17.0,17.0,18.0,18.0,18.769999999999982,19.0,19.0,20.0,20.0,20.0,21.0,21.0,21.0,22.0,22.0,22.0,23.0,23.0,23.0,23.0,24.0,24.0,24.0,24.0,25.0,25.0,25.0,25.0,25.0,26.0,26.0,26.0,26.0,27.0,27.0,27.0,27.0,27.0,28.0,28.0,28.0,28.0,28.0,29.0,29.0,29.0,29.0,29.0,30.0,30.0,30.0,30.0,30.0,31.0,31.0,31.0,31.0,31.0,32.0,32.0,32.0,32.0,32.0,33.0,33.0,33.0,33.0,34.0,34.0,34.0,34.11000000000013,35.0,35.0,36.0,36.0,36.0,37.0,37.0,38.0,39.0,40.0,47.0,28.0,1000.3960784375668,1000.5490196347237,1000.6352941393852,1000.7254902124405,1000.8823529481888,2000.1686274558306,2000.6823529601097,3000.337254911661,3000.596078455448,3001.0,149.3748779296875,157.11656188964844,162.03370666503906,165.90936279296875,169.37705993652344,172.76956176757812,176.5491485595703,181.77081298828125,196.14688110351562,346.16522216796875,223.11899,0.0,test_data/Useful/Validation/rice-at-2-ft/20241108_085554_081.jpg,422.0,185.0,59.21415251828783
28,0.990000000000002,3.0,5.0,7.0,8.0,9.0,10.0,11.0,12.0,12.0,13.0,14.0,14.0,15.0,15.0,16.0,16.0,17.0,17.0,18.0,18.0,18.0,19.0,19.0,19.0,20.0,20.0,20.0,21.0,21.0,21.0,22.0,22.0,22.0,22.0,23.0,23.0,23.0,23.0,24.0,24.0,24.0,25.0,25.0,25.0,25.0,26.0,26.0,26.0,26.0,26.0,27.0,27.0,27.0,27.0,27.0,28.0,28.0,28.0,28.0,28.0,29.0,29.0,29.0,29.0,29.0,29.0,30.0,30.0,30.0,30.0,31.0,31.0,31.0,31.0,31.0,32.0,32.0,32.0,32.0,33.0,33.0,33.0,33.0,33.0,34.0,34.0,34.0,34.11000000000013,35.0,35.0,36.0,36.0,36.0,37.0,37.0,38.0,39.0,40.0,45.0,29.0,1000.3960784375668,1000.5490196347237,1000.6352941393852,1000.7254902124405,1000.8784313797951,2000.1529411822557,2000.6862745285034,3000.3490196168423,3000.596078455448,3001.0,149.2410430908203,156.87779846191407,161.77740325927735,165.62916564941406,169.11590576171875,172.50479125976562,176.3391586303711,181.75326538085938,196.4566650390625,346.1648254394531,223.14114,0.0,test_data/Useful/Validation/rice-at-2-ft/20241108_085554_082.jpg,387.0,159.0,62.986053620280885
29,0.0,1.0,4.0,5.0,7.0,9.0,10.0,11.0,12.0,12.0,13.0,14.0,14.0,14.0,15.0,16.0,16.0,17.0,17.0,18.0,18.0,19.0,19.0,19.0,20.0,20.0,20.0,20.720000000000027,21.0,21.0,21.0,22.0,22.0,22.0,22.0,23.0,23.0,23.0,23.0,24.0,24.0,24.0,24.0,25.0,25.0,25.0,25.0,26.0,26.0,26.0,26.0,26.0,27.0,27.0,27.0,27.0,27.0,28.0,28.0,28.0,28.0,28.0,29.0,29.0,29.0,29.0,29.0,30.0,30.0,30.0,30.0,30.0,31.0,31.0,31.0,31.0,31.0,32.0,32.0,32.0,32.0,32.0,33.0,33.0,33.0,33.0,34.0,34.0,34.0,35.0,35.0,35.0,36.0,36.0,37.0,37.0,38.0,39.0,41.0,45.0,29.0,1000.392156869173,1000.5490196347237,1000.6352941393852,1000.7254902124405,1000.8823529481888,2000.176470592618,2000.6862745285034,3000.341176480055,3000.600000023842,3001.0,149.26707763671874,156.8678741455078,161.81854248046875,165.70611572265625,169.22976684570312,172.65682678222657,176.46287994384767,181.73182373046876,196.18797149658204,346.1697692871094,222.90659,0.0,test_data/Useful/Validation/rice-at-2-ft/20241108_085554_083.jpg,387.0,185.0,60.95263005736265
30,0.0,0.980000000000004,2.0,4.0,6.0,8.0,9.0,10.0,11.0,12.0,13.0,14.0,14.0,15.0,15.0,16.0,17.0,17.0,17.0,18.0,18.0,19.0,19.0,20.0,20.0,21.0,21.0,21.0,21.0,22.0,22.0,22.0,23.0,23.0,23.0,23.0,24.0,24.0,24.0,24.0,24.0,25.0,25.0,25.0,25.0,26.0,26.0,26.0,26.0,27.0,27.0,27.0,27.0,27.0,28.0,28.0,28.0,28.0,28.409999999999854,29.0,29.0,29.0,29.0,30.0,30.0,30.0,30.0,30.0,31.0,31.0,31.0,31.0,31.0,31.0,32.0,32.0,32.0,32.0,32.0,33.0,33.0,33.0,33.0,34.0,34.0,34.0,34.0,34.0,35.0,35.0,35.0,36.0,36.0,37.0,37.0,38.0,38.0,39.0,40.0,47.0,31.0,1000.4078431427479,1000.5607843399048,1000.6470588445663,1000.7568627595901,1000.9176470637321,2000.3960784375668,2000.7529411911964,3000.403921574354,3000.6156862974167,3001.0,149.87574615478516,157.5452880859375,162.45016479492188,166.35289001464844,169.83414459228516,173.24635925292966,176.96983337402344,182.18162536621094,196.37245178222656,346.1376647949219,222.83432,0.0,test_data/Useful/Validation/rice-at-2-ft/20241108_085554_090.jpg,314.0,125.0,59.88521866763225
31,0.0,2.0,4.0,5.0,6.950000000000003,8.0,9.930000000000007,11.0,12.0,12.0,13.0,14.0,14.0,15.0,15.0,16.0,16.0,17.0,17.0,18.0,18.0,19.0,19.0,19.0,20.0,20.0,20.0,21.0,21.0,21.0,21.0,22.0,22.0,22.0,23.0,23.0,23.0,23.620000000000005,24.0,24.0,24.0,24.0,25.0,25.0,25.0,25.0,26.0,26.0,26.0,26.0,27.0,27.0,27.0,27.0,28.0,28.0,28.0,28.0,28.0,29.0,29.0,29.0,29.0,29.0,29.0,30.0,30.0,30.0,30.0,30.0,31.0,31.0,31.0,31.0,31.0,31.24000000000001,32.0,32.0,32.0,32.0,33.0,33.0,33.0,33.0,34.0,34.0,34.0,34.0,35.0,35.0,35.0,36.0,36.0,36.0,37.0,37.0,38.0,39.0,40.0,46.0,31.0,1000.4000000059605,1000.5568627715111,1000.6431372761726,1000.7529411911964,1000.9137254953384,2000.419607847929,2000.784313738346,3000.4274509847164,3000.6196078658104,3001.0,149.9052276611328,157.57395935058594,162.52761535644532,166.44334411621094,169.87982177734375,173.27801513671875,177.04286193847656,182.20462036132812,196.38693237304688,346.1275634765625,222.73512,0.0,test_data/Useful/Validation/rice-at-2-ft/20241108_085554_091.jpg,399.0,158.0,59.79540605783608
32,0.0,0.0,3.0,5.0,6.950000000000003,8.0,9.0,10.0,11.0,12.0,13.0,14.0,15.0,15.0,16.0,16.0,17.0,17.0,18.0,18.0,19.0,19.0,19.0,20.0,20.0,20.0,21.0,21.0,21.0,22.0,22.0,22.0,23.0,23.0,23.0,23.0,24.0,24.0,24.0,25.0,25.0,25.0,25.0,26.0,26.0,26.0,26.0,26.0,27.0,27.0,27.0,27.0,27.0,28.0,28.0,28.0,28.0,28.0,29.0,29.0,29.0,29.0,29.0,30.0,30.0,30.0,30.0,30.0,31.0,31.0,31.0,31.0,31.0,32.0,32.0,32.0,32.0,32.0,33.0,33.0,33.0,33.0,33.0,34.0,34.0,34.0,34.0,35.0,35.0,35.0,35.0,36.0,36.0,37.0,37.0,38.0,39.0,39.0,41.0,47.0,29.0,1000.4039215743542,1000.5607843399048,1000.65098041296,1000.7686274647713,1000.9411764740944,2000.4980392158031,2000.8156862854958,3000.435294121504,3000.623529434204,3001.0,150.1701690673828,157.7838134765625,162.7836456298828,166.7080841064453,170.17352294921875,173.55648193359374,177.27935791015625,182.34967651367188,196.52767944335938,346.1187744140625,222.5107,0.0,test_data/Useful/Validation/rice-at-2-ft/20241108_085554_092.jpg,363.0,147.0,58.67317249539653
33,0.0,0.980000000000004,3.0,5.0,7.0,8.0,10.0,10.0,12.0,13.0,13.0,14.0,15.0,15.0,16.0,16.0,17.0,17.0,18.0,18.0,19.0,19.0,19.0,20.0,20.0,20.0,21.0,21.0,21.0,22.0,22.0,22.0,22.0,23.0,23.0,23.0,24.0,24.0,24.0,24.0,25.0,25.0,25.0,25.0,26.0,26.0,26.0,26.0,26.50999999999999,27.0,27.0,27.0,27.0,28.0,28.0,28.0,28.0,28.0,29.0,29.0,29.0,29.0,29.0,30.0,30.0,30.0,30.0,30.0,31.0,31.0,31.0,31.0,31.0,32.0,32.0,32.0,32.0,32.0,33.0,33.0,33.0,33.0,34.0,34.0,34.0,34.0,35.0,35.0,35.0,35.09999999999991,36.0,36.0,36.0,37.0,37.0,38.0,38.0,39.0,41.0,46.0,30.0,1000.4039215743542,1000.5607843399048,1000.65098041296,1000.7686274647713,1000.9411764740944,2000.4941176474094,2000.811764717102,3000.435294121504,3000.623529434204,3001.0,150.27700805664062,157.96871032714844,162.8327896118164,166.70986938476562,170.2154541015625,173.5532989501953,177.31353759765625,182.4368133544922,196.58395385742188,346.1094970703125,222.56036,0.0,test_data/Useful/Validation/rice-at-2-ft/20241108_085554_093.jpg,372.0,171.0,58.562109691248544
34,0.0,0.0,3.0,5.0,7.0,8.0,10.0,11.0,11.0,12.0,13.0,14.0,14.0,15.0,15.0,16.0,16.0,17.0,17.810000000000002,18.0,18.0,19.0,19.0,20.0,20.0,20.0,21.0,21.0,21.0,22.0,22.0,22.0,22.0,23.0,23.0,23.0,24.0,24.0,24.0,25.0,25.0,25.0,25.0,25.559999999999945,26.0,26.0,26.0,26.0,27.0,27.0,27.0,27.0,27.0,28.0,28.0,28.0,28.0,28.0,29.0,29.0,29.0,29.0,29.0,30.0,30.0,30.0,30.0,30.0,31.0,31.0,31.0,31.0,31.0,31.0,32.0,32.0,32.0,32.0,32.0,33.0,33.0,33.0,33.0,34.0,34.0,34.0,34.0,35.0,35.0,35.0,36.0,36.0,36.0,37.0,37.0,38.0,39.0,40.0,41.0,45.0,31.0,1000.4117647111416,1000.5647059082985,1000.6549019813538,1000.7764706015587,1000.9568627476692,2000.5098039507866,2000.811764717102,3000.43137255311,3000.6196078658104,3001.0,150.57198181152344,158.20427856445312,163.1100616455078,166.9915771484375,170.46011352539062,173.77468872070312,177.48696746826172,182.62522583007814,196.23434448242188,346.11322021484375,222.29271,0.0,test_data/Useful/Validation/rice-at-2-ft/20241108_085554_094.jpg,386.0,160.0,60.154543733993435
35,0.0,1.0,2.969999999999999,5.0,6.950000000000003,8.0,9.0,10.0,11.0,12.0,13.0,14.0,15.0,16.0,16.0,17.0,17.83000000000004,18.0,18.0,19.0,19.0,20.0,20.0,20.0,21.0,21.0,22.0,22.0,22.0,23.0,23.0,23.0,24.0,24.0,24.0,24.0,25.0,25.0,25.0,25.0,25.0,26.0,26.0,26.0,26.0,27.0,27.0,27.0,27.0,27.0,27.0,28.0,28.0,28.0,28.0,28.0,29.0,29.0,29.0,29.0,29.0,30.0,30.0,30.0,30.0,30.0,31.0,31.0,31.0,31.0,32.0,32.0,32.0,32.0,32.0,33.0,33.0,33.0,33.0,33.0,34.0,34.0,34.0,34.0,34.0,35.0,35.0,35.0,36.0,36.0,36.0,36.0,37.0,37.0,38.0,38.0,39.0,39.0,40.0,47.0,27.0,1000.3764705955982,1000.5254902243614,1000.6078431606293,1000.6862745285034,1000.8235294222832,1001.0,2000.556862771511,3000.149019613862,3000.5803921818733,3001.0,151.50059509277344,159.25730895996094,164.16265869140625,168.00375366210938,171.41763305664062,174.74647521972656,178.46978759765625,183.48163452148438,196.9192352294922,346.0741882324219,221.53978,0.0,test_data/Useful/Validation/rice-at-2-ft/20241108_085653_027.jpg,399.0,152.0,57.075260119996415
36,0.0,0.0,2.969999999999999,5.0,7.0,8.0,10.0,11.0,12.0,13.0,13.0,14.0,15.0,15.860000000000014,16.0,17.0,18.0,18.0,19.0,19.0,20.0,20.0,20.0,21.0,21.0,21.0,22.0,22.0,22.0,22.0,23.0,23.0,24.0,24.0,24.0,25.0,25.0,25.0,25.0,26.0,26.0,26.0,26.0,26.0,27.0,27.0,27.0,27.0,27.0,28.0,28.0,28.0,28.0,28.0,29.0,29.0,29.0,29.0,29.0,29.0,30.0,30.0,30.0,30.0,30.0,31.0,31.0,31.0,31.0,31.0,31.289999999999964,32.0,32.0,32.0,32.0,32.0,33.0,33.0,33.0,33.0,33.0,34.0,34.0,34.0,34.0,35.0,35.0,35.0,35.0,35.09999999999991,36.0,36.0,36.0,37.0,37.0,38.0,39.0,39.01999999999998,41.0,45.0,29.0,1000.3725490272045,1000.5254902243614,1000.6078431606293,1000.6862745285034,1000.8235294222832,1001.0,2000.5607843399048,3000.164705887437,3000.5803921818733,3001.0,151.53077392578126,159.21789855957033,164.10210876464845,167.99633178710937,171.41311645507812,174.8004608154297,178.48045349121094,183.43936462402345,196.72662353515625,346.07257080078125,221.40547,0.0,test_data/Useful/Validation/rice-at-2-ft/20241108_085653_028.jpg,393.0,153.0,55.70045769012367
37,0.0,1.0,3.0,5.0,7.0,9.0,10.0,11.0,12.0,13.0,14.0,15.0,15.0,16.0,17.0,17.0,18.0,18.0,19.0,19.0,20.0,20.0,21.0,21.0,21.0,22.0,22.0,22.0,23.0,23.0,23.0,24.0,24.0,24.0,24.649999999999977,25.0,25.0,25.0,25.0,26.0,26.0,26.0,26.0,27.0,27.0,27.0,27.0,27.0,28.0,28.0,28.0,28.0,28.0,29.0,29.0,29.0,29.0,29.0,29.0,30.0,30.0,30.0,30.0,30.0,31.0,31.0,31.0,31.0,31.0,32.0,32.0,32.0,32.0,32.0,32.25,33.0,33.0,33.0,33.0,34.0,34.0,34.0,34.0,34.0,35.0,35.0,35.0,36.0,36.0,36.0,36.0,37.0,37.0,38.0,38.0,39.0,39.0,40.0,41.0,45.0,32.0,1000.3764705955982,1000.5294117927551,1000.611764729023,1000.6901960968971,1000.8352941274643,2000.0352941192687,2000.572549045086,3000.1803921610117,3000.5803921818733,3001.0,151.59921264648438,159.34571838378906,164.18618774414062,168.0283203125,171.52474975585938,174.9097900390625,178.57122802734375,183.55467224121094,196.80575561523438,346.07525634765625,221.58568,0.0,test_data/Useful/Validation/rice-at-2-ft/20241108_085653_029.jpg,371.0,150.0,58.922941056969506
38,0.0,1.0,4.0,7.0,8.0,9.0,11.0,12.0,13.0,14.0,14.0,15.0,16.0,16.0,17.0,17.840000000000032,18.0,18.819999999999993,19.0,20.0,20.0,20.0,21.0,21.0,21.0,22.0,22.0,22.720000000000027,23.0,23.0,23.0,24.0,24.0,24.0,25.0,25.0,25.0,25.0,26.0,26.0,26.0,26.0,27.0,27.0,27.0,27.0,27.0,28.0,28.0,28.0,28.0,28.0,29.0,29.0,29.0,29.0,29.0,29.0,30.0,30.0,30.0,30.0,30.0,30.0,31.0,31.0,31.0,31.0,31.0,31.0,32.0,32.0,32.0,32.0,33.0,33.0,33.0,33.0,33.0,33.0,34.0,34.0,34.0,34.0,34.0,35.0,35.0,35.0,36.0,36.0,36.0,37.0,37.0,37.0,38.0,38.0,39.0,40.0,41.0,47.0,30.0,1000.3725490272045,1000.5254902243614,1000.611764729023,1000.6901960968971,1000.8352941274643,2000.0352941192687,2000.572549045086,3000.1803921610117,3000.5803921818733,3001.0,151.47401123046876,159.23526306152343,164.15231323242188,168.05613403320314,171.4779281616211,174.8951385498047,178.59454193115235,183.57870483398438,196.72625732421875,346.0735778808594,221.49973,0.0,test_data/Useful/Validation/rice-at-2-ft/20241108_085653_030.jpg,374.0,180.0,61.36288856013627
39,0.990000000000002,3.0,6.0,8.0,9.0,10.0,11.0,12.0,13.0,13.0,14.0,15.0,16.0,16.0,17.0,17.0,18.0,19.0,19.0,20.0,20.0,21.0,21.0,22.0,22.0,22.0,23.0,23.0,23.0,24.0,24.0,24.0,24.0,25.0,25.0,25.0,26.0,26.0,26.0,26.0,27.0,27.0,27.0,27.0,27.0,27.0,28.0,28.0,28.0,28.0,29.0,29.0,29.0,29.0,29.0,29.0,30.0,30.0,30.0,30.0,30.0,30.0,31.0,31.0,31.0,31.0,31.0,32.0,32.0,32.0,32.0,32.0,33.0,33.0,33.0,33.0,33.0,33.0,34.0,34.0,34.0,34.0,34.0,35.0,35.0,35.0,35.0,36.0,36.0,36.0,36.0,37.0,37.0,38.0,38.0,38.0,39.0,40.0,41.0,45.0,30.0,1000.3764705955982,1000.5294117927551,1000.611764729023,1000.6941176652908,1000.839215695858,2000.06274510175,2000.5764706134796,3000.2000000029802,3000.584313750267,3001.0,151.507763671875,159.23699951171875,164.22105407714844,168.12326049804688,171.57916259765625,174.91854858398438,178.6302001953125,183.61380615234376,196.8450164794922,346.0771179199219,221.33011,0.0,test_data/Useful/Validation/rice-at-2-ft/20241108_085653_031.jpg,338.0,150.0,57.58350601191658
40,0.0,0.0,2.0,4.0,7.0,8.0,10.0,11.0,12.0,13.0,13.0,14.0,15.0,16.0,16.0,17.0,18.0,18.0,19.0,19.0,20.0,20.0,21.0,21.0,22.0,22.0,22.0,22.0,23.0,23.0,23.0,23.680000000000064,24.0,24.0,24.0,25.0,25.0,25.0,25.0,26.0,26.0,26.0,26.0,27.0,27.0,27.0,27.0,27.0,28.0,28.0,28.0,28.0,28.0,29.0,29.0,29.0,29.0,29.0,29.409999999999854,30.0,30.0,30.0,30.0,31.0,31.0,31.0,31.0,31.0,31.0,32.0,32.0,32.0,32.0,32.0,32.0,33.0,33.0,33.0,33.0,33.0,34.0,34.0,34.0,34.0,35.0,35.0,35.0,36.0,36.0,36.0,37.0,37.0,37.0,38.0,38.0,39.0,39.0,40.0,41.0,46.0,31.0,1000.3803921639919,1000.5333333611488,1000.6156862974167,1000.6980392336845,1000.8549019694328,2000.1215686276555,2000.5921568870544,3000.2352941185236,3000.5882353186607,3001.0,151.61852569580077,159.25435791015624,164.20143432617186,168.07363891601562,171.50132751464844,174.87713623046875,178.54605102539062,183.5386505126953,196.64096069335938,346.06854248046875,221.46141,0.0,test_data/Useful/Validation/rice-at-2-ft/20241108_085653_032.jpg,330.0,108.0,51.917386271105656
41,0.0,2.0,4.0,6.0,8.0,9.0,10.0,11.0,12.0,13.0,14.0,15.0,16.0,16.0,17.0,17.840000000000032,18.0,19.0,19.0,19.80000000000001,20.0,20.0,21.0,21.0,22.0,22.0,22.0,23.0,23.0,23.0,24.0,24.0,24.0,24.0,25.0,25.0,25.0,25.0,26.0,26.0,26.0,26.0,26.0,27.0,27.0,27.0,27.0,28.0,28.0,28.0,28.0,28.0,29.0,29.0,29.0,29.0,29.0,30.0,30.0,30.0,30.0,30.0,31.0,31.0,31.0,31.0,31.0,32.0,32.0,32.0,32.0,32.0,33.0,33.0,33.0,33.0,33.0,33.0,34.0,34.0,34.0,34.0,34.0,35.0,35.0,35.0,35.0,36.0,36.0,36.0,37.0,37.0,37.0,38.0,38.0,38.0,39.0,40.0,41.0,46.0,33.0,1000.3843137323856,1000.5372549295425,1000.6235294342041,1000.7137255072594,1000.8823529481888,2000.243137255311,2000.623529434204,3000.2784313857555,3000.5921568870544,3001.0,151.66792755126954,159.32290649414062,164.26881408691406,168.1687774658203,171.62454223632812,174.93307189941407,178.58228454589843,183.58090209960938,196.71202087402344,346.06866455078125,221.35576,0.0,test_data/Useful/Validation/rice-at-2-ft/20241108_085653_033.jpg,341.0,131.0,61.50326560782739
42,0.0,1.980000000000004,4.0,7.0,8.0,10.0,10.0,12.0,13.0,13.0,14.0,15.0,15.870000000000005,16.0,17.0,17.0,17.0,18.0,18.0,19.0,19.0,20.0,20.0,21.0,21.0,21.0,22.0,22.0,22.0,23.0,23.0,23.0,24.0,24.0,24.0,25.0,25.0,25.0,25.0,26.0,26.0,26.0,26.0,26.0,27.0,27.0,27.0,27.0,28.0,28.0,28.0,28.0,28.0,29.0,29.0,29.0,29.0,29.0,30.0,30.0,30.0,30.0,31.0,31.0,31.0,31.0,31.0,31.0,32.0,32.0,32.0,32.0,32.0,33.0,33.0,33.0,33.0,33.0,34.0,34.0,34.0,34.0,34.17000000000007,35.0,35.0,35.0,36.0,36.0,36.0,36.0,37.0,37.0,37.0,38.0,38.0,39.0,39.029999999999745,40.0,42.0,45.0,31.0,1000.3960784375668,1000.54509806633,1000.6352941393852,1000.7411764860153,1000.9176470637321,2000.364705890417,2000.6980392336845,3000.3960784375668,3000.6078431606293,3001.0,151.59617919921874,159.30600280761718,164.23116302490234,168.16767272949218,171.57315826416016,174.9143829345703,178.60284423828125,183.6226806640625,196.6324462890625,346.05499267578125,221.19116,0.0,test_data/Useful/Validation/rice-at-2-ft/20241108_085653_038.jpg,382.0,161.0,59.98609512371569
43,0.0,2.0,4.969999999999999,6.0,7.0,9.0,10.0,12.0,13.0,13.900000000000006,14.0,15.0,16.0,16.0,17.0,17.0,18.0,18.0,19.0,19.0,20.0,20.0,20.0,21.0,21.0,21.0,22.0,22.0,22.0,23.0,23.0,23.0,23.0,24.0,24.0,24.0,25.0,25.0,25.0,25.0,26.0,26.0,26.0,26.0,27.0,27.0,27.0,27.0,28.0,28.0,28.0,28.0,28.0,29.0,29.0,29.0,29.0,29.0,30.0,30.0,30.0,30.0,30.0,31.0,31.0,31.0,31.0,31.0,31.0,32.0,32.0,32.0,32.0,32.0,33.0,33.0,33.0,33.0,33.0,34.0,34.0,34.0,34.0,34.159999999999854,35.0,35.0,35.0,36.0,36.0,36.0,36.0,37.0,37.0,37.0,38.0,38.039999999999964,39.0,40.0,41.0,47.0,31.0,1000.392156869173,1000.5411764979362,1000.6313725709915,1000.7333333492279,1000.9098039269447,2000.3450980484486,2000.6980392336845,3000.3960784375668,3000.6078431606293,3001.0,151.7719985961914,159.33026733398438,164.2321044921875,168.11981811523438,171.59349060058594,174.89798583984376,178.5814971923828,183.56167602539062,196.69293212890625,346.05865478515625,221.31885,0.0,test_data/Useful/Validation/rice-at-2-ft/20241108_085653_039.jpg,357.0,134.0,58.82118467921936
44,0.0,3.0,5.0,7.0,9.0,10.0,11.0,12.0,13.0,14.0,15.0,15.0,16.0,16.0,17.0,18.0,18.0,19.0,19.0,19.80000000000001,20.0,20.0,21.0,21.0,21.0,22.0,22.0,22.0,22.0,23.0,23.0,23.0,24.0,24.0,24.0,25.0,25.0,25.0,25.0,26.0,26.0,26.0,26.0,27.0,27.0,27.0,27.0,27.0,28.0,28.0,28.0,28.0,28.470000000000027,29.0,29.0,29.0,29.0,30.0,30.0,30.0,30.0,30.0,30.37000000000012,31.0,31.0,31.0,31.0,31.0,31.0,32.0,32.0,32.0,32.0,32.0,33.0,33.0,33.0,33.0,33.0,34.0,34.0,34.0,34.0,35.0,35.0,35.0,35.0,36.0,36.0,36.0,36.090000000000146,37.0,37.0,38.0,38.0,39.0,40.0,40.0,42.0,48.0,31.0,1000.392156869173,1000.5411764979362,1000.6313725709915,1000.7294117808342,1000.905882358551,2000.3490196168423,2000.7137255072594,3000.4117647111416,3000.6078431606293,3001.0,151.4695281982422,159.29696655273438,164.1453399658203,168.05353393554688,171.4730987548828,174.85472717285157,178.54425201416015,183.5599334716797,196.5867919921875,346.0628662109375,221.57443,0.0,test_data/Useful/Validation/rice-at-2-ft/20241108_085653_040.jpg,375.0,162.0,59.53421948928842
45,0.0,2.0,4.0,5.0,7.0,8.0,9.0,11.0,12.0,13.0,14.0,14.0,16.0,16.0,17.0,17.0,18.0,18.0,19.0,19.0,19.0,20.0,20.0,21.0,21.0,21.0,22.0,22.0,22.0,23.0,23.0,23.0,23.0,24.0,24.0,24.0,25.0,25.0,25.0,25.0,26.0,26.0,26.0,26.0,27.0,27.0,27.0,27.0,27.0,28.0,28.0,28.0,28.0,28.0,28.0,29.0,29.0,29.0,29.0,29.0,30.0,30.0,30.0,30.0,30.0,31.0,31.0,31.0,31.0,31.0,32.0,32.0,32.0,32.0,32.0,32.0,33.0,33.0,33.0,33.0,34.0,34.0,34.0,34.0,34.0,35.0,35.0,35.0,36.0,36.0,36.0,36.0,37.0,37.0,38.0,38.0,39.0,39.0,40.00999999999976,48.0,32.0,1000.3960784375668,1000.54509806633,1000.6352941393852,1000.7411764860153,1000.9215686321259,2000.3843137323856,2000.7254902124405,3000.4117647111416,3000.611764729023,3001.0,151.56722869873047,159.24989624023436,164.12197875976562,168.0071014404297,171.48944091796875,174.8772735595703,178.57492065429688,183.59784545898438,196.62484741210938,346.0526123046875,221.8338,0.0,test_data/Useful/Validation/rice-at-2-ft/20241108_085653_041.jpg,410.0,163.0,61.34911439147345
46,0.0,2.0,4.0,5.0,7.0,8.0,10.0,11.0,12.0,13.0,13.0,14.0,15.0,15.0,16.0,17.0,17.0,18.0,18.0,19.0,19.0,19.0,20.0,20.0,21.0,21.0,22.0,22.0,22.0,23.0,23.0,23.0,23.670000000000073,24.0,24.0,24.0,24.0,25.0,25.0,25.0,25.0,26.0,26.0,26.0,27.0,27.0,27.0,27.0,27.0,27.0,28.0,28.0,28.0,28.0,28.0,29.0,29.0,29.0,29.0,29.0,30.0,30.0,30.0,30.0,30.0,30.0,31.0,31.0,31.0,31.0,31.0,32.0,32.0,32.0,32.0,32.0,33.0,33.0,33.0,33.0,33.190000000000055,34.0,34.0,34.0,34.15000000000009,35.0,35.0,35.0,36.0,36.0,36.0,37.0,37.0,38.0,38.0,39.0,39.0,40.0,41.0,48.0,30.0,1000.3960784375668,1000.54509806633,1000.6352941393852,1000.7411764860153,1000.9215686321259,2000.392156869173,2000.7372549176216,3000.4235294163227,3000.611764729023,3001.0,151.51856994628906,159.17799377441406,164.0904998779297,167.96510314941406,171.38441467285156,174.7659149169922,178.4742431640625,183.5099639892578,196.72789001464844,346.0565490722656,221.6369,0.0,test_data/Useful/Validation/rice-at-2-ft/20241108_085653_042.jpg,409.0,156.0,63.5627805979638
47,0.0,1.0,4.0,5.0,7.0,8.0,9.0,11.0,12.0,13.0,14.0,14.0,15.0,16.0,16.0,17.0,18.0,18.0,19.0,19.0,20.0,20.0,21.0,21.0,21.0,22.0,22.0,22.0,23.0,23.0,23.0,23.0,24.0,24.0,24.0,24.0,25.0,25.0,25.0,25.0,26.0,26.0,26.0,26.0,26.0,27.0,27.0,27.0,27.0,28.0,28.0,28.0,28.0,28.0,28.450000000000045,29.0,29.0,29.0,29.0,29.0,29.389999999999873,30.0,30.0,30.0,30.0,31.0,31.0,31.0,31.0,31.0,32.0,32.0,32.0,32.0,32.0,33.0,33.0,33.0,33.0,33.0,34.0,34.0,34.0,34.0,34.0,35.0,35.0,35.0,35.0,36.0,36.0,36.0,37.0,37.0,38.0,38.0,39.0,40.0,41.0,47.0,29.0,1000.3882353007793,1000.5411764979362,1000.6313725709915,1000.7411764860153,1000.9176470637321,2000.3882353007793,2000.7490196228027,3000.4235294163227,3000.611764729023,3001.0,151.51739654541015,159.1445343017578,164.0549545288086,167.90040588378906,171.36945343017578,174.70078735351564,178.37955932617186,183.32829589843752,196.52255096435547,346.05621337890625,221.48749,0.0,test_data/Useful/Validation/rice-at-2-ft/20241108_085653_043.jpg,387.0,165.0,58.996228970141416
48,0.0,2.0,4.0,6.0,8.0,9.0,10.0,11.0,12.0,13.0,14.0,15.0,15.0,16.0,17.0,17.0,17.0,18.0,18.0,19.0,19.0,20.0,20.0,21.0,21.0,21.0,22.0,22.0,23.0,23.0,23.0,23.0,24.0,24.0,24.0,24.0,25.0,25.0,25.0,25.0,26.0,26.0,26.0,26.0,26.0,27.0,27.0,27.0,27.0,27.0,28.0,28.0,28.0,28.0,28.0,29.0,29.0,29.0,29.0,29.0,29.0,30.0,30.0,30.0,30.0,30.0,31.0,31.0,31.0,31.0,31.0,32.0,32.0,32.0,32.0,32.0,33.0,33.0,33.0,33.0,34.0,34.0,34.0,34.0,34.0,35.0,35.0,35.0,35.0,36.0,36.0,36.0,37.0,37.0,38.0,38.0,39.0,40.0,41.0,47.0,29.0,1000.3882353007793,1000.5411764979362,1000.6313725709915,1000.7411764860153,1000.9176470637321,2000.4000000059605,2000.7529411911964,3000.4235294163227,3000.611764729023,3001.0,151.34107666015626,159.02269287109374,163.91746215820314,167.85430603027345,171.30391693115234,174.69403686523438,178.3674530029297,183.37020263671874,196.70794677734375,346.0466003417969,221.75241,0.0,test_data/Useful/Validation/rice-at-2-ft/20241108_085653_044.jpg,361.0,132.0,59.6542917323653
49,0.0,3.0,5.0,7.0,8.0,9.0,10.0,11.0,12.0,13.0,13.0,14.0,15.0,15.860000000000014,16.0,16.0,17.0,17.819999999999993,18.0,18.0,19.0,19.0,20.0,20.0,21.0,21.0,21.0,22.0,22.0,22.0,22.0,23.0,23.0,23.0,24.0,24.0,24.0,24.0,25.0,25.0,25.0,25.0,25.0,26.0,26.0,26.0,26.0,26.0,27.0,27.0,27.0,27.0,28.0,28.0,28.0,28.0,28.0,29.0,29.0,29.0,29.0,29.0,30.0,30.0,30.0,30.0,30.0,31.0,31.0,31.0,31.0,31.0,32.0,32.0,32.0,32.0,33.0,33.0,33.0,33.0,33.0,34.0,34.0,34.0,34.0,35.0,35.0,35.0,35.0,36.0,36.0,36.0,37.0,37.0,38.0,38.0,39.0,40.0,41.0,45.0,28.0,1000.3882353007793,1000.54509806633,1000.6431372761726,1000.7647058963776,1000.9568627476692,2000.486274510622,2000.878431379795,3000.447058826685,3000.6196078658104,3001.0,151.4512908935547,159.07276306152343,164.03342895507814,167.8767547607422,171.2996368408203,174.57267150878906,178.28392486572267,183.3540496826172,196.421630859375,346.04998779296875,221.56256,0.0,test_data/Useful/Validation/rice-at-2-ft/20241108_085653_049.jpg,366.0,158.0,65.50980279635314
50,0.0,1.0,3.0,5.0,6.0,8.0,9.930000000000007,11.0,12.0,13.0,14.0,14.0,15.0,16.0,16.0,17.0,17.0,18.0,18.0,19.0,19.0,20.0,20.0,20.0,21.0,21.0,21.0,22.0,22.0,22.0,22.68999999999994,23.0,23.0,23.0,23.0,24.0,24.0,24.0,25.0,25.0,25.0,25.0,26.0,26.0,26.0,27.0,27.0,27.0,27.0,27.0,28.0,28.0,28.0,28.0,28.0,29.0,29.0,29.0,29.0,30.0,30.0,30.0,30.0,30.0,30.0,31.0,31.0,31.0,31.0,31.0,32.0,32.0,32.0,32.0,32.0,33.0,33.0,33.0,33.0,33.0,34.0,34.0,34.0,34.0,35.0,35.0,35.0,35.0,35.0,36.0,36.0,36.07999999999993,37.0,37.0,38.0,38.0,39.0,40.0,40.00999999999976,44.0,30.0,1000.3882353007793,1000.54509806633,1000.6431372761726,1000.7607843279839,1000.9529411792755,2000.4823529422283,2000.9372549057007,3000.4549019634724,3000.6196078658104,3001.0,151.24444580078125,158.953857421875,163.8771209716797,167.7294158935547,171.17156982421875,174.48422241210938,178.16908569335936,183.2644805908203,196.63034057617188,346.0432434082031,221.82028,0.0,test_data/Useful/Validation/rice-at-2-ft/20241108_085653_050.jpg,372.0,155.0,62.1857630007713
51,0.0,0.0,3.0,5.0,8.0,9.0,10.0,11.0,12.0,13.0,14.0,15.0,15.0,16.0,16.0,17.0,17.0,18.0,18.0,19.0,19.0,20.0,20.0,20.75999999999999,21.0,21.0,22.0,22.0,22.0,22.0,23.0,23.0,23.0,23.660000000000082,24.0,24.0,24.0,25.0,25.0,25.0,25.0,26.0,26.0,26.0,26.0,27.0,27.0,27.0,27.0,27.0,28.0,28.0,28.0,28.0,29.0,29.0,29.0,29.0,29.0,29.0,30.0,30.0,30.0,30.0,30.0,31.0,31.0,31.0,31.0,31.0,32.0,32.0,32.0,32.0,32.0,32.0,33.0,33.0,33.0,33.0,34.0,34.0,34.0,34.0,34.0,35.0,35.0,35.0,36.0,36.0,36.0,37.0,37.0,37.0,38.0,38.0,39.0,40.0,41.0,47.0,29.0,1000.3882353007793,1000.54509806633,1000.6392157077789,1000.7607843279839,1000.9490196108818,2000.474509805441,2000.9686274528503,3000.4549019634724,3000.623529434204,3001.0,151.2750213623047,159.06422119140626,163.97039642333985,167.8749786376953,171.30279541015625,174.66323852539062,178.3354049682617,183.4403991699219,196.65511169433594,346.0367431640625,221.47879,0.0,test_data/Useful/Validation/rice-at-2-ft/20241108_085653_051.jpg,365.0,148.0,56.6036667205388
52,0.0,2.0,4.0,6.0,7.0,8.0,9.0,11.0,12.0,13.0,14.0,15.0,15.0,16.0,16.0,16.840000000000032,17.0,18.0,18.0,19.0,19.0,19.0,20.0,20.0,21.0,21.0,21.0,22.0,22.0,22.0,23.0,23.0,23.0,24.0,24.0,24.0,24.0,24.0,25.0,25.0,25.0,25.0,25.0,26.0,26.0,26.0,26.0,26.519999999999982,27.0,27.0,27.0,28.0,28.0,28.0,28.0,28.0,29.0,29.0,29.0,29.0,29.0,30.0,30.0,30.0,30.0,30.0,30.0,31.0,31.0,31.0,31.0,31.279999999999973,32.0,32.0,32.0,32.0,33.0,33.0,33.0,33.0,34.0,34.0,34.0,34.0,34.0,35.0,35.0,35.0,35.0,36.0,36.0,36.0,37.0,37.0,37.0,38.0,39.0,40.0,41.0,45.0,30.0,1000.3960784375668,1000.5490196347237,1000.6431372761726,1000.7607843279839,1000.9490196108818,2000.4784313738346,2001.0,3000.458823531866,3000.6196078658104,3001.0,150.887744140625,158.59190063476564,163.59698181152345,167.45909118652344,170.87745666503906,174.25690307617188,177.97389373779296,183.0367889404297,196.59701538085938,346.0404052734375,221.61221,0.0,test_data/Useful/Validation/rice-at-2-ft/20241108_085653_052.jpg,379.0,171.0,55.74541911590412
53,0.0,1.0,4.0,5.0,6.0,8.0,9.0,11.0,11.909999999999997,12.0,13.0,14.0,15.0,15.0,16.0,17.0,17.0,18.0,18.0,19.0,19.0,19.0,20.0,20.0,21.0,21.0,21.0,22.0,22.0,23.0,23.0,23.0,23.0,24.0,24.0,24.0,24.629999999999995,25.0,25.0,25.0,25.0,26.0,26.0,26.0,26.0,27.0,27.0,27.0,27.0,27.0,28.0,28.0,28.0,28.0,29.0,29.0,29.0,29.0,29.0,29.0,30.0,30.0,30.0,30.0,30.0,31.0,31.0,31.0,31.0,31.0,31.0,32.0,32.0,32.0,32.0,32.0,33.0,33.0,33.0,33.0,33.0,34.0,34.0,34.0,34.0,35.0,35.0,35.0,35.0,36.0,36.0,37.0,37.0,38.0,38.0,38.0,39.0,40.0,41.0,45.0,30.0,1000.3882353007793,1000.54509806633,1000.6392157077789,1000.7529411911964,1000.9450980424881,2000.4784313738346,3000.023529412225,3000.46274510026,3000.623529434204,3001.0,151.2603988647461,158.90480041503906,163.76018371582032,167.6976531982422,171.12074279785156,174.461474609375,178.1201950073242,183.17425537109375,196.2917938232422,346.0388488769531,221.71007,0.0,test_data/Useful/Validation/rice-at-2-ft/20241108_085653_053.jpg,361.0,161.0,66.48352621852996
54,0.0,1.0,4.0,6.0,8.0,9.0,10.0,11.0,12.0,13.0,13.0,14.0,15.0,15.0,16.0,16.0,17.0,17.0,18.0,18.80000000000001,19.0,19.0,20.0,20.0,20.0,21.0,21.0,22.0,22.0,22.0,23.0,23.0,23.0,23.0,24.0,24.0,24.0,25.0,25.0,25.0,25.0,26.0,26.0,26.0,26.0,27.0,27.0,27.0,27.0,27.0,28.0,28.0,28.0,28.0,28.0,29.0,29.0,29.0,29.0,29.0,30.0,30.0,30.0,30.0,30.0,30.0,31.0,31.0,31.0,31.0,32.0,32.0,32.0,32.0,32.0,32.0,33.0,33.0,33.0,33.0,33.0,34.0,34.0,34.0,34.0,35.0,35.0,35.0,35.0,36.0,36.0,36.0,37.0,37.0,38.0,38.0,39.0,40.0,41.0,45.0,29.0,1000.3960784375668,1000.5490196347237,1000.6431372761726,1000.7568627595901,1000.9490196108818,2000.4941176474094,3000.074509806931,3000.470588237047,3000.623529434204,3001.0,151.022705078125,158.7587127685547,163.68211364746094,167.51219177246094,170.92811584472656,174.30557250976562,177.99201049804688,183.03482055664062,196.57269287109375,346.0417175292969,221.63725,0.0,test_data/Useful/Validation/rice-at-2-ft/20241108_085653_054.jpg,353.0,151.0,54.73180130041628
55,0.0,2.0,5.0,7.0,8.0,10.0,11.0,12.0,13.0,14.0,14.0,15.0,15.0,16.0,16.0,17.0,17.0,18.0,18.0,19.0,19.0,19.779999999999973,20.0,20.0,21.0,21.0,21.0,22.0,22.0,22.699999999999932,23.0,23.0,23.0,24.0,24.0,24.0,25.0,25.0,25.0,25.0,26.0,26.0,26.0,26.0,26.0,27.0,27.0,27.0,27.0,27.0,27.0,28.0,28.0,28.0,28.0,29.0,29.0,29.0,29.0,29.0,30.0,30.0,30.0,30.0,30.0,30.0,31.0,31.0,31.0,31.0,31.0,32.0,32.0,32.0,32.0,32.0,33.0,33.0,33.0,33.0,33.0,34.0,34.0,34.0,34.0,35.0,35.0,35.0,35.0,36.0,36.0,36.07999999999993,37.0,37.0,38.0,38.0,39.0,40.0,41.0,45.0,27.0,1000.3960784375668,1000.5529412031174,1000.6431372761726,1000.7647058963776,1000.9607843160629,2000.5019608139992,3000.0666666701436,3000.470588237047,3000.623529434204,3001.0,151.2391357421875,158.90048217773438,163.72018432617188,167.61672973632812,171.02964782714844,174.39767456054688,178.12396697998045,183.07859497070314,196.47552490234375,346.0384521484375,221.42828,0.0,test_data/Useful/Validation/rice-at-2-ft/20241108_085653_055.jpg,351.0,156.0,62.13382476529361
56,0.0,2.0,4.0,7.0,9.0,9.939999999999998,11.0,12.0,12.0,13.0,14.0,15.0,15.0,16.0,16.0,17.0,17.0,18.0,18.0,18.0,19.0,19.0,19.0,20.0,20.0,21.0,21.0,21.0,22.0,22.0,22.0,22.0,23.0,23.0,23.0,23.0,24.0,24.0,24.0,24.0,25.0,25.0,25.0,25.0,25.0,26.0,26.0,26.0,26.0,26.0,27.0,27.0,27.0,27.0,28.0,28.0,28.0,28.0,29.0,29.0,29.0,29.0,29.0,29.0,30.0,30.0,30.0,30.0,30.0,31.0,31.0,31.0,31.0,31.0,32.0,32.0,32.0,32.0,33.0,33.0,33.0,33.0,33.0,34.0,34.0,34.0,34.0,35.0,35.0,35.0,36.0,36.0,36.0,37.0,37.0,38.0,38.0,39.0,40.0,44.0,26.0,1000.4588235318661,1000.5960784554482,1000.6823529601097,1000.7764706015587,2000.364705890417,2000.800000011921,3000.4274509847164,3000.6078431606293,3000.7137255072594,3001.0,149.29200744628906,157.07476806640625,161.98805541992186,165.90424194335938,169.38060760498047,172.81875,176.5955596923828,181.96787719726564,196.54452514648438,346.2095947265625,223.32117,0.0,test_data/Useful/Validation/rice-at-2-ft/20241108_085653_089.jpg,385.0,159.0,57.925668141219816
57,0.0,2.980000000000004,6.0,7.0,9.0,10.0,11.0,12.0,12.0,13.0,14.0,14.0,15.0,16.0,16.0,17.0,17.0,18.0,18.0,19.0,19.0,19.0,20.0,20.0,20.75,21.0,21.0,21.0,22.0,22.0,22.0,22.0,23.0,23.0,23.0,23.0,24.0,24.0,24.0,24.0,25.0,25.0,25.0,25.0,25.0,26.0,26.0,26.0,26.0,27.0,27.0,27.0,27.0,27.0,28.0,28.0,28.0,28.0,28.0,29.0,29.0,29.0,29.0,29.0,30.0,30.0,30.0,30.0,30.0,31.0,31.0,31.0,31.0,31.0,32.0,32.0,32.0,32.0,32.0,33.0,33.0,33.0,33.0,34.0,34.0,34.0,34.0,35.0,35.0,35.0,36.0,36.0,36.0,37.0,37.0,38.0,38.0,39.0,41.0,43.0,30.0,1000.4666666686535,1000.6039215922356,1000.6862745285034,1000.7803921699524,2000.32549020648,2000.8039215803146,3000.43137255311,3000.611764729023,3000.721568644047,3001.0,149.2812469482422,157.02879028320314,161.98715209960938,165.93580627441406,169.39730834960938,172.87655639648438,176.63375854492188,181.83514099121095,196.64527893066406,346.2328796386719,223.46458,0.0,test_data/Useful/Validation/rice-at-2-ft/20241108_085653_090.jpg,353.0,148.0,60.77116962181918
58,0.0,3.0,5.0,7.0,10.0,11.0,12.0,13.0,14.0,14.0,15.0,16.0,16.0,17.0,17.0,18.0,18.0,18.0,19.0,19.0,20.0,20.0,20.0,20.75999999999999,21.0,21.0,21.0,22.0,22.0,22.0,22.0,23.0,23.0,23.0,23.0,23.0,24.0,24.0,24.0,24.0,25.0,25.0,25.0,25.0,26.0,26.0,26.0,26.0,26.0,27.0,27.0,27.0,27.0,27.0,28.0,28.0,28.0,28.0,28.0,29.0,29.0,29.0,29.0,29.0,29.0,30.0,30.0,30.0,30.0,30.0,31.0,31.0,31.0,31.0,31.0,32.0,32.0,32.0,32.0,32.0,33.0,33.0,33.0,33.0,33.0,34.0,34.0,34.0,35.0,35.0,35.0,35.0,36.0,36.059999999999945,37.0,37.0,38.0,39.0,40.0,47.0,29.0,1000.4666666686535,1000.6039215922356,1000.6862745285034,1000.7764706015587,2000.3294117748737,2000.811764717102,3000.4392156898975,3000.6156862974167,3000.721568644047,3001.0,149.36248779296875,156.9808349609375,161.94427032470702,165.87728881835938,169.34165954589844,172.7789306640625,176.53762817382812,181.81753540039062,196.621337890625,346.2440185546875,223.85278,0.0,test_data/Useful/Validation/rice-at-2-ft/20241108_085653_091.jpg,374.0,159.0,63.135034713649674
59,0.0,2.0,5.0,6.0,8.0,10.0,10.0,11.0,12.0,13.0,14.0,14.0,15.0,15.0,16.0,16.0,17.0,17.0,18.0,18.0,19.0,19.0,20.0,20.0,20.0,21.0,21.0,21.0,22.0,22.0,22.0,23.0,23.0,23.0,24.0,24.0,24.0,24.0,24.0,25.0,25.0,25.0,25.0,26.0,26.0,26.0,26.0,26.0,26.0,27.0,27.0,27.0,27.0,27.0,28.0,28.0,28.0,28.0,28.0,29.0,29.0,29.0,29.0,29.0,30.0,30.0,30.0,30.0,30.0,30.0,31.0,31.0,31.0,31.0,31.0,32.0,32.0,32.0,32.0,32.0,33.0,33.0,33.0,34.0,34.0,34.0,34.0,35.0,35.0,35.0,36.0,36.0,36.0,36.0,37.0,37.0,38.0,39.0,40.0,45.0,26.0,1000.4627451002598,1000.6000000238419,1000.6862745285034,1000.772549033165,2000.3058823645115,2000.800000011921,3000.4235294163227,3000.611764729023,3000.721568644047,3001.0,149.22723541259765,156.95293884277345,161.9529022216797,165.84559936523436,169.3064727783203,172.7483367919922,176.56069946289062,181.9080810546875,196.44577026367188,346.2366943359375,223.93549,0.0,test_data/Useful/Validation/rice-at-2-ft/20241108_085653_092.jpg,369.0,144.0,54.23355864741118
60,0.0,3.0,5.0,7.0,9.0,10.0,11.0,12.0,13.0,13.0,14.0,14.879999999999995,15.0,15.0,16.0,16.0,17.0,17.819999999999993,18.0,19.0,19.0,19.0,19.0,20.0,20.0,20.0,21.0,21.0,21.0,22.0,22.0,22.0,23.0,23.0,23.0,23.0,24.0,24.0,24.0,24.0,24.0,25.0,25.0,25.0,25.0,26.0,26.0,26.0,26.0,27.0,27.0,27.0,27.0,27.0,28.0,28.0,28.0,28.0,29.0,29.0,29.0,29.0,29.0,29.0,30.0,30.0,30.0,30.0,30.0,31.0,31.0,31.0,31.0,31.0,31.25,32.0,32.0,32.0,32.0,33.0,33.0,33.0,33.0,34.0,34.0,34.0,34.0,34.0,35.0,35.0,35.0,36.0,36.0,36.0,37.0,37.0,38.0,39.0,40.0,45.0,31.0,1000.4627451002598,1000.6000000238419,1000.6862745285034,1000.7764706015587,2000.32549020648,2000.8078431487083,3000.435294121504,3000.6156862974167,3000.721568644047,3001.0,149.0065155029297,156.7518768310547,161.766845703125,165.6928924560547,169.12865447998047,172.52621459960938,176.31646728515625,181.7262420654297,196.47393798828125,346.24566650390625,223.73625,0.0,test_data/Useful/Validation/rice-at-2-ft/20241108_085653_093.jpg,375.0,167.0,59.560155035220646
61,0.0,3.0,5.0,7.0,9.0,10.0,11.0,12.0,13.0,13.0,14.0,14.879999999999995,15.0,16.0,16.0,17.0,17.0,17.0,18.0,18.0,19.0,19.0,19.0,20.0,20.0,21.0,21.0,21.0,22.0,22.0,22.0,22.0,23.0,23.0,23.0,24.0,24.0,24.0,24.0,25.0,25.0,25.0,25.0,25.0,26.0,26.0,26.0,26.0,27.0,27.0,27.0,27.0,27.0,28.0,28.0,28.0,28.0,28.0,29.0,29.0,29.0,29.0,29.0,29.0,30.0,30.0,30.0,30.0,30.0,31.0,31.0,31.0,31.0,31.0,32.0,32.0,32.0,32.0,32.0,33.0,33.0,33.0,33.0,34.0,34.0,34.0,34.0,35.0,35.0,35.0,36.0,36.0,36.0,37.0,37.0,37.039999999999964,38.0,39.0,40.00999999999976,45.0,29.0,1000.447058826685,1000.5960784554482,1000.6823529601097,1000.7686274647713,1000.9098039269447,2000.7764706015587,3000.3725490272045,3000.6078431606293,3000.729411780834,3001.0,150.25411987304688,157.9568634033203,162.90108947753907,166.82379760742188,170.30170440673828,173.66007385253906,177.35579376220704,182.479931640625,196.5312957763672,346.2705993652344,222.99985,0.0,test_data/Useful/Validation/rice-at-2-ft/20241108_085653_100.jpg,377.0,175.0,64.08975252543624
62,0.0,2.0,4.0,6.0,7.0,9.0,10.0,11.0,12.0,13.0,13.0,14.0,15.0,15.0,16.0,16.0,17.0,17.0,18.0,18.0,18.789999999999964,19.0,19.0,20.0,20.0,20.0,21.0,21.0,21.0,22.0,22.0,22.0,23.0,23.0,23.0,23.0,24.0,24.0,24.0,24.0,24.0,25.0,25.0,25.0,26.0,26.0,26.0,26.0,27.0,27.0,27.0,27.0,28.0,28.0,28.0,28.0,28.0,29.0,29.0,29.0,29.0,29.0,29.0,30.0,30.0,30.0,30.0,30.0,31.0,31.0,31.0,31.0,31.0,31.0,32.0,32.0,32.0,32.0,32.0,33.0,33.0,33.0,33.0,34.0,34.0,34.0,34.0,35.0,35.0,35.0,36.0,36.0,36.0,37.0,37.0,38.0,38.0,39.0,40.0,46.0,31.0,1000.447058826685,1000.584313750267,1000.678431391716,1000.8039215803146,1000.8980392217636,2000.215686276555,2000.5529412031174,2000.784313738346,3000.5137255191803,3001.0,150.6603546142578,158.32589721679688,163.23712158203125,167.1863555908203,170.628173828125,174.0038299560547,177.71200561523438,182.77140197753909,196.36764526367188,346.1949157714844,222.14151,0.0,test_data/Useful/Validation/rice-at-2-ft/20241108_085738_001.jpg,390.0,180.0,62.87313283170322
63,0.0,1.980000000000004,4.0,5.0,7.0,9.0,10.0,11.0,11.0,12.0,13.0,14.0,14.0,15.0,16.0,16.0,17.0,17.0,18.0,18.0,18.0,19.0,19.0,20.0,20.0,20.74000000000001,21.0,21.0,22.0,22.0,22.0,23.0,23.0,23.0,23.0,24.0,24.0,24.0,24.0,25.0,25.0,25.0,26.0,26.0,26.0,26.0,26.0,27.0,27.0,27.0,27.0,27.0,28.0,28.0,28.0,28.0,28.0,29.0,29.0,29.0,29.0,29.0,30.0,30.0,30.0,30.0,30.0,30.0,31.0,31.0,31.0,31.0,31.0,32.0,32.0,32.0,32.0,33.0,33.0,33.0,33.0,33.0,34.0,34.0,34.0,35.0,35.0,35.0,35.0,36.0,36.0,36.0,37.0,37.0,37.04999999999973,38.0,39.0,39.0,41.0,46.0,30.0,1000.4313725531101,1000.5725490450859,1000.6705882549286,1000.7882353067398,1000.8901960849762,2000.1647058874369,2000.556862771511,2000.8039215803146,3000.5215686559677,3001.0,150.97855377197266,158.60348510742188,163.5350112915039,167.44719848632812,170.9260025024414,174.32244873046875,177.9789581298828,183.05213928222656,196.45086669921875,346.1907653808594,222.22433,0.0,test_data/Useful/Validation/rice-at-2-ft/20241108_085738_002.jpg,379.0,182.0,66.19249036389247
64,0.0,1.0,2.969999999999999,5.0,6.0,7.0,9.0,10.0,10.0,11.0,12.0,13.0,14.0,14.0,15.0,15.0,16.0,16.0,17.0,18.0,18.0,19.0,19.0,19.0,20.0,20.0,21.0,21.0,21.0,21.0,22.0,22.0,22.0,23.0,23.0,23.0,24.0,24.0,24.0,24.0,25.0,25.0,25.0,25.0,26.0,26.0,26.0,26.0,26.0,27.0,27.0,27.0,27.0,27.0,28.0,28.0,28.0,28.0,28.0,29.0,29.0,29.0,29.0,29.0,30.0,30.0,30.0,30.0,30.0,31.0,31.0,31.0,31.0,32.0,32.0,32.0,32.0,32.0,33.0,33.0,33.0,33.0,33.0,34.0,34.0,34.0,34.0,35.0,35.0,35.0,36.0,36.0,36.0,37.0,37.0,38.0,39.0,39.0,41.0,45.0,28.0,1000.4313725531101,1000.5725490450859,1000.6705882549286,1000.7921568751335,1000.8941176533699,2000.1921568661928,2000.5647059082985,2000.811764717102,3000.5215686559677,3001.0,150.822265625,158.6396942138672,163.50816345214844,167.42959594726562,170.85000610351562,174.20164489746094,177.85565185546875,182.90048217773438,196.27847290039062,346.19549560546875,222.08192,0.0,test_data/Useful/Validation/rice-at-2-ft/20241108_085738_003.jpg,416.0,181.0,57.42292669116739
65,0.0,1.0,3.0,5.0,6.0,7.0,8.930000000000007,10.0,11.0,12.0,12.0,13.0,14.0,15.0,16.0,16.0,17.0,17.0,18.0,18.0,19.0,19.0,20.0,20.0,20.0,21.0,21.0,22.0,22.0,22.0,22.0,23.0,23.0,23.0,23.0,24.0,24.0,24.0,25.0,25.0,25.0,25.0,25.0,26.0,26.0,26.0,26.0,26.0,27.0,27.0,27.0,27.0,27.0,28.0,28.0,28.0,28.0,29.0,29.0,29.0,29.0,29.0,30.0,30.0,30.0,30.0,30.0,31.0,31.0,31.0,31.0,31.0,32.0,32.0,32.0,32.0,32.0,33.0,33.0,33.0,33.0,34.0,34.0,34.0,34.0,35.0,35.0,35.0,36.0,36.0,36.0,36.0,37.0,37.0,38.0,38.0,39.0,39.01999999999998,41.0,46.0,29.0,1000.4352941215038,1000.5764706134796,1000.6705882549286,1000.7921568751335,1000.8941176533699,2000.1960784345865,2000.5647059082985,2000.8196078538895,3000.5254902243614,3001.0,151.183837890625,158.76760864257812,163.5817108154297,167.46365356445312,170.9170379638672,174.25209045410156,177.96148681640625,182.9720916748047,196.32815551757812,346.1949462890625,222.05463,0.0,test_data/Useful/Validation/rice-at-2-ft/20241108_085738_004.jpg,386.0,160.0,58.8084129474271
66,0.0,0.0,2.0,3.960000000000008,6.0,7.0,8.0,10.0,11.0,12.0,12.0,13.0,14.0,14.0,15.0,16.0,17.0,17.0,18.0,18.0,19.0,19.0,20.0,20.0,20.0,21.0,21.0,21.0,22.0,22.0,22.0,23.0,23.0,23.0,23.649999999999977,24.0,24.0,24.0,25.0,25.0,25.0,25.0,25.0,25.559999999999945,26.0,26.0,26.0,26.0,26.0,27.0,27.0,27.0,27.0,27.0,28.0,28.0,28.0,28.0,28.0,29.0,29.0,29.0,29.0,29.0,30.0,30.0,30.0,30.0,30.309999999999945,31.0,31.0,31.0,31.0,32.0,32.0,32.0,32.0,32.0,33.0,33.0,33.0,33.0,34.0,34.0,34.0,34.0,35.0,35.0,35.0,36.0,36.0,36.0,37.0,37.0,37.0,38.0,38.0,39.0,40.0,46.0,26.0,1000.4352941215038,1000.5764706134796,1000.6745098233223,1000.7921568751335,1000.8941176533699,2000.215686276555,2000.5764706134796,2000.8352941274643,3000.533333361149,3001.0,151.00040130615236,158.65008239746095,163.60047454833983,167.4718017578125,170.93151092529297,174.31514587402344,178.04364318847655,183.0693817138672,196.45704650878906,346.2012023925781,221.92247,0.0,test_data/Useful/Validation/rice-at-2-ft/20241108_085738_011.jpg,389.0,169.0,59.45142690521408
67,0.0,3.0,5.0,6.0,8.0,9.0,10.0,11.0,12.0,13.0,14.0,14.0,15.0,15.0,16.0,16.0,17.0,17.0,18.0,18.0,19.0,19.0,19.0,20.0,20.0,21.0,21.0,21.0,22.0,22.0,22.0,22.680000000000064,23.0,23.0,24.0,24.0,24.0,24.0,24.0,25.0,25.0,25.0,25.0,26.0,26.0,26.0,26.0,26.0,27.0,27.0,27.0,27.0,28.0,28.0,28.0,28.0,28.0,29.0,29.0,29.0,29.0,29.0,30.0,30.0,30.0,30.0,30.330000000000155,31.0,31.0,31.0,31.0,31.0,32.0,32.0,32.0,32.0,32.23000000000002,33.0,33.0,33.0,33.0,33.0,34.0,34.0,34.0,34.0,35.0,35.0,35.0,36.0,36.0,36.0,37.0,37.0,37.04999999999973,38.0,38.0,39.0,41.0,45.0,33.0,1000.4352941215038,1000.5764706134796,1000.6705882549286,1000.7921568751335,1000.8941176533699,2000.2000000029802,2000.5686274766922,2000.8274509906769,3000.529411792755,3001.0,150.94637298583984,158.6431854248047,163.5734619140625,167.4821044921875,170.90528869628906,174.32009582519532,178.03744354248047,183.13074645996096,196.63796386718752,346.2012939453125,222.14038,0.0,test_data/Useful/Validation/rice-at-2-ft/20241108_085738_012.jpg,365.0,150.0,60.81739164038127
68,0.0,1.0,3.0,5.0,7.0,8.939999999999998,10.0,11.0,12.0,13.0,13.0,14.0,15.0,15.0,16.0,17.0,17.83000000000004,18.0,18.0,19.0,19.0,19.0,20.0,20.0,20.75,21.0,21.0,22.0,22.0,22.0,23.0,23.0,23.0,23.0,24.0,24.0,24.0,25.0,25.0,25.0,25.0,26.0,26.0,26.0,26.0,27.0,27.0,27.0,27.0,27.0,28.0,28.0,28.0,28.0,28.0,28.0,29.0,29.0,29.0,29.0,29.0,29.37999999999988,30.0,30.0,30.0,30.0,30.0,31.0,31.0,31.0,31.0,32.0,32.0,32.0,32.0,32.0,32.0,33.0,33.0,33.0,33.0,33.0,34.0,34.0,34.0,34.0,35.0,35.0,35.0,36.0,36.0,36.0,37.0,37.0,37.0,38.0,39.0,40.0,41.0,45.0,29.0,1000.4352941215038,1000.5764706134796,1000.6705882549286,1000.7921568751335,1000.8941176533699,2000.1960784345865,2000.5686274766922,2000.8196078538895,3000.529411792755,3001.0,151.03289794921875,158.68569946289062,163.5919189453125,167.47430419921875,170.91641235351562,174.2723388671875,177.95782470703125,183.07588806152347,196.40326995849608,346.20086669921875,222.18268,0.0,test_data/Useful/Validation/rice-at-2-ft/20241108_085738_013.jpg,371.0,160.0,58.28723906110257
69,0.0,1.0,2.0,4.0,6.0,7.0,8.0,9.920000000000016,11.0,11.0,12.889999999999986,13.0,14.0,15.0,15.0,16.0,16.0,17.0,18.0,18.0,18.0,19.0,19.0,20.0,20.0,21.0,21.0,21.0,22.0,22.0,22.0,23.0,23.0,23.0,23.0,24.0,24.0,24.0,24.0,25.0,25.0,25.0,25.0,26.0,26.0,26.0,26.0,26.0,27.0,27.0,27.0,27.0,27.0,27.0,28.0,28.0,28.0,28.0,28.0,29.0,29.0,29.0,29.0,29.0,30.0,30.0,30.0,30.0,30.0,31.0,31.0,31.0,31.0,31.0,32.0,32.0,32.0,32.22000000000003,33.0,33.0,33.0,33.0,34.0,34.0,34.0,34.0,35.0,35.0,35.0,36.0,36.0,36.0,37.0,37.0,37.0,38.0,39.0,39.0,40.0,46.0,27.0,1000.4352941215038,1000.5764706134796,1000.6705882549286,1000.7882353067398,1000.8901960849762,2000.188235297799,2000.5647059082985,2000.8196078538895,3000.529411792755,3001.0,150.97162017822265,158.69261169433594,163.65151977539062,167.482177734375,170.96261596679688,174.3037109375,178.01797790527343,183.10523376464843,196.4484420776367,346.1969299316406,222.26395,0.0,test_data/Useful/Validation/rice-at-2-ft/20241108_085738_014.jpg,379.0,156.0,58.47122062102594
70,0.0,0.0,1.0,4.0,6.0,8.0,9.0,9.0,11.0,11.0,12.0,13.0,14.0,14.0,15.0,15.0,16.0,17.0,17.0,18.0,18.0,19.0,19.0,19.0,20.0,20.0,20.0,21.0,21.0,21.0,22.0,22.0,22.0,22.0,23.0,23.0,23.0,24.0,24.0,24.0,24.0,25.0,25.0,25.0,26.0,26.0,26.0,26.0,26.0,27.0,27.0,27.0,27.0,27.0,28.0,28.0,28.0,28.0,28.0,29.0,29.0,29.0,29.0,29.0,30.0,30.0,30.0,30.0,30.0,31.0,31.0,31.0,31.0,31.0,32.0,32.0,32.0,32.0,33.0,33.0,33.0,33.0,33.0,34.0,34.0,34.0,34.0,35.0,35.0,35.0,36.0,36.0,36.070000000000164,37.0,37.0,38.0,38.029999999999745,39.0,41.0,45.0,28.0,1000.4313725531101,1000.5725490450859,1000.6705882549286,1000.7882353067398,1000.8901960849762,2000.176470592618,2000.5607843399048,2000.800000011921,3000.5254902243614,3001.0,150.8670608520508,158.60533142089844,163.55735778808594,167.4266815185547,170.87242126464844,174.2335662841797,177.8988800048828,182.9964599609375,196.42919921875,346.1990661621094,222.0213,0.0,test_data/Useful/Validation/rice-at-2-ft/20241108_085738_015.jpg,396.0,162.0,58.71703804916345
71,0.0,1.0,3.0,4.960000000000008,6.0,7.0,8.0,9.0,10.0,11.0,12.0,13.0,14.0,14.0,15.0,16.0,16.0,17.0,17.0,18.0,18.0,18.0,19.0,19.0,20.0,20.0,20.0,21.0,21.0,22.0,22.0,22.0,22.0,23.0,23.0,23.0,23.0,24.0,24.0,24.0,24.0,24.0,25.0,25.0,25.0,25.0,26.0,26.0,26.0,26.0,27.0,27.0,27.0,27.0,28.0,28.0,28.0,28.0,28.0,28.0,29.0,29.0,29.0,29.0,29.0,30.0,30.0,30.0,30.0,30.0,31.0,31.0,31.0,31.0,32.0,32.0,32.0,32.0,33.0,33.0,33.0,33.0,34.0,34.0,34.0,34.0,34.0,35.0,35.0,35.0,35.0,36.0,36.0,37.0,37.0,38.0,38.0,39.0,41.0,47.0,28.0,1000.4313725531101,1000.5725490450859,1000.6588235497475,1000.7607843279839,1000.866666674614,1000.972549021244,2000.486274510622,2000.6980392336845,3000.4823529422283,3001.0,150.61898803710938,158.2887420654297,163.17807006835938,167.01341247558594,170.5052719116211,173.8726013183594,177.64969787597656,182.78065490722656,196.2517822265625,346.223876953125,222.22069,0.0,test_data/Useful/Validation/rice-at-2-ft/20241108_085738_022.jpg,358.0,152.0,60.44367758818796
72,0.0,0.0,3.0,4.0,6.0,8.0,9.0,10.0,10.0,11.0,12.0,12.0,13.0,14.0,14.0,15.0,15.0,16.0,16.0,17.0,17.0,18.0,18.0,19.0,19.0,19.0,20.0,20.0,21.0,21.0,21.0,22.0,22.0,22.0,23.0,23.0,23.0,23.0,23.0,24.0,24.0,24.0,24.0,25.0,25.0,25.0,25.0,26.0,26.0,26.0,26.0,27.0,27.0,27.0,27.0,27.0,28.0,28.0,28.0,28.0,28.0,29.0,29.0,29.0,29.0,29.0,30.0,30.0,30.0,30.0,31.0,31.0,31.0,31.0,31.0,31.0,32.0,32.0,32.0,32.0,33.0,33.0,33.0,34.0,34.0,34.0,34.0,35.0,35.0,35.0,36.0,36.0,36.0,37.0,37.0,38.0,39.0,39.0,41.0,46.0,31.0,1000.4313725531101,1000.5686274766922,1000.6588235497475,1000.7568627595901,1000.8627451062202,1000.9607843160629,2000.4784313738346,2000.6901960968971,3000.470588237047,3001.0,150.5706024169922,158.27471923828125,163.1233337402344,166.98383483886718,170.40782928466797,173.81249084472657,177.559326171875,182.766357421875,196.49755859375,346.22943115234375,222.26282,0.0,test_data/Useful/Validation/rice-at-2-ft/20241108_085738_023.jpg,396.0,173.0,60.80986140442318
73,0.0,0.0,2.0,4.0,6.0,7.0,9.0,10.0,11.0,11.900000000000006,12.0,13.0,14.0,14.0,15.0,16.0,16.0,17.0,17.0,18.0,18.0,18.0,19.0,19.0,19.0,20.0,20.0,20.0,20.709999999999923,21.0,21.0,22.0,22.0,22.0,22.0,23.0,23.0,23.0,23.0,24.0,24.0,24.0,24.0,25.0,25.0,25.0,25.0,26.0,26.0,26.0,26.0,26.0,27.0,27.0,27.0,27.0,28.0,28.0,28.0,28.0,28.0,29.0,29.0,29.0,29.0,30.0,30.0,30.0,30.0,31.0,31.0,31.0,31.0,31.0,31.0,32.0,32.0,32.0,32.0,33.0,33.0,33.0,33.0,34.0,34.0,34.0,34.0,35.0,35.0,36.0,36.0,36.0,36.0,37.0,37.0,38.0,38.029999999999745,39.0,40.00999999999976,44.0,31.0,1000.4274509847164,1000.5686274766922,1000.6549019813538,1000.7490196228027,1000.8549019694328,1000.9450980424881,2000.4549019634724,2000.678431391716,3000.470588237047,3001.0,150.35379028320312,158.02862548828125,162.94134521484375,166.92864990234375,170.38565063476562,173.75118408203124,177.4605285644531,182.60950622558596,196.4662322998047,346.2370300292969,222.24144,0.0,test_data/Useful/Validation/rice-at-2-ft/20241108_085738_024.jpg,388.0,171.0,58.36098225657736
74,0.0,0.0,2.0,4.0,5.0,6.0,8.0,9.0,10.0,11.0,12.0,13.0,14.0,14.0,15.0,15.0,16.0,16.0,17.0,17.0,18.0,18.0,19.0,19.0,19.0,20.0,20.0,20.0,21.0,21.0,21.0,22.0,22.0,22.0,23.0,23.0,23.0,23.0,24.0,24.0,24.0,24.0,25.0,25.0,25.0,25.0,26.0,26.0,26.0,26.0,27.0,27.0,27.0,27.0,27.0,28.0,28.0,28.0,28.0,29.0,29.0,29.0,29.0,29.0,30.0,30.0,30.0,30.0,30.0,30.0,31.0,31.0,31.0,31.0,32.0,32.0,32.0,32.0,32.0,33.0,33.0,33.0,33.0,33.0,34.0,34.0,34.0,35.0,35.0,35.0,35.0,36.0,36.0,37.0,37.0,38.0,38.0,39.0,40.00999999999976,45.0,30.0,1000.4313725531101,1000.5686274766922,1000.65098041296,1000.745098054409,1000.8509804010391,1000.9372549057007,2000.4274509847164,2000.6588235497475,3000.4274509847164,3001.0,150.18966369628907,157.83751831054687,162.75595092773438,166.60235595703125,170.07308959960938,173.48814392089844,177.24282836914062,182.40911865234375,196.4985809326172,346.2475891113281,222.1882,0.0,test_data/Useful/Validation/rice-at-2-ft/20241108_085738_025.jpg,414.0,196.0,60.3722200374555
75,0.0,1.0,2.0,5.0,6.0,8.0,9.0,10.0,11.0,12.0,13.0,13.0,14.0,15.0,15.0,16.0,16.0,17.0,17.0,18.0,18.0,18.0,19.0,19.0,20.0,20.0,20.0,21.0,21.0,21.0,21.0,22.0,22.0,23.0,23.0,23.0,23.0,24.0,24.0,24.0,24.0,25.0,25.0,25.0,25.0,25.0,26.0,26.0,26.0,26.0,26.0,27.0,27.0,27.0,27.0,27.0,28.0,28.0,28.0,28.0,28.0,29.0,29.0,29.0,29.0,29.0,30.0,30.0,30.0,30.0,31.0,31.0,31.0,31.0,31.0,32.0,32.0,32.0,32.0,32.0,33.0,33.0,33.0,33.0,34.0,34.0,34.0,34.0,35.0,35.0,35.0,36.0,36.0,37.0,37.0,37.039999999999964,38.0,39.0,40.0,45.0,29.0,1000.4274509847164,1000.5647059082985,1000.65098041296,1000.7411764860153,1000.8431372642517,1000.9294117689133,2000.4078431427479,2000.6549019813538,3000.403921574354,3001.0,150.18360443115233,157.9443603515625,162.8603042602539,166.7186279296875,170.18482208251953,173.50073852539063,177.23001403808593,182.28985595703125,196.37994384765625,346.2515563964844,222.26805,0.0,test_data/Useful/Validation/rice-at-2-ft/20241108_085738_026.jpg,366.0,185.0,65.3399333238781
76,0.0,1.0,4.0,7.0,8.0,9.0,10.0,11.0,12.0,13.0,13.0,14.0,15.0,15.860000000000014,16.0,17.0,17.0,18.0,18.0,19.0,19.0,20.0,20.0,20.0,21.0,21.0,21.0,22.0,22.0,22.0,22.0,23.0,23.0,23.0,23.0,24.0,24.0,24.0,24.0,25.0,25.0,25.0,25.0,26.0,26.0,26.0,26.0,26.0,27.0,27.0,27.0,27.0,27.0,28.0,28.0,28.0,28.0,28.0,29.0,29.0,29.0,29.0,29.0,30.0,30.0,30.0,30.0,30.0,31.0,31.0,31.0,31.0,32.0,32.0,32.0,32.0,32.0,32.0,33.0,33.0,33.0,33.0,34.0,34.0,34.0,34.0,34.0,35.0,35.0,35.0,36.0,36.0,36.0,37.0,37.0,38.0,39.0,40.0,41.00999999999976,46.0,32.0,1000.3725490272045,1000.5254902243614,1000.6039215922356,1000.6627451181412,1000.7137255072594,2000.0117647061124,2000.5882353186607,2000.7803921699524,3000.600000023842,3001.0,151.7248962402344,159.33402404785156,164.29832153320314,168.16465759277344,171.59051513671875,174.95411376953126,178.52061614990234,183.39958190917972,196.0509033203125,346.08599853515625,222.05771,0.0,test_data/Useful/Validation/rice-at-2-ft/20241108_085738_060.jpg,281.0,105.0,56.145340947737594
77,0.0,3.0,5.0,7.0,9.0,10.0,11.0,12.0,13.0,14.0,14.0,15.0,15.870000000000005,16.0,17.0,17.0,17.0,18.0,18.0,19.0,19.0,19.0,20.0,20.0,20.0,21.0,21.0,22.0,22.0,22.0,22.0,23.0,23.0,23.0,24.0,24.0,24.0,24.0,25.0,25.0,25.0,25.0,25.0,26.0,26.0,26.0,26.0,27.0,27.0,27.0,27.0,27.0,28.0,28.0,28.0,28.0,28.0,29.0,29.0,29.0,29.0,29.0,29.0,30.0,30.0,30.0,30.0,30.0,31.0,31.0,31.0,31.0,31.0,32.0,32.0,32.0,32.0,32.0,33.0,33.0,33.0,33.0,34.0,34.0,34.0,34.0,35.0,35.0,35.0,35.09999999999991,36.0,36.0,37.0,37.0,37.04999999999973,38.0,39.0,39.0,41.0,44.0,29.0,1000.3764705955982,1000.5254902243614,1000.6039215922356,1000.6588235497475,1000.7098039388657,1000.8588235378265,2000.584313750267,2000.8313725590706,3000.6039215922356,3001.0,151.24301452636718,158.8610595703125,163.803466796875,167.68695068359375,171.0854949951172,174.39126586914062,178.0459442138672,182.97314758300783,196.15121459960938,346.08502197265625,222.33328,0.0,test_data/Useful/Validation/rice-at-2-ft/20241108_085738_061.jpg,331.0,132.0,63.23573976347997
78,0.0,2.0,4.0,7.0,9.0,10.0,11.0,12.0,13.0,14.0,14.0,15.0,15.0,16.0,16.0,17.0,18.0,18.0,19.0,19.0,20.0,20.0,20.0,21.0,21.0,21.0,22.0,22.0,22.0,23.0,23.0,23.0,23.0,24.0,24.0,24.0,24.0,25.0,25.0,25.0,25.0,26.0,26.0,26.0,26.0,27.0,27.0,27.0,27.0,27.0,28.0,28.0,28.0,28.0,28.0,29.0,29.0,29.0,29.0,29.0,29.0,30.0,30.0,30.0,30.0,30.0,31.0,31.0,31.0,31.0,31.0,32.0,32.0,32.0,32.0,32.0,33.0,33.0,33.0,33.0,33.0,34.0,34.0,34.0,34.0,35.0,35.0,35.0,36.0,36.0,36.0,37.0,37.0,37.0,38.0,38.0,39.0,40.0,41.0,46.0,29.0,1000.3725490272045,1000.5215686559677,1000.6000000238419,1000.6549019813538,1000.7098039388657,1000.8274509906769,2000.5921568870544,3000.1843137294054,3000.6156862974167,3001.0,151.9857635498047,159.66433715820312,164.66690063476562,168.42454528808594,171.85240173339844,175.12066345214845,178.7334991455078,183.58110351562502,196.16220092773438,346.0826416015625,222.02821,0.0,test_data/Useful/Validation/rice-at-2-ft/20241108_085738_062.jpg,323.0,130.0,60.64420533036662
79,0.0,3.0,5.0,7.0,8.0,10.0,11.0,12.0,13.0,13.0,14.0,15.0,15.0,16.0,16.0,17.0,17.0,18.0,18.0,19.0,19.0,20.0,20.0,20.0,21.0,21.0,21.0,22.0,22.0,22.0,23.0,23.0,23.0,24.0,24.0,24.0,24.0,25.0,25.0,25.0,25.0,25.0,26.0,26.0,26.0,26.0,27.0,27.0,27.0,27.0,27.0,27.0,28.0,28.0,28.0,28.0,29.0,29.0,29.0,29.0,29.0,29.0,29.0,30.0,30.0,30.0,30.0,30.0,31.0,31.0,31.0,31.0,31.0,31.0,32.0,32.0,32.0,32.0,32.0,33.0,33.0,33.0,33.0,34.0,34.0,34.0,35.0,35.0,35.0,35.0,36.0,36.0,36.0,37.0,37.0,38.0,38.0,40.0,41.0,44.0,29.0,1000.3764705955982,1000.5215686559677,1000.6000000238419,1000.6549019813538,1000.705882370472,1000.8156862854958,2000.5960784554482,3000.2352941185236,3000.6196078658104,3001.0,151.74652099609375,159.36964416503906,164.2788543701172,168.14675903320312,171.51068115234375,174.83148803710938,178.49476776123046,183.39892883300783,196.14744567871094,346.073486328125,222.00804,0.0,test_data/Useful/Validation/rice-at-2-ft/20241108_085738_063.jpg,322.0,132.0,58.73693242521713
80,0.0,3.0,5.0,7.0,8.0,9.939999999999998,11.0,11.0,12.0,13.0,14.0,14.0,15.0,15.0,16.0,17.0,17.0,17.0,18.0,18.0,19.0,19.0,20.0,20.0,21.0,21.0,21.0,22.0,22.0,22.0,23.0,23.0,23.0,24.0,24.0,24.0,24.0,24.0,25.0,25.0,25.0,26.0,26.0,26.0,26.0,26.0,27.0,27.0,27.0,27.0,27.0,28.0,28.0,28.0,28.0,28.0,29.0,29.0,29.0,29.0,29.0,30.0,30.0,30.0,30.0,30.0,30.0,31.0,31.0,31.0,31.0,31.0,32.0,32.0,32.0,32.0,33.0,33.0,33.0,33.0,33.0,34.0,34.0,34.0,34.0,35.0,35.0,35.0,35.0,36.0,36.0,36.0,37.0,37.0,38.0,38.0,39.0,40.0,41.0,44.0,29.0,1000.3843137323856,1000.5254902243614,1000.5960784554482,1000.65098041296,1000.7019608020782,1000.7921568751335,2000.5921568870544,3000.2627451121807,3000.6196078658104,3001.0,151.15347595214843,158.85015869140625,163.83788146972657,167.69671630859375,171.09840393066406,174.43557739257812,178.07110595703125,183.05870056152344,196.18666076660156,346.08953857421875,222.32878,0.0,test_data/Useful/Validation/rice-at-2-ft/20241108_085738_064.jpg,326.0,122.0,59.5784229484584
81,0.0,2.0,4.0,6.0,8.0,10.0,11.0,12.0,13.0,14.0,14.0,15.0,16.0,16.0,17.0,17.0,18.0,18.0,19.0,19.0,20.0,20.0,21.0,21.0,21.0,22.0,22.0,22.0,22.0,23.0,23.0,23.0,23.0,24.0,24.0,24.0,24.0,25.0,25.0,25.0,25.0,26.0,26.0,26.0,26.0,27.0,27.0,27.0,27.0,27.0,28.0,28.0,28.0,28.0,28.0,29.0,29.0,29.0,29.0,29.0,30.0,30.0,30.0,30.0,30.0,30.0,31.0,31.0,31.0,31.0,31.0,32.0,32.0,32.0,32.0,32.0,33.0,33.0,33.0,33.0,33.0,34.0,34.0,34.0,34.0,34.0,35.0,35.0,35.0,35.0,36.0,36.0,37.0,37.0,38.0,38.0,39.0,39.0,41.0,45.0,30.0,1000.4117647111416,1000.54509806633,1000.6156862974167,1000.6705882549286,1000.7176470756531,1000.839215695858,2000.6313725709915,3000.298039227724,3000.639215707779,3001.0,150.83782958984375,158.560693359375,163.45040740966797,167.32162780761718,170.73779296875,174.09485473632813,177.78856048583984,182.75898132324218,196.31356811523438,346.16436767578125,222.55844,0.0,test_data/Useful/Validation/rice-at-2-ft/20241108_085738_065.jpg,287.0,110.0,56.89303553384505
82,0.0,0.0,1.0,4.0,5.0,7.0,8.0,9.0,10.0,11.900000000000006,12.0,13.0,14.0,14.0,15.0,16.0,16.0,17.0,17.0,18.0,18.0,19.0,19.0,19.75999999999999,20.0,20.0,21.0,21.0,21.0,21.0,22.0,22.0,22.0,22.660000000000082,23.0,23.0,23.0,24.0,24.0,24.0,24.0,24.579999999999927,25.0,25.0,25.0,25.0,25.0,26.0,26.0,26.0,26.49000000000001,27.0,27.0,27.0,27.0,28.0,28.0,28.0,28.0,28.0,29.0,29.0,29.0,29.0,29.0,30.0,30.0,30.0,30.0,30.0,30.0,31.0,31.0,31.0,31.0,32.0,32.0,32.0,32.0,33.0,33.0,33.0,33.0,33.0,34.0,34.0,34.0,34.0,35.0,35.0,35.0,36.0,36.0,37.0,37.0,38.0,38.0,39.0,41.0,44.0,30.0,1000.4823529422283,1000.5960784554482,1000.6627451181412,1000.7137255072594,1000.7647058963776,1000.9843137264252,2000.6823529601097,3000.4000000059605,3000.678431391716,3001.0,150.93538360595704,158.51633911132814,163.4072540283203,167.28629455566406,170.76241302490234,174.09653930664064,177.80250549316406,182.83108520507812,196.13931274414062,346.35174560546875,221.8761,0.0,test_data/Useful/Validation/rice-at-2-ft/20241108_085738_071.jpg,332.0,143.0,59.54872458054671
83,0.0,0.0,0.0,2.960000000000008,5.0,6.0,7.0,9.0,10.0,10.0,11.0,12.0,12.0,13.0,14.0,14.0,15.0,15.0,16.0,16.0,17.0,17.0,18.0,18.0,18.0,19.0,19.0,20.0,20.0,20.0,21.0,21.0,21.0,22.0,22.0,22.0,23.0,23.0,23.0,24.0,24.0,24.0,24.0,25.0,25.0,25.0,25.0,25.0,26.0,26.0,26.0,26.0,26.0,27.0,27.0,27.0,27.0,28.0,28.0,28.0,28.0,28.0,29.0,29.0,29.0,29.0,30.0,30.0,30.0,30.0,30.0,31.0,31.0,31.0,31.0,32.0,32.0,32.0,32.0,32.0,33.0,33.0,33.0,33.0,33.0,34.0,34.0,34.0,35.0,35.0,35.0,36.0,36.0,37.0,37.0,38.0,38.0,39.0,41.0,45.0,26.0,1000.486274510622,1000.6000000238419,1000.6627451181412,1000.7098039388657,1000.7647058963776,1000.9411764740944,2000.678431391716,3000.407843142748,3000.6823529601097,3001.0,150.4121551513672,158.0876251220703,163.02569732666015,166.92111511230468,170.34011840820312,173.6827423095703,177.45052490234374,182.52088317871093,196.2533416748047,346.3529052734375,221.9733,0.0,test_data/Useful/Validation/rice-at-2-ft/20241108_085738_072.jpg,348.0,154.0,53.97885903312407
84,0.0,0.0,2.0,3.0,4.0,6.0,7.0,9.0,10.0,11.0,12.0,12.0,13.0,14.0,14.0,15.0,15.0,16.0,16.0,17.0,17.0,18.0,18.0,19.0,19.0,19.0,20.0,20.0,21.0,21.0,21.0,22.0,22.0,22.0,22.0,23.0,23.0,23.0,24.0,24.0,24.0,24.0,25.0,25.0,25.0,25.0,25.529999999999973,26.0,26.0,26.0,26.0,27.0,27.0,27.0,27.0,27.0,28.0,28.0,28.0,28.0,29.0,29.0,29.0,29.0,30.0,30.0,30.0,30.0,30.0,31.0,31.0,31.0,31.0,32.0,32.0,32.0,32.0,32.0,33.0,33.0,33.0,33.0,34.0,34.0,34.0,34.0,34.0,35.0,35.0,35.0,36.0,36.0,36.0,37.0,37.0,38.0,38.0,39.0,40.00999999999976,47.0,26.0,1000.486274510622,1000.6000000238419,1000.6627451181412,1000.7137255072594,1000.7647058963776,1000.9294117689133,2000.6745098233223,3000.3882353007793,3000.678431391716,3001.0,150.06573486328125,157.75426025390624,162.62364349365234,166.52891540527344,169.99981689453125,173.40170288085938,177.1095428466797,182.28973388671875,196.19322204589844,346.3612060546875,221.91603,0.0,test_data/Useful/Validation/rice-at-2-ft/20241108_085738_073.jpg,349.0,159.0,59.956201230083806
85,0.0,0.0,2.0,4.0,5.0,6.0,7.930000000000007,8.0,9.0,10.0,11.0,12.0,13.0,14.0,14.0,15.0,16.0,16.0,17.0,17.0,18.0,18.0,18.0,19.0,19.0,19.0,20.0,20.0,21.0,21.0,21.0,21.0,22.0,22.0,22.0,22.639999999999986,23.0,23.0,23.0,24.0,24.0,24.0,24.0,25.0,25.0,25.0,25.0,25.0,26.0,26.0,26.0,26.0,27.0,27.0,27.0,27.0,28.0,28.0,28.0,28.0,28.0,29.0,29.0,29.0,29.0,29.0,30.0,30.0,30.0,30.0,31.0,31.0,31.0,31.0,31.0,32.0,32.0,32.0,32.0,33.0,33.0,33.0,33.0,33.159999999999854,34.0,34.0,34.0,35.0,35.0,35.0,36.0,36.0,36.0,37.0,37.0,38.0,39.0,40.0,41.0,47.0,28.0,1000.4823529422283,1000.6000000238419,1000.6666666865349,1000.7176470756531,1000.772549033165,1000.9411764740944,2000.6627451181412,3000.298039227724,3000.6745098233223,3001.0,150.56195220947265,158.16991577148437,163.14354705810547,166.9915313720703,170.4309844970703,173.75828857421874,177.40343017578124,182.40595703125,196.19454956054688,346.37060546875,221.41757,0.0,test_data/Useful/Validation/rice-at-2-ft/20241108_085738_074.jpg,336.0,143.0,59.73335061876934
86,0.0,0.0,1.0,3.0,4.950000000000003,6.0,7.0,8.0,9.0,10.0,11.0,12.0,13.0,13.0,14.0,14.0,15.0,15.0,16.0,16.0,17.0,17.0,18.0,18.0,18.0,19.0,19.0,19.0,20.0,20.0,21.0,21.0,21.0,21.0,22.0,22.0,22.0,23.0,23.0,23.0,23.0,24.0,24.0,24.0,25.0,25.0,25.0,25.0,26.0,26.0,26.0,26.0,26.0,27.0,27.0,27.0,27.0,28.0,28.0,28.0,28.0,28.0,29.0,29.0,29.0,29.0,29.0,30.0,30.0,30.0,30.0,31.0,31.0,31.0,31.0,31.0,32.0,32.0,32.0,32.0,33.0,33.0,33.0,33.0,34.0,34.0,34.0,34.0,35.0,35.0,35.0,36.0,36.0,36.0,37.0,37.0,38.0,39.0,41.0,46.0,28.0,1000.4823529422283,1000.6000000238419,1000.6627451181412,1000.7137255072594,1000.7686274647713,1000.9019607901573,2000.639215707779,3000.1803921610117,3000.666666686535,3001.0,150.36219635009766,158.10931396484375,162.9972686767578,166.89012145996094,170.32186889648438,173.67904663085938,177.3274703979492,182.40423583984375,195.88607788085938,346.3711853027344,221.40646,0.0,test_data/Useful/Validation/rice-at-2-ft/20241108_085738_075.jpg,347.0,152.0,64.22180300418007
87,0.0,0.0,0.0,2.0,3.0,5.0,6.0,7.0,9.0,10.0,11.0,12.0,12.0,13.0,13.0,14.0,14.830000000000041,15.0,16.0,16.0,17.0,17.0,18.0,18.0,18.0,19.0,19.0,19.0,20.0,20.0,20.0,21.0,21.0,21.0,22.0,22.0,22.0,22.0,23.0,23.0,23.0,23.0,24.0,24.0,24.0,24.0,25.0,25.0,25.0,25.0,25.49000000000001,26.0,26.0,26.0,26.450000000000045,27.0,27.0,27.0,27.0,28.0,28.0,28.0,28.0,29.0,29.0,29.0,29.0,29.0,30.0,30.0,30.0,30.0,30.0,31.0,31.0,31.0,31.0,31.0,32.0,32.0,32.0,33.0,33.0,33.0,33.0,34.0,34.0,34.0,34.0,35.0,35.0,35.0,36.0,36.0,37.0,37.0,38.0,39.0,40.0,46.0,29.0,1000.4901960790157,1000.6039215922356,1000.6666666865349,1000.7176470756531,1000.772549033165,1000.9137254953384,2000.6274510025978,2000.839215695858,3000.662745118141,3001.0,149.5433090209961,157.22826232910157,162.1536849975586,166.0005340576172,169.39743041992188,172.781396484375,176.529248046875,181.77365112304688,195.88507080078125,346.39862060546875,221.24713,0.0,test_data/Useful/Validation/rice-at-2-ft/20241108_085738_076.jpg,345.0,166.0,58.97353867025419
88,0.0,0.0,0.0,0.0,1.0,2.0,3.0,4.0,5.0,5.0,7.0,8.0,9.0,9.0,10.0,11.0,11.0,12.0,13.0,13.0,14.0,14.0,15.0,15.0,16.0,16.0,17.0,17.0,18.0,18.0,18.0,18.0,19.0,19.0,20.0,20.0,20.0,21.0,21.0,21.0,22.0,22.0,22.0,23.0,23.0,23.0,24.0,24.0,24.0,24.0,25.0,25.0,25.0,25.0,26.0,26.0,26.0,26.0,27.0,27.0,27.0,27.0,27.0,28.0,28.0,28.0,28.0,29.0,29.0,29.0,29.0,30.0,30.0,30.0,30.0,30.0,31.0,31.0,31.0,31.0,32.0,32.0,32.0,32.0,32.0,33.0,33.0,33.0,34.0,34.0,34.0,35.0,35.0,36.0,36.0,37.0,37.0,38.0,40.0,45.0,30.0,1000.4313725531101,1000.5568627715111,1000.6313725709915,1000.6862745285034,1000.7490196228027,1000.8627451062202,2000.3607843220234,2000.6705882549286,3000.5529412031174,3001.0,148.94371337890624,156.59214782714844,161.48338317871094,165.33197021484375,168.7968292236328,172.1535675048828,175.8542266845703,180.8886962890625,194.88704223632814,346.2703857421875,220.04587,0.0,test_data/Useful/Validation/rice-at-2-ft/20241108_085738_082.jpg,338.0,184.0,57.78493807860707
89,0.0,0.0,0.0,0.0,0.0,0.9399999999999977,2.0,2.0,4.0,4.0,5.0,6.0,7.0,8.0,9.0,9.840000000000032,10.0,11.0,11.0,12.0,12.0,13.0,13.0,14.0,14.0,14.740000000000009,15.0,15.0,16.0,16.0,16.0,17.0,17.0,17.0,18.0,18.0,19.0,19.0,19.0,20.0,20.0,20.0,21.0,21.0,21.0,21.0,22.0,22.0,22.50999999999999,23.0,23.0,23.0,24.0,24.0,24.0,24.440000000000055,25.0,25.0,25.0,26.0,26.0,26.0,26.0,27.0,27.0,27.0,27.0,28.0,28.0,28.0,28.0,28.0,29.0,29.0,29.0,30.0,30.0,30.0,30.210000000000036,31.0,31.0,31.0,31.0,32.0,32.0,32.0,33.0,33.0,33.0,34.0,34.0,35.0,35.0,36.0,36.0,37.0,38.0,38.01999999999998,40.0,45.0,0.0,1000.419607847929,1000.5490196347237,1000.6274510025978,1000.6823529601097,1000.7490196228027,1000.8588235378265,2000.286274522543,2000.65098041296,3000.5215686559677,3001.0,148.9888153076172,156.6448211669922,161.5446319580078,165.41921997070312,168.8693389892578,172.22909545898438,175.93199157714844,181.03955078125,194.6673370361328,346.25732421875,219.67262,0.0,test_data/Useful/Validation/rice-at-2-ft/20241108_085738_083.jpg,398.0,197.0,58.03364683667261
90,0.0,0.0,0.0,0.0,0.0,0.9399999999999977,1.0,2.0,3.9099999999999966,5.0,6.0,7.0,8.0,8.0,9.0,10.0,11.0,11.0,12.0,12.0,13.0,13.0,14.0,14.0,15.0,15.0,15.0,16.0,16.0,16.0,17.0,17.0,18.0,18.0,18.0,19.0,19.0,19.0,19.610000000000014,20.0,20.0,21.0,21.0,21.0,21.0,22.0,22.0,22.0,23.0,23.0,23.0,23.0,24.0,24.0,24.0,24.0,25.0,25.0,25.0,25.0,26.0,26.0,26.0,26.0,27.0,27.0,27.0,28.0,28.0,28.0,28.0,29.0,29.0,29.0,29.0,30.0,30.0,30.0,30.0,31.0,31.0,31.0,31.0,32.0,32.0,32.0,33.0,33.0,33.0,33.0,34.0,34.0,35.0,35.0,36.0,36.0,37.0,38.0,39.0,43.0,0.0,1000.4156862795353,1000.5490196347237,1000.6235294342041,1000.6823529601097,1000.7490196228027,1000.8588235378265,2000.2470588237047,2000.6431372761726,3000.5137255191803,3001.0,149.04534912109375,156.71282958984375,161.62025451660156,165.5142822265625,168.97703552246094,172.36129760742188,176.02952575683594,181.09390869140626,194.5668670654297,346.2421875,219.84978,0.0,test_data/Useful/Validation/rice-at-2-ft/20241108_085738_084.jpg,371.0,187.0,56.294669390609904
91,0.0,0.0,0.0,0.0,0.0,1.0,2.0,3.0,4.0,5.0,5.0,6.0,7.0,8.0,8.0,9.0,10.0,11.0,11.0,12.0,12.0,13.0,14.0,14.0,15.0,15.0,15.0,16.0,16.0,16.0,17.0,17.0,17.0,18.0,18.0,19.0,19.0,19.0,20.0,20.0,20.0,21.0,21.0,21.0,22.0,22.0,22.0,22.0,23.0,23.0,23.0,23.0,24.0,24.0,24.0,24.0,25.0,25.0,25.0,25.0,25.389999999999873,26.0,26.0,26.0,26.0,27.0,27.0,27.0,27.0,28.0,28.0,28.0,28.0,29.0,29.0,29.0,29.0,30.0,30.0,30.0,31.0,31.0,31.0,31.0,32.0,32.0,32.0,33.0,33.0,34.0,34.0,34.0,35.0,35.0,36.0,36.0,37.0,38.0,40.0,44.0,0.0,1000.4117647111416,1000.54509806633,1000.6235294342041,1000.6823529601097,1000.7529411911964,1000.8588235378265,2000.1607843190432,2000.639215707779,3000.498039215803,3001.0,149.421435546875,157.00244140625,161.92208862304688,165.80807495117188,169.21817016601562,172.657958984375,176.30628967285156,181.3154296875,194.88358154296876,346.2598876953125,219.81699,0.0,test_data/Useful/Validation/rice-at-2-ft/20241108_085738_085.jpg,389.0,210.0,63.726962583707966
92,0.0,0.0,0.0,0.0,0.0,0.0,1.0,2.0,3.0,4.0,5.0,6.0,7.0,8.0,9.0,10.0,10.0,10.819999999999993,11.0,11.0,12.0,12.779999999999973,13.0,14.0,14.0,14.0,15.0,15.0,16.0,16.0,16.68999999999994,17.0,17.0,18.0,18.0,18.0,19.0,19.0,19.0,20.0,20.0,20.0,21.0,21.0,21.0,22.0,22.0,22.0,22.0,23.0,23.0,23.0,23.0,24.0,24.0,24.0,24.0,25.0,25.0,25.0,25.0,26.0,26.0,26.0,27.0,27.0,27.0,27.0,27.0,28.0,28.0,28.0,29.0,29.0,29.0,29.0,30.0,30.0,30.0,31.0,31.0,31.0,31.0,32.0,32.0,32.0,33.0,33.0,33.0,33.0,34.0,34.0,35.0,35.0,36.0,37.0,37.0,38.0,39.0,45.0,0.0,1000.4156862795353,1000.5490196347237,1000.6274510025978,1000.6862745285034,1000.7529411911964,1000.8588235378265,2000.149019613862,2000.6313725709915,3000.4666666686535,3001.0,149.26065979003906,157.02069091796875,161.9336151123047,165.81422424316406,169.24307250976562,172.5338134765625,176.24205017089844,181.22195434570312,194.70211029052734,346.26580810546875,220.12106,0.0,test_data/Useful/Validation/rice-at-2-ft/20241108_085738_086.jpg,378.0,192.0,60.39677754139312
93,0.0,0.0,0.0,0.0,0.0,0.0,0.0,0.0,1.0,2.0,3.0,4.0,5.0,6.0,7.0,8.0,9.0,9.0,10.0,11.0,11.0,12.0,12.0,13.0,13.0,14.0,14.0,14.0,15.0,15.0,16.0,16.0,17.0,17.0,18.0,18.0,18.0,19.0,19.0,19.0,20.0,20.0,20.0,21.0,21.0,21.0,22.0,22.0,22.0,22.0,23.0,23.0,23.0,24.0,24.0,24.0,24.0,25.0,25.0,25.0,25.0,26.0,26.0,26.0,26.0,27.0,27.0,27.0,27.0,28.0,28.0,28.0,28.0,29.0,29.0,29.0,29.0,30.0,30.0,30.0,31.0,31.0,31.0,31.0,32.0,32.0,32.0,33.0,33.0,34.0,34.0,34.0,35.0,35.0,36.0,36.039999999999964,37.0,38.0,40.0,47.0,0.0,1000.419607847929,1000.5529412031174,1000.6313725709915,1000.6901960968971,1000.7607843279839,1000.866666674614,2000.1725490242243,2000.6313725709915,3000.4509803950787,3001.0,149.22706604003906,156.83760681152344,161.75884246826172,165.66651916503906,169.08615112304688,172.5223815917969,176.1935028076172,181.1787902832031,194.97794036865236,346.2747497558594,219.80765,0.0,test_data/Useful/Validation/rice-at-2-ft/20241108_085738_087.jpg,375.0,177.0,61.84717285947702
94,0.0,2.0,4.0,7.0,8.0,9.0,10.0,11.920000000000016,13.0,13.0,14.0,15.0,15.0,16.0,16.0,17.0,18.0,18.0,18.0,19.0,19.0,20.0,20.0,20.0,21.0,21.0,21.0,22.0,22.0,22.0,23.0,23.0,23.0,24.0,24.0,24.0,25.0,25.0,25.0,26.0,26.0,26.0,26.0,26.0,26.0,27.0,27.0,27.0,27.0,27.0,28.0,28.0,28.0,28.0,29.0,29.0,29.0,29.0,29.0,30.0,30.0,30.0,30.0,30.0,30.0,31.0,31.0,31.0,31.0,31.0,31.0,32.0,32.0,32.0,32.0,32.0,33.0,33.0,33.0,33.0,34.0,34.0,34.0,34.0,34.0,35.0,35.0,35.0,36.0,36.0,36.0,37.0,37.0,37.0,38.0,38.0,39.0,40.0,41.0,46.0,30.0,1000.3372549116611,1000.4823529422283,1000.5647059082985,1000.6235294342041,1000.678431391716,1000.7529411911964,1000.8980392217636,2000.3411764800549,2000.6745098233223,3001.0,150.521875,158.34607849121093,163.2374267578125,167.14642028808595,170.5738525390625,173.9732177734375,177.71855926513672,182.97571411132813,196.8232421875,346.1361999511719,221.93954,0.0,test_data/Useful/Validation/rice-at-2-ft/20241108_085836_021.jpg,393.0,169.0,63.55195548220348
95,0.0,2.0,4.0,6.0,7.950000000000003,9.0,10.0,11.0,12.0,13.0,14.0,14.0,15.0,15.860000000000014,16.0,17.0,17.0,18.0,18.0,18.0,19.0,19.0,20.0,20.0,21.0,21.0,21.0,22.0,22.0,22.0,23.0,23.0,23.0,24.0,24.0,24.0,24.0,25.0,25.0,25.0,25.0,26.0,26.0,26.0,26.0,26.0,27.0,27.0,27.0,27.0,27.0,28.0,28.0,28.0,28.0,29.0,29.0,29.0,29.0,29.0,30.0,30.0,30.0,30.0,30.0,30.340000000000146,31.0,31.0,31.0,31.0,31.0,32.0,32.0,32.0,32.0,32.0,33.0,33.0,33.0,33.0,33.190000000000055,34.0,34.0,34.0,34.0,35.0,35.0,35.0,36.0,36.0,36.0,37.0,37.0,37.0,38.0,38.0,39.0,40.0,41.00999999999976,48.0,29.0,1000.3372549116611,1000.486274510622,1000.5686274766922,1000.6274510025978,1000.6823529601097,1000.7607843279839,1000.9098039269447,2000.3882353007793,2000.6901960968971,3001.0,150.20722503662108,158.00591125488282,162.9415252685547,166.88104553222658,170.44070434570312,173.87655639648438,177.65264892578125,182.8289031982422,196.86871337890625,346.143310546875,221.83994,0.0,test_data/Useful/Validation/rice-at-2-ft/20241108_085836_022.jpg,405.0,167.0,58.14505293050096
96,0.0,0.0,1.0,4.0,6.0,7.0,9.0,10.0,11.0,12.0,12.0,13.0,14.0,15.0,16.0,16.0,17.0,17.0,18.0,18.0,18.0,19.0,19.0,20.0,20.0,20.0,21.0,21.0,21.0,22.0,22.0,22.0,23.0,23.0,23.0,24.0,24.0,24.0,24.0,25.0,25.0,25.0,25.0,26.0,26.0,26.0,26.0,27.0,27.0,27.0,27.0,28.0,28.0,28.0,28.0,28.0,28.429999999999836,29.0,29.0,29.0,29.0,29.37999999999988,30.0,30.0,30.0,30.0,30.0,31.0,31.0,31.0,31.0,31.0,32.0,32.0,32.0,32.0,32.0,33.0,33.0,33.0,33.0,34.0,34.0,34.0,34.0,35.0,35.0,35.0,35.0,36.0,36.0,36.0,37.0,37.0,37.0,38.0,39.0,40.0,41.0,46.0,28.0,1000.3372549116611,1000.486274510622,1000.5686274766922,1000.6313725709915,1000.6862745285034,1000.772549033165,1000.9215686321259,2000.4117647111416,2000.6941176652908,3001.0,150.6598693847656,158.37734375,163.22339935302733,167.11537475585936,170.60708618164062,173.98643493652344,177.7595443725586,182.86109924316406,196.7476043701172,346.14361572265625,221.4694,0.0,test_data/Useful/Validation/rice-at-2-ft/20241108_085836_023.jpg,437.0,199.0,59.0840538351339
97,0.0,2.0,4.0,6.0,8.0,10.0,11.0,12.0,13.0,13.900000000000006,14.0,15.0,15.0,16.0,17.0,17.0,17.0,18.0,18.0,19.0,19.0,20.0,20.0,20.0,21.0,21.0,21.0,22.0,22.0,22.0,23.0,23.0,23.0,24.0,24.0,24.0,24.0,25.0,25.0,25.0,25.0,25.0,26.0,26.0,26.0,26.0,26.0,27.0,27.0,27.0,27.0,28.0,28.0,28.0,28.0,29.0,29.0,29.0,29.0,29.0,29.0,30.0,30.0,30.0,30.0,30.0,30.0,31.0,31.0,31.0,31.0,32.0,32.0,32.0,32.0,33.0,33.0,33.0,33.0,33.0,34.0,34.0,34.0,34.0,34.0,35.0,35.0,35.0,35.0,36.0,36.0,36.0,37.0,37.0,38.0,38.0,39.0,40.0,41.0,47.0,30.0,1000.3372549116611,1000.4901960790157,1000.5686274766922,1000.6313725709915,1000.6862745285034,1000.772549033165,1000.9215686321259,2000.4039215743542,2000.6980392336845,3001.0,150.68744812011718,158.34230041503906,163.2127685546875,167.14248046875,170.62648010253906,173.98667602539064,177.69739990234373,182.95733642578125,196.7579345703125,346.1392822265625,221.67143,0.0,test_data/Useful/Validation/rice-at-2-ft/20241108_085836_024.jpg,385.0,155.0,60.98048684574374
98,0.0,0.0,3.0,5.0,7.0,8.0,9.0,10.0,12.0,13.0,13.0,14.0,15.0,16.0,16.0,17.0,17.0,18.0,18.0,19.0,19.0,20.0,20.0,20.0,21.0,21.0,21.0,22.0,22.0,22.0,22.0,23.0,23.0,23.0,24.0,24.0,24.0,24.0,25.0,25.0,25.0,25.0,26.0,26.0,26.0,26.0,27.0,27.0,27.0,27.0,28.0,28.0,28.0,28.0,28.0,28.0,29.0,29.0,29.0,29.0,29.0,30.0,30.0,30.0,30.0,31.0,31.0,31.0,31.0,31.0,32.0,32.0,32.0,32.0,32.0,33.0,33.0,33.0,33.0,33.0,34.0,34.0,34.0,34.0,35.0,35.0,35.0,35.0,36.0,36.0,36.0,36.07999999999993,37.0,37.0,38.0,38.0,39.0,39.0,41.0,45.0,28.0,1000.3411764800549,1000.4901960790157,1000.5725490450859,1000.6352941393852,1000.6901960968971,1000.7803921699524,1000.9372549057007,2000.4274509847164,2000.7019608020782,3001.0,150.65707397460938,158.3908935546875,163.2953140258789,167.16844787597657,170.6226348876953,174.0133819580078,177.771240234375,182.9742431640625,196.71401977539062,346.14398193359375,222.00142,0.0,test_data/Useful/Validation/rice-at-2-ft/20241108_085836_025.jpg,414.0,179.0,60.54358631648194
99,0.0,1.0,3.0,5.0,7.0,8.939999999999998,10.0,11.0,12.0,12.900000000000006,14.0,14.0,15.0,16.0,16.0,17.0,17.83000000000004,18.0,19.0,19.0,20.0,20.0,20.0,21.0,21.0,22.0,22.0,22.0,23.0,23.0,23.0,24.0,24.0,24.0,25.0,25.0,25.0,25.0,25.0,26.0,26.0,26.0,26.0,27.0,27.0,27.0,27.0,27.0,28.0,28.0,28.0,28.0,28.0,29.0,29.0,29.0,29.0,29.0,30.0,30.0,30.0,30.0,30.0,31.0,31.0,31.0,31.0,31.0,32.0,32.0,32.0,32.0,32.0,32.0,33.0,33.0,33.0,33.0,33.0,34.0,34.0,34.0,34.0,34.0,35.0,35.0,35.0,36.0,36.0,36.0,36.090000000000146,37.0,37.0,38.0,38.0,38.039999999999964,39.0,40.0,41.0,46.0,32.0,1000.3450980484486,1000.4941176474094,1000.5803921818733,1000.6392157077789,1000.6980392336845,1000.8039215803146,1000.9647058844566,2000.4627451002598,2000.7098039388657,3001.0,151.22779235839843,159.00366821289063,163.94720458984375,167.78744506835938,171.22303009033203,174.61130981445314,178.32633514404296,183.37344360351562,196.63719177246094,346.15673828125,221.1706,0.0,test_data/Useful/Validation/rice-at-2-ft/20241108_085836_032.jpg,405.0,183.0,57.133170834851725
100,0.0,1.0,4.0,5.0,6.0,8.0,9.0,10.0,12.0,13.0,13.0,14.0,15.0,15.0,16.0,16.0,17.0,17.0,18.0,18.0,19.0,20.0,20.0,20.0,21.0,21.0,21.0,22.0,22.0,22.0,23.0,23.0,23.0,24.0,24.0,24.0,25.0,25.0,25.0,25.0,26.0,26.0,26.0,26.0,27.0,27.0,27.0,27.0,27.50999999999999,28.0,28.0,28.0,28.0,29.0,29.0,29.0,29.0,29.0,29.0,30.0,30.0,30.0,30.0,30.0,31.0,31.0,31.0,31.0,31.0,32.0,32.0,32.0,32.0,32.0,33.0,33.0,33.0,33.0,33.0,34.0,34.0,34.0,34.0,34.0,35.0,35.0,35.0,35.0,36.0,36.0,36.0,37.0,37.0,37.0,38.0,38.039999999999964,39.0,40.0,41.0,48.0,29.0,1000.3450980484486,1000.4941176474094,1000.5764706134796,1000.6392157077789,1000.6980392336845,1000.7960784435272,1000.9568627476692,2000.4549019634724,2000.7098039388657,3001.0,151.1639633178711,158.8780975341797,163.7858901977539,167.7023498535156,171.1591796875,174.5462219238281,178.22532653808594,183.24179077148438,196.7474365234375,346.166015625,221.30167,0.0,test_data/Useful/Validation/rice-at-2-ft/20241108_085836_033.jpg,398.0,169.0,59.376858524285645
101,0.0,1.0,3.0,5.0,7.0,8.0,9.0,11.0,12.0,13.0,13.0,14.0,15.0,15.0,16.0,17.0,17.0,18.0,18.0,19.0,19.0,20.0,20.0,21.0,21.0,22.0,22.0,22.0,22.0,23.0,23.0,23.0,24.0,24.0,24.0,25.0,25.0,25.0,25.0,26.0,26.0,26.0,26.0,26.0,27.0,27.0,27.0,27.0,27.0,28.0,28.0,28.0,28.0,29.0,29.0,29.0,29.0,29.0,29.0,30.0,30.0,30.0,30.0,30.0,31.0,31.0,31.0,31.0,31.0,32.0,32.0,32.0,32.0,32.0,33.0,33.0,33.0,33.0,33.0,34.0,34.0,34.0,34.0,34.0,35.0,35.0,35.0,36.0,36.0,36.0,36.0,37.0,37.0,38.0,38.0,39.0,39.0,40.0,41.00999999999976,49.0,29.0,1000.3176470696926,1000.4705882370472,1000.5568627715111,1000.6196078658104,1000.678431391716,1000.7764706015587,1000.9411764740944,2000.4039215743542,2000.6862745285034,3001.0,151.60458984375,159.23074340820312,164.11837768554688,168.01368713378906,171.43795776367188,174.70533752441406,178.41783142089844,183.42510375976565,196.78170776367188,346.07806396484375,220.95468,0.0,test_data/Useful/Validation/rice-at-2-ft/20241108_085836_034.jpg,390.0,164.0,58.34178861315675
102,0.0,1.0,3.0,4.0,6.0,8.0,9.0,10.0,11.0,12.0,13.0,14.0,15.0,15.0,16.0,16.0,17.0,18.0,18.0,19.0,19.789999999999964,20.0,20.0,21.0,21.0,21.0,22.0,22.0,23.0,23.0,23.0,23.0,24.0,24.0,24.0,25.0,25.0,25.0,25.0,26.0,26.0,26.0,26.0,26.0,26.0,27.0,27.0,27.0,27.0,28.0,28.0,28.0,28.0,28.0,29.0,29.0,29.0,29.0,29.0,30.0,30.0,30.0,30.0,30.0,31.0,31.0,31.0,31.0,31.0,31.0,32.0,32.0,32.0,32.0,33.0,33.0,33.0,33.0,33.0,34.0,34.0,34.0,34.0,34.0,35.0,35.0,35.0,35.0,36.0,36.0,36.0,36.0,37.0,37.0,38.0,38.0,39.0,40.0,41.0,47.0,31.0,1000.3058823645115,1000.4588235318661,1000.54509806633,1000.6078431606293,1000.6745098233223,1000.7843137383461,1000.9294117689133,2000.3843137323856,2000.6588235497475,3001.0,151.2021942138672,158.8057098388672,163.7052764892578,167.5922393798828,171.00680541992188,174.39382934570312,178.0845947265625,183.13510131835938,196.57977294921875,346.0320739746094,221.42607,0.0,test_data/Useful/Validation/rice-at-2-ft/20241108_085836_035.jpg,365.0,173.0,60.881771004310885
103,0.0,2.0,4.0,5.0,7.0,8.0,9.0,10.920000000000016,11.0,12.0,13.0,13.879999999999995,14.0,15.0,15.0,16.0,17.0,17.0,17.810000000000002,18.0,18.0,19.0,19.0,20.0,20.0,20.0,21.0,21.0,21.0,22.0,22.0,22.0,23.0,23.0,23.0,24.0,24.0,24.0,24.0,25.0,25.0,25.0,25.0,26.0,26.0,26.0,27.0,27.0,27.0,27.0,27.0,28.0,28.0,28.0,28.0,28.0,29.0,29.0,29.0,29.0,29.0,29.0,30.0,30.0,30.0,30.0,31.0,31.0,31.0,31.0,31.0,32.0,32.0,32.0,32.0,32.0,32.0,33.0,33.0,33.0,33.0,33.179999999999836,34.0,34.0,34.0,34.0,35.0,35.0,35.0,36.0,36.0,37.0,37.0,37.0,38.0,38.0,39.0,40.0,41.0,45.0,28.0,1000.3137255012989,1000.4627451002598,1000.54509806633,1000.6078431606293,1000.6705882549286,1000.7803921699524,1000.9215686321259,2000.3607843220234,2000.65098041296,3001.0,150.57335968017577,158.27645874023438,163.12179565429688,166.97909545898438,170.47409057617188,173.90899963378905,177.62860717773438,182.75144653320314,196.52589416503906,346.0437316894531,221.70715,0.0,test_data/Useful/Validation/rice-at-2-ft/20241108_085836_036.jpg,383.0,164.0,54.08304869063895
104,0.0,0.0,2.0,5.0,6.0,7.0,8.0,10.0,10.909999999999997,11.0,12.0,13.0,13.0,14.0,15.0,16.0,16.0,17.0,17.0,17.0,18.0,18.0,19.0,19.0,20.0,20.0,20.0,21.0,21.0,21.0,22.0,22.0,22.0,23.0,23.0,23.0,23.0,24.0,24.0,24.0,25.0,25.0,25.0,25.0,26.0,26.0,26.0,26.0,27.0,27.0,27.0,27.0,27.0,28.0,28.0,28.0,28.0,28.0,29.0,29.0,29.0,29.0,29.0,30.0,30.0,30.0,30.0,30.0,31.0,31.0,31.0,31.0,32.0,32.0,32.0,32.0,32.0,33.0,33.0,33.0,33.0,33.0,34.0,34.0,34.0,34.0,35.0,35.0,35.0,36.0,36.0,36.0,37.0,37.0,38.0,38.0,39.0,40.0,40.0,45.0,28.0,1000.3176470696926,1000.4666666686535,1000.5529412031174,1000.6156862974167,1000.678431391716,1000.7921568751335,1000.9176470637321,2000.364705890417,2000.6549019813538,3001.0,150.035107421875,157.71729431152343,162.57064666748047,166.4935302734375,170.0189437866211,173.4548797607422,177.18870544433594,182.34423828125,196.32167053222656,346.06744384765625,222.13806,0.0,test_data/Useful/Validation/rice-at-2-ft/20241108_085836_043.jpg,353.0,155.0,63.2308802992089
0,0.0,0.0,0.0,0.0,0.0,0.0,0.0,0.0,0.0,0.0,0.0,0.0,0.0,0.0,0.0,0.0,0.0,0.0,0.0,0.0,0.0,0.0,0.0,0.0,0.0,0.0,0.0,0.0,0.0,0.0,0.0,0.0,0.0,0.0,0.0,0.0,0.0,0.0,0.0,0.0,0.0,0.0,0.0,0.0,0.0,0.0,0.0,0.0,0.0,0.0,0.0,0.0,0.0,0.0,0.0,0.0,0.0,0.0,0.0,0.0,1.0,2.0,3.0,4.0,5.0,6.0,7.0,8.0,10.0,11.0,12.0,14.0,15.0,16.0,17.0,18.0,19.0,20.0,21.0,22.0,23.0,24.0,25.0,26.0,27.0,27.0,28.0,29.0,30.0,31.0,32.0,33.0,34.0,34.0,35.0,36.0,36.0,38.0,40.0,45.0,0.0,1000.6431372761726,1000.6901960968971,1000.7215686440468,1000.7490196228027,1000.7686274647713,1000.7921568751335,1000.811764717102,1000.839215695858,1000.8705882430077,3001.0,153.82451629638672,161.51100158691406,166.39418029785156,170.36590576171875,173.88177490234375,177.1875762939453,180.7212677001953,185.16517639160156,193.01312255859375,346.6278381347656,207.29535,3.0,test_data/Useful/Validation/sharp sand at 1ft/20241020_165659_051.jpg,170.0,94.0,27.019106040214645
1,0.0,0.0,0.0,0.0,0.0,0.0,0.0,0.0,0.0,0.0,0.0,0.0,0.0,0.0,0.0,0.0,0.0,0.0,0.0,0.0,0.0,0.0,0.0,0.0,0.0,0.0,0.0,0.0,0.0,0.0,0.0,0.0,0.0,0.0,0.0,0.0,0.0,0.0,0.0,0.0,0.0,0.0,0.0,0.0,0.0,0.0,0.0,0.0,0.0,0.0,0.0,0.0,0.0,0.0,0.0,0.0,0.0,0.0,0.0,0.0,0.0,0.0,0.0,1.0,2.0,3.0,3.0,4.0,5.0,7.0,8.0,10.0,11.0,12.0,13.0,15.0,16.0,17.0,18.0,20.0,21.0,22.0,23.0,24.0,25.0,26.0,27.0,28.0,29.0,30.0,31.0,32.0,33.0,34.0,34.0,36.0,37.0,38.0,39.0,46.0,0.0,1000.6431372761726,1000.6901960968971,1000.7215686440468,1000.7490196228027,1000.7686274647713,1000.7921568751335,1000.811764717102,1000.839215695858,1000.8705882430077,3001.0,154.14183044433594,161.867431640625,166.808984375,170.65633544921874,174.05350494384766,177.3534393310547,180.80780029296875,185.1474609375,192.65229949951174,346.6194152832031,207.24844,3.0,test_data/Useful/Validation/sharp sand at 1ft/20241020_165659_052.jpg,133.0,84.0,26.80979758355843
2,0.0,0.0,0.0,0.0,0.0,0.0,0.0,0.0,0.0,0.0,0.0,0.0,0.0,0.0,0.0,0.0,0.0,0.0,0.0,0.0,0.0,0.0,0.0,0.0,0.0,0.0,0.0,0.0,0.0,0.0,0.0,0.0,0.0,0.0,0.0,0.0,0.0,0.0,0.0,0.0,0.0,0.0,0.0,0.0,0.0,0.0,0.0,0.0,0.0,0.0,0.0,0.0,0.0,0.0,0.0,0.0,0.0,0.0,0.0,0.0,0.0,0.0,0.0,0.0,1.0,2.0,3.0,4.0,5.0,6.0,8.0,9.0,10.0,11.0,12.0,13.0,15.0,16.0,17.0,18.0,19.0,20.0,21.0,23.0,24.0,25.0,26.0,27.0,28.0,29.0,30.0,31.0,32.0,33.0,34.0,35.0,36.0,38.0,40.0,43.0,0.0,1000.6431372761726,1000.6941176652908,1000.7254902124405,1000.7490196228027,1000.7686274647713,1000.7921568751335,1000.811764717102,1000.8352941274643,1000.866666674614,3001.0,154.50953674316406,162.27296447753906,167.13621520996094,170.97247314453125,174.35279846191406,177.64968872070312,181.09548950195312,185.26309509277343,192.64945373535156,346.62152099609375,207.20615,3.0,test_data/Useful/Validation/sharp sand at 1ft/20241020_165659_054.jpg,147.0,82.0,28.085772252705134
3,0.0,0.0,0.0,0.0,0.0,0.0,0.0,0.0,0.0,0.0,0.0,0.0,0.0,0.0,0.0,0.0,0.0,0.0,0.0,0.0,0.0,0.0,0.0,0.0,0.0,0.0,0.0,0.0,0.0,0.0,0.0,0.0,0.0,0.0,0.0,0.0,0.0,0.0,0.0,0.0,0.0,0.0,0.0,0.0,0.0,0.0,0.0,0.0,0.0,0.0,0.0,0.0,0.0,0.0,0.0,0.0,0.0,0.0,0.0,0.0,0.0,0.0,0.0,0.0,0.0,0.0,0.0,0.0,1.0,2.0,3.0,4.0,6.0,7.259999999999991,9.0,10.0,12.0,13.0,14.0,15.200000000000045,17.0,18.0,19.0,20.159999999999854,22.0,23.0,24.0,26.0,27.0,28.0,29.0,30.0,31.0,32.0,33.0,34.0,36.0,37.0,39.0,44.0,0.0,1000.6392157077789,1000.6901960968971,1000.7215686440468,1000.7490196228027,1000.772549033165,1000.7921568751335,1000.8156862854958,1000.839215695858,1000.8745098114014,3001.0,155.73468475341798,163.45916748046875,168.3382568359375,172.17405700683594,175.54246520996094,178.72634887695312,182.02330322265624,186.06612548828124,192.7445068359375,346.6123046875,206.1631,3.0,test_data/Useful/Validation/sharp sand at 1ft/20241020_165659_055.jpg,122.0,64.0,33.184766066972905
4,0.0,0.0,0.0,0.0,0.0,0.0,0.0,0.0,0.0,0.0,0.0,0.0,0.0,0.0,0.0,0.0,0.0,0.0,0.0,0.0,0.0,0.0,0.0,0.0,0.0,0.0,0.0,0.0,0.0,0.0,0.0,0.0,0.0,0.0,0.0,0.0,0.0,0.0,0.0,0.0,0.0,0.0,0.0,0.0,0.0,0.0,0.0,0.0,0.0,0.0,0.0,0.0,0.0,0.0,0.0,0.0,0.0,0.0,0.0,0.0,0.0,0.0,0.0,0.0,0.0,0.0,0.0,0.0,0.0,0.0,0.0,0.0,0.0,0.0,0.0,0.0,1.0,2.0,3.0,4.0,5.190000000000055,7.0,8.0,10.0,11.0,13.0,15.0,16.0,18.110000000000127,21.0,22.0,23.0,25.0,27.0,28.0,31.0,33.0,35.0,37.0,45.0,0.0,1000.5686274766922,1000.6313725709915,1000.6666666865349,1000.6980392336845,1000.7294117808342,1000.7568627595901,1000.7882353067398,1000.8274509906769,1000.8823529481888,3000.984313726425,158.13124084472656,165.8230438232422,170.65269470214844,174.476318359375,177.78814697265625,180.91439819335938,184.10565185546875,187.81182861328125,193.40101623535156,346.3992004394531,204.21497,3.0,test_data/Useful/Validation/sharp sand at 1ft/20241020_165711_059.jpg,95.0,64.0,29.52778754584024
5,0.0,0.0,0.0,0.0,0.0,0.0,0.0,0.0,0.0,0.0,0.0,0.0,0.0,0.0,0.0,0.0,0.0,0.0,0.0,0.0,0.0,0.0,0.0,0.0,0.0,0.0,0.0,0.0,0.0,0.0,0.0,0.0,0.0,0.0,0.0,0.0,0.0,0.0,0.0,0.0,0.0,0.0,0.0,0.0,0.0,0.0,0.0,0.0,0.0,0.0,0.0,0.0,0.0,0.0,0.0,0.0,0.0,0.0,0.0,0.0,0.0,0.0,0.0,0.0,0.0,0.0,0.0,0.0,0.0,0.0,0.0,0.0,0.0,0.0,0.0,0.0,1.0,2.0,3.0,4.0,5.0,7.0,8.0,9.0,10.0,12.0,13.0,15.0,16.0,18.0,20.0,22.0,24.0,25.059999999999945,27.0,29.0,31.0,34.0,37.0,50.0,0.0,1000.5764706134796,1000.6352941393852,1000.6705882549286,1000.7019608020782,1000.7294117808342,1000.7568627595901,1000.7882353067398,1000.8235294222832,1000.8745098114014,3000.972549021244,158.06981964111327,165.79769592285157,170.63600158691406,174.41604614257812,177.72100830078125,180.85598754882812,184.05168609619142,187.70779418945312,193.31239318847656,346.41058349609375,204.39996,3.0,test_data/Useful/Validation/sharp sand at 1ft/20241020_165711_060.jpg,89.0,67.0,33.2811854360524
6,0.0,0.0,0.0,0.0,0.0,0.0,0.0,0.0,0.0,0.0,0.0,0.0,0.0,0.0,0.0,0.0,0.0,0.0,0.0,0.0,0.0,0.0,0.0,0.0,0.0,0.0,0.0,0.0,0.0,0.0,0.0,0.0,0.0,0.0,0.0,0.0,0.0,0.0,0.0,0.0,0.0,0.0,0.0,0.0,0.0,0.0,0.0,0.0,0.0,0.0,0.0,0.0,0.0,0.0,0.0,0.0,0.0,0.0,0.0,0.0,0.0,0.0,0.0,0.0,0.0,0.0,0.0,0.0,0.0,0.0,0.0,0.0,0.0,0.0,0.0,0.0,0.0,2.0,2.0,4.0,5.0,6.0,7.0,8.0,10.0,11.139999999999873,14.0,15.0,17.0,19.0,21.0,22.0,24.0,25.0,27.0,28.039999999999964,31.0,34.0,38.0,47.0,0.0,1000.5764706134796,1000.6313725709915,1000.6705882549286,1000.7019608020782,1000.7294117808342,1000.7568627595901,1000.7882353067398,1000.8235294222832,1000.8745098114014,3000.956862747669,158.18195190429688,165.86245727539062,170.68124389648438,174.49566650390625,177.79971313476562,180.88643798828124,184.096484375,187.79893493652344,193.40948944091798,346.406982421875,204.4297,3.0,test_data/Useful/Validation/sharp sand at 1ft/20241020_165711_061.jpg,90.0,59.0,23.775437944363368
7,0.0,0.0,0.0,0.0,0.0,0.0,0.0,0.0,0.0,0.0,0.0,0.0,0.0,0.0,0.0,0.0,0.0,0.0,0.0,0.0,0.0,0.0,0.0,0.0,0.0,0.0,0.0,0.0,0.0,0.0,0.0,0.0,0.0,0.0,0.0,0.0,0.0,0.0,0.0,0.0,0.0,0.0,0.0,0.0,0.0,0.0,0.0,0.0,0.0,0.0,0.0,0.0,0.0,0.0,0.0,0.0,0.0,0.0,0.0,0.0,0.0,0.0,0.0,0.0,0.0,0.0,0.0,0.0,0.0,0.0,0.0,0.0,0.0,0.0,0.0,0.0,0.0,0.0,0.0,1.0,2.0,3.0,4.0,5.0,7.0,8.0,10.0,12.0,14.0,16.0,18.0,20.0,21.0,23.0,25.0,27.0,30.0,32.01999999999998,36.00999999999976,42.0,0.0,1000.5764706134796,1000.6352941393852,1000.6705882549286,1000.7019608020782,1000.7254902124405,1000.7568627595901,1000.7843137383461,1000.8196078538895,1000.8705882430077,3000.949019610882,158.07501220703125,165.77125549316406,170.61868286132812,174.43011474609375,177.73043823242188,180.83758544921875,184.0732421875,187.76531982421875,193.4117416381836,346.409423828125,204.31009,3.0,test_data/Useful/Validation/sharp sand at 1ft/20241020_165711_062.jpg,73.0,54.0,32.10189902642944
8,0.0,0.0,0.0,0.0,0.0,0.0,0.0,0.0,0.0,0.0,0.0,0.0,0.0,0.0,0.0,0.0,0.0,0.0,0.0,0.0,0.0,0.0,0.0,0.0,0.0,0.0,0.0,0.0,0.0,0.0,0.0,0.0,0.0,0.0,0.0,0.0,0.0,0.0,0.0,0.0,0.0,0.0,0.0,0.0,0.0,0.0,0.0,0.0,0.0,0.0,0.0,0.0,0.0,0.0,0.0,0.0,0.0,0.0,0.0,0.0,0.0,0.0,0.0,0.0,0.0,0.0,0.0,0.0,0.0,0.0,0.0,0.0,0.0,0.0,0.0,0.2400000000000091,1.0,2.0,3.0,4.0,5.0,6.0,8.0,10.0,11.0,13.0,15.0,17.0,18.0,20.0,22.0,23.0,25.0,27.0,29.0,30.0,32.0,33.0,36.0,43.0,0.0,1000.5764706134796,1000.6352941393852,1000.6705882549286,1000.6980392336845,1000.7254902124405,1000.7529411911964,1000.7843137383461,1000.8196078538895,1000.8705882430077,3000.9372549057007,158.13555908203125,165.79774475097656,170.65667724609375,174.46688842773438,177.71490478515625,180.8646728515625,184.09483337402344,187.8026580810547,193.44769287109375,346.4020080566406,204.39786,3.0,test_data/Useful/Validation/sharp sand at 1ft/20241020_165711_063.jpg,89.0,64.0,35.02391589650862
9,0.0,0.0,0.0,0.0,0.0,0.0,0.0,0.0,0.0,0.0,0.0,0.0,0.0,0.0,0.0,0.0,0.0,0.0,0.0,0.0,0.0,0.0,0.0,0.0,0.0,0.0,0.0,0.0,0.0,0.0,0.0,0.0,0.0,0.0,0.0,0.0,0.0,0.0,0.0,0.0,0.0,0.0,0.0,0.0,0.0,0.0,0.0,0.0,0.0,0.0,0.0,0.0,0.0,0.0,0.0,0.0,0.0,0.0,0.0,0.0,0.0,0.0,0.0,0.0,0.0,0.0,0.0,0.0,0.0,0.0,0.0,0.0,0.0,0.0,0.0,0.0,0.0,0.0,1.0,2.0,3.0,5.0,6.0,7.0,8.0,10.0,11.13000000000011,13.0,15.0,16.0,18.0,20.0,22.0,25.0,27.0,28.0,30.029999999999745,33.01999999999998,36.0,41.0,0.0,1000.5764706134796,1000.6313725709915,1000.6705882549286,1000.6980392336845,1000.7254902124405,1000.7529411911964,1000.7843137383461,1000.8196078538895,1000.866666674614,3000.9647058844566,158.07261657714844,165.6611785888672,170.5738952636719,174.37948303222657,177.70079040527344,180.80518188476563,184.01840209960938,187.7486572265625,193.41249084472656,346.39581298828125,204.52226,3.0,test_data/Useful/Validation/sharp sand at 1ft/20241020_165711_064.jpg,88.0,53.0,28.80799766772635
10,0.0,0.0,0.0,0.0,0.0,0.0,0.0,0.0,0.0,0.0,0.0,0.0,0.0,0.0,0.0,0.0,0.0,0.0,0.0,0.0,0.0,0.0,0.0,0.0,0.0,0.0,0.0,0.0,0.0,0.0,0.0,0.0,0.0,0.0,0.0,0.0,0.0,0.0,0.0,0.0,0.0,0.0,0.0,0.0,0.0,0.0,0.0,0.0,0.0,0.0,0.0,0.0,0.0,0.0,0.0,0.0,0.0,0.0,0.0,0.0,0.0,0.0,0.0,0.0,0.0,0.0,0.0,0.0,0.0,0.0,0.0,0.0,0.0,0.0,0.0,0.0,1.0,2.0,3.0,4.0,5.0,6.0,7.0,9.0,11.0,13.0,14.0,16.0,17.110000000000127,19.0,21.0,23.0,24.0,26.0,28.0,30.0,31.0,34.0,37.0,44.0,0.0,1000.5803921818733,1000.6352941393852,1000.6705882549286,1000.6980392336845,1000.7254902124405,1000.7529411911964,1000.7803921699524,1000.8156862854958,1000.8627451062202,3000.960784316063,157.75377960205077,165.51672973632813,170.43529052734374,174.26170349121094,177.583251953125,180.75416564941406,183.98841857910156,187.67416381835938,193.3291473388672,346.4046936035156,204.1576,3.0,test_data/Useful/Validation/sharp sand at 1ft/20241020_165711_065.jpg,98.0,68.0,36.971390838259616
11,0.0,0.0,0.0,0.0,0.0,0.0,0.0,0.0,0.0,0.0,0.0,0.0,0.0,0.0,0.0,0.0,0.0,0.0,0.0,0.0,0.0,0.0,0.0,0.0,0.0,0.0,0.0,0.0,0.0,0.0,0.0,0.0,0.0,0.0,0.0,0.0,0.0,0.0,0.0,0.0,0.0,0.0,0.0,0.0,0.0,0.0,0.0,0.0,0.0,0.0,0.0,0.0,0.0,0.0,0.0,0.0,0.0,0.0,0.0,0.0,0.0,0.0,0.0,0.0,0.0,0.0,0.0,0.0,0.0,0.0,0.0,0.0,0.0,0.0,0.0,0.0,0.0,0.0,1.0,2.0,3.0,4.0,5.0,6.0,7.0,9.0,10.0,12.0,13.0,15.0,17.0,19.0,22.0,24.0,26.0,28.0,30.0,32.0,36.0,42.0,0.0,1000.6431372761726,1000.6941176652908,1000.7294117808342,1000.7529411911964,1000.7803921699524,1000.8039215803146,1000.8313725590706,1000.8627451062202,1000.905882358551,3001.0,157.74272613525392,165.3321075439453,170.26455688476562,174.0496826171875,177.37603759765625,180.49671325683593,183.7601547241211,187.4546325683594,193.14407806396486,346.6030578613281,204.6033,3.0,test_data/Useful/Validation/sharp sand at 1ft/20241020_165711_069.jpg,101.0,61.0,27.000898110373594
12,0.0,0.0,0.0,0.0,0.0,0.0,0.0,0.0,0.0,0.0,0.0,0.0,0.0,0.0,0.0,0.0,0.0,0.0,0.0,0.0,0.0,0.0,0.0,0.0,0.0,0.0,0.0,0.0,0.0,0.0,0.0,0.0,0.0,0.0,0.0,0.0,0.0,0.0,0.0,0.0,0.0,0.0,0.0,0.0,0.0,0.0,0.0,0.0,0.0,0.0,0.0,0.0,0.0,0.0,0.0,0.0,0.0,0.0,0.0,0.0,0.0,0.0,0.0,0.0,0.0,0.0,0.0,0.0,0.0,0.0,0.0,0.0,0.0,0.0,0.0,0.0,0.0,0.0,2.0,2.0,3.0,5.0,6.0,8.0,9.0,11.0,13.0,14.0,16.0,17.0,19.0,21.0,23.0,25.0,27.0,29.0,30.0,33.0,36.0,43.0,0.0,1000.6470588445663,1000.6980392336845,1000.7294117808342,1000.7568627595901,1000.7803921699524,1000.8078431487083,1000.8352941274643,1000.866666674614,1000.9098039269447,3001.0,157.68963623046875,165.34384155273438,170.2304229736328,173.99265747070314,177.34761810302734,180.50709838867186,183.6903839111328,187.4246826171875,193.17550659179688,346.6148376464844,204.70451,3.0,test_data/Useful/Validation/sharp sand at 1ft/20241020_165711_070.jpg,98.0,65.0,28.322559712223065
13,0.0,0.0,0.0,0.0,0.0,0.0,0.0,0.0,0.0,0.0,0.0,0.0,0.0,0.0,0.0,0.0,0.0,0.0,0.0,0.0,0.0,0.0,0.0,0.0,0.0,0.0,0.0,0.0,0.0,0.0,0.0,0.0,0.0,0.0,0.0,0.0,0.0,0.0,0.0,0.0,0.0,0.0,0.0,0.0,0.0,0.0,0.0,0.0,0.0,0.0,0.0,0.0,0.0,0.0,0.0,0.0,0.0,0.0,0.0,0.0,0.0,0.0,0.0,0.0,0.0,0.0,0.0,0.0,0.0,0.0,0.0,0.0,0.0,0.0,0.0,0.0,0.0,0.0,1.0,2.0,3.0,4.0,5.0,6.0,7.0,8.0,10.0,11.0,13.0,15.0,17.0,19.0,21.0,23.0,25.0,27.0,29.0,32.0,36.0,43.0,0.0,1000.6470588445663,1000.6980392336845,1000.7294117808342,1000.7568627595901,1000.7803921699524,1000.8039215803146,1000.8313725590706,1000.8627451062202,1000.9098039269447,3001.0,157.7295379638672,165.43002319335938,170.29327392578125,174.11099243164062,177.42857360839844,180.5913543701172,183.76053314208983,187.4485076904297,193.24119110107424,346.6125183105469,205.11076,3.0,test_data/Useful/Validation/sharp sand at 1ft/20241020_165711_071.jpg,105.0,64.0,23.989693735028183
14,0.0,0.0,0.0,0.0,0.0,0.0,0.0,0.0,0.0,0.0,0.0,0.0,0.0,0.0,0.0,0.0,0.0,0.0,0.0,0.0,0.0,0.0,0.0,0.0,0.0,0.0,0.0,0.0,0.0,0.0,0.0,0.0,0.0,0.0,0.0,0.0,0.0,0.0,0.0,0.0,0.0,0.0,0.0,0.0,0.0,0.0,0.0,0.0,0.0,0.0,0.0,0.0,0.0,0.0,0.0,0.0,0.0,0.0,0.0,0.0,0.0,0.0,0.0,0.0,0.0,0.0,0.0,0.0,0.0,0.0,0.0,0.0,0.0,0.0,0.0,1.0,2.0,3.0,4.0,5.0,6.0,7.0,9.0,10.0,12.0,14.0,15.0,17.0,18.0,20.0,22.0,23.0,25.0,26.0,28.0,29.0,30.029999999999745,33.0,35.0,42.0,0.0,1000.6431372761726,1000.6941176652908,1000.7294117808342,1000.7529411911964,1000.7803921699524,1000.8039215803146,1000.8313725590706,1000.8627451062202,1000.9098039269447,3001.0,157.60865783691406,165.35147094726562,170.2991485595703,174.0888214111328,177.39825439453125,180.51791381835938,183.75434570312498,187.49742126464844,193.224609375,346.60992431640625,204.87267,3.0,test_data/Useful/Validation/sharp sand at 1ft/20241020_165711_072.jpg,113.0,76.0,28.901822648614562
15,0.0,0.0,0.0,0.0,0.0,0.0,0.0,0.0,0.0,0.0,0.0,0.0,0.0,0.0,0.0,0.0,0.0,0.0,0.0,0.0,0.0,0.0,0.0,0.0,0.0,0.0,0.0,0.0,0.0,0.0,0.0,0.0,0.0,0.0,0.0,0.0,0.0,0.0,0.0,0.0,0.0,0.0,0.0,0.0,0.0,0.0,0.0,0.0,0.0,0.0,0.0,0.0,0.0,0.0,0.0,0.0,0.0,0.0,0.0,0.0,0.0,0.0,0.0,0.0,0.0,0.0,0.0,0.0,0.0,0.0,0.0,0.0,0.0,0.0,0.0,1.0,2.0,3.0,3.0,4.0,5.0,7.0,8.0,10.0,12.0,13.0,14.0,16.0,18.0,19.0,20.0,22.0,24.0,25.059999999999945,27.049999999999727,30.0,31.029999999999745,34.0,36.0,43.0,0.0,1000.6470588445663,1000.6941176652908,1000.7294117808342,1000.7568627595901,1000.7803921699524,1000.8039215803146,1000.8313725590706,1000.8627451062202,1000.905882358551,3001.0,157.74975128173827,165.34930114746095,170.1394256591797,173.98053588867188,177.27244567871094,180.42529296875,183.63795776367186,187.38857727050782,193.18510894775392,346.61297607421875,205.29138,3.0,test_data/Useful/Validation/sharp sand at 1ft/20241020_165711_073.jpg,102.0,64.0,26.2311194255527
16,0.0,0.0,0.0,0.0,0.0,0.0,0.0,0.0,0.0,0.0,0.0,0.0,0.0,0.0,0.0,0.0,0.0,0.0,0.0,0.0,0.0,0.0,0.0,0.0,0.0,0.0,0.0,0.0,0.0,0.0,0.0,0.0,0.0,0.0,0.0,0.0,0.0,0.0,0.0,0.0,0.0,0.0,0.0,0.0,0.0,0.0,0.0,0.0,0.0,0.0,0.0,0.0,0.0,0.0,0.0,0.0,0.0,0.0,0.0,0.0,0.0,0.0,0.0,0.0,0.0,0.0,0.0,0.0,0.0,0.0,0.0,0.0,0.0,0.0,0.0,0.0,0.0,0.0,0.0,0.0,1.0,2.0,3.0,4.0,6.0,7.0,9.0,11.0,13.0,15.0,17.0,19.0,21.0,23.059999999999945,26.0,27.0,30.0,33.0,36.0,42.0,0.0,1000.6392157077789,1000.6901960968971,1000.7254902124405,1000.7529411911964,1000.7764706015587,1000.8039215803146,1000.8313725590706,1000.8627451062202,1000.9098039269447,3001.0,157.83529663085938,165.4931640625,170.3610382080078,174.1453399658203,177.40931701660156,180.5055145263672,183.76390075683594,187.51089477539062,193.20919799804688,346.6033935546875,204.84174,3.0,test_data/Useful/Validation/sharp sand at 1ft/20241020_165711_074.jpg,96.0,54.0,36.12275835900074
17,0.0,0.0,0.0,0.0,0.0,0.0,0.0,0.0,0.0,0.0,0.0,0.0,0.0,0.0,0.0,0.0,0.0,0.0,0.0,0.0,0.0,0.0,0.0,0.0,0.0,0.0,0.0,0.0,0.0,0.0,0.0,0.0,0.0,0.0,0.0,0.0,0.0,0.0,0.0,0.0,0.0,0.0,0.0,0.0,0.0,0.0,0.0,0.0,0.0,0.0,0.0,0.0,0.0,0.0,0.0,0.0,0.0,0.0,0.0,0.0,0.0,0.0,0.0,0.0,0.0,0.0,0.0,0.0,0.0,0.0,0.0,0.0,0.0,0.0,0.0,0.0,0.0,0.0,0.0,0.0,1.1900000000000546,2.0,3.0,5.0,6.0,7.0,8.0,10.0,12.0,15.0,17.0,20.0,22.0,24.0,26.0,28.0,30.0,33.0,36.0,46.0,0.0,1000.6392157077789,1000.6901960968971,1000.7254902124405,1000.7529411911964,1000.7764706015587,1000.8039215803146,1000.8313725590706,1000.8627451062202,1000.9098039269447,3001.0,157.84780883789062,165.4763641357422,170.2839813232422,174.14768676757814,177.4468536376953,180.50554504394532,183.71676025390624,187.48517456054688,193.1291275024414,346.6067810058594,205.01202,3.0,test_data/Useful/Validation/sharp sand at 1ft/20241020_165711_075.jpg,87.0,55.0,31.785866858836116
18,0.0,0.0,0.0,0.0,0.0,0.0,0.0,0.0,0.0,0.0,0.0,0.0,0.0,0.0,0.0,0.0,0.0,0.0,0.0,0.0,0.0,0.0,0.0,0.0,0.0,0.0,0.0,0.0,0.0,0.0,0.0,0.0,0.0,0.0,0.0,0.0,0.0,0.0,0.0,0.0,0.0,0.0,0.0,0.0,0.0,0.0,0.0,0.0,0.0,0.0,0.0,0.0,0.0,0.0,0.0,0.0,0.0,0.0,0.0,0.0,0.0,0.0,0.0,0.0,0.0,0.0,0.0,0.0,0.0,0.0,0.0,0.0,0.0,0.0,0.0,0.0,0.0,0.0,0.0,0.0,0.0,0.0,1.0,3.0,4.0,5.0,7.0,8.11999999999989,11.0,13.099999999999909,16.0,18.0,20.0,23.0,26.0,28.0,30.0,32.0,35.0,42.0,0.0,1000.6352941393852,1000.6901960968971,1000.7215686440468,1000.7490196228027,1000.7764706015587,1000.8000000119209,1000.8274509906769,1000.8627451062202,1000.9098039269447,3001.0,157.77508544921875,165.47412109375,170.32432556152344,174.15848693847656,177.43651580810547,180.54423828125,183.7497360229492,187.46405029296875,193.17440795898438,346.5975341796875,204.77393,3.0,test_data/Useful/Validation/sharp sand at 1ft/20241020_165711_079.jpg,112.0,57.0,34.676378770700246
19,0.0,0.0,0.0,0.0,0.0,0.0,0.0,0.0,0.0,0.0,0.0,0.0,0.0,0.0,0.0,0.0,0.0,0.0,0.0,0.0,0.0,0.0,0.0,0.0,0.0,0.0,0.0,0.0,0.0,0.0,0.0,0.0,0.0,0.0,0.0,0.0,0.0,0.0,0.0,0.0,0.0,0.0,0.0,0.0,0.0,0.0,0.0,0.0,0.0,0.0,0.0,0.0,0.0,0.0,0.0,0.0,0.0,0.0,0.0,0.0,0.0,0.0,0.0,0.0,0.0,0.0,0.0,0.0,0.0,0.0,0.0,0.0,0.0,0.0,0.0,0.0,0.0,0.0,0.0,1.0,2.0,3.0,4.0,5.0,6.0,8.0,10.0,12.0,13.0,15.0,17.0,19.0,21.0,22.059999999999945,25.0,27.0,29.0,32.0,35.0,42.0,0.0,1000.65098041296,1000.6980392336845,1000.7294117808342,1000.7529411911964,1000.7764706015587,1000.8000000119209,1000.8235294222832,1000.8549019694328,1000.8980392217636,3000.988235294819,157.44500732421875,165.0877227783203,169.95119934082032,173.71967468261718,176.9796600341797,180.1225830078125,183.34763031005858,187.17349548339845,192.92725830078126,346.6186218261719,205.05333,3.0,test_data/Useful/Validation/sharp sand at 1ft/20241020_165711_080.jpg,112.0,67.0,35.53729076420935
20,0.0,0.0,0.0,0.0,0.0,0.0,0.0,0.0,0.0,0.0,0.0,0.0,0.0,0.0,0.0,0.0,0.0,0.0,0.0,0.0,0.0,0.0,0.0,0.0,0.0,0.0,0.0,0.0,0.0,0.0,0.0,0.0,0.0,0.0,0.0,0.0,0.0,0.0,0.0,0.0,0.0,0.0,0.0,0.0,0.0,0.0,0.0,0.0,0.0,0.0,0.0,0.0,0.0,0.0,0.0,0.0,0.0,0.0,0.0,0.0,0.0,0.0,0.0,0.0,0.0,0.0,0.0,0.0,0.0,0.0,0.0,0.0,0.0,0.0,0.0,0.0,0.0,0.0,1.0,2.0,3.0,4.0,6.0,7.0,9.0,11.0,12.0,13.0,14.0,16.0,18.0,19.079999999999927,22.0,24.0,26.0,28.0,31.0,33.01999999999998,36.0,44.0,0.0,1000.6392157077789,1000.6901960968971,1000.7254902124405,1000.7490196228027,1000.7764706015587,1000.8000000119209,1000.8274509906769,1000.8588235378265,1000.905882358551,3001.0,157.71942749023438,165.32525939941405,170.1386260986328,173.90943908691406,177.20516967773438,180.3070831298828,183.53143310546875,187.26129150390625,193.05810546875,346.60211181640625,205.13123,3.0,test_data/Useful/Validation/sharp sand at 1ft/20241020_165711_081.jpg,104.0,66.0,26.672684727845237
21,0.0,0.0,0.0,0.0,0.0,0.0,0.0,0.0,0.0,0.0,0.0,0.0,0.0,0.0,0.0,0.0,0.0,0.0,0.0,0.0,0.0,0.0,0.0,0.0,0.0,0.0,0.0,0.0,0.0,0.0,0.0,0.0,0.0,0.0,0.0,0.0,0.0,0.0,0.0,0.0,0.0,0.0,0.0,0.0,0.0,0.0,0.0,0.0,0.0,0.0,0.0,0.0,0.0,0.0,0.0,0.0,0.0,0.0,0.0,0.0,0.0,0.0,0.0,0.0,0.0,0.0,0.0,0.0,0.0,0.0,0.0,0.0,0.0,0.0,0.0,0.0,0.0,1.0,2.0,3.0,3.0,5.0,6.0,7.0,9.0,10.0,12.0,14.0,15.0,17.0,19.0,20.0,23.0,25.0,26.049999999999727,28.0,31.0,33.0,35.00999999999976,43.0,0.0,1000.6470588445663,1000.6941176652908,1000.7254902124405,1000.7529411911964,1000.7764706015587,1000.8000000119209,1000.8235294222832,1000.8549019694328,1000.9019607901573,3001.0,157.31610107421875,164.97186279296875,169.87901306152344,173.66111755371094,177.00714111328125,180.1984069824219,183.44078521728517,187.1505126953125,192.95510559082032,346.6104431152344,205.03711,3.0,test_data/Useful/Validation/sharp sand at 1ft/20241020_165711_082.jpg,110.0,58.0,25.394245171095914
22,0.0,0.0,0.0,0.0,0.0,0.0,0.0,0.0,0.0,0.0,0.0,0.0,0.0,0.0,0.0,0.0,0.0,0.0,0.0,0.0,0.0,0.0,0.0,0.0,0.0,0.0,0.0,0.0,0.0,0.0,0.0,0.0,0.0,0.0,0.0,0.0,0.0,0.0,0.0,0.0,0.0,0.0,0.0,0.0,0.0,0.0,0.0,0.0,0.0,0.0,0.0,0.0,0.0,0.0,0.0,0.0,0.0,0.0,0.0,0.0,0.0,0.0,0.0,0.0,0.0,0.0,0.0,0.0,0.0,0.0,0.0,0.0,0.0,0.0,0.0,0.0,0.0,0.0,0.0,1.0,2.0,3.0,5.0,6.0,7.0,8.0,10.0,12.0,14.0,15.0,16.090000000000146,19.0,21.0,23.0,25.0,27.0,29.0,32.0,35.00999999999976,43.0,0.0,1000.6431372761726,1000.6941176652908,1000.7254902124405,1000.7490196228027,1000.7764706015587,1000.8000000119209,1000.8235294222832,1000.8549019694328,1000.9019607901573,3000.9960784316063,157.38394775390626,164.9221923828125,169.89027709960936,173.68533325195312,176.96585083007812,180.09185791015625,183.29418334960937,187.091455078125,192.89891815185547,346.596923828125,204.87915,3.0,test_data/Useful/Validation/sharp sand at 1ft/20241020_165711_083.jpg,107.0,61.0,34.973729574958256
23,0.0,0.0,0.0,0.0,0.0,0.0,0.0,0.0,0.0,0.0,0.0,0.0,0.0,0.0,0.0,0.0,0.0,0.0,0.0,0.0,0.0,0.0,0.0,0.0,0.0,0.0,0.0,0.0,0.0,0.0,0.0,0.0,0.0,0.0,0.0,0.0,0.0,0.0,0.0,0.0,0.0,0.0,0.0,0.0,0.0,0.0,0.0,0.0,0.0,0.0,0.0,0.0,0.0,0.0,0.0,0.0,0.0,0.0,0.0,0.0,0.0,0.0,0.0,0.0,0.0,0.0,0.0,0.0,0.0,0.0,0.0,0.0,0.0,0.0,0.0,0.0,1.0,1.0,2.0,3.2000000000000455,4.190000000000055,5.0,6.0,7.0,9.0,11.0,12.0,14.0,16.0,18.0,20.0,22.0,24.0,25.0,27.0,29.0,31.0,33.0,35.0,44.0,0.0,1000.6470588445663,1000.6941176652908,1000.7254902124405,1000.7529411911964,1000.7764706015587,1000.8000000119209,1000.8235294222832,1000.8549019694328,1000.8980392217636,3000.9960784316063,157.35625305175782,165.0141174316406,169.85203704833984,173.61192016601564,176.94503784179688,180.03427124023438,183.26414489746094,187.0064697265625,192.93728637695312,346.612548828125,205.40634,3.0,test_data/Useful/Validation/sharp sand at 1ft/20241020_165711_084.jpg,108.0,63.0,27.27191937837743
24,0.0,0.0,0.0,0.0,0.0,0.0,0.0,0.0,0.0,0.0,0.0,0.0,0.0,0.0,0.0,0.0,0.0,0.0,0.0,0.0,0.0,0.0,0.0,0.0,0.0,0.0,0.0,0.0,0.0,0.0,0.0,0.0,0.0,0.0,0.0,0.0,0.0,0.0,0.0,0.0,0.0,0.0,0.0,0.0,0.0,0.0,0.0,0.0,0.0,0.0,0.0,0.0,0.0,0.0,0.0,0.0,0.0,0.0,0.0,0.0,0.0,0.0,0.0,0.0,0.0,0.0,0.0,0.0,0.0,0.0,0.0,0.0,0.0,0.0,0.0,0.0,0.0,0.0,1.0,1.0,2.0,3.0,5.0,6.0,7.0,9.0,11.0,12.0,14.0,16.09999999999991,18.0,20.0,22.0,24.0,26.049999999999727,28.0,30.0,32.0,35.0,42.0,0.0,1000.6431372761726,1000.6941176652908,1000.7254902124405,1000.7529411911964,1000.7764706015587,1000.8000000119209,1000.8235294222832,1000.8549019694328,1000.9019607901573,3001.0,157.15103759765626,164.92061462402344,169.78955078125,173.64393615722656,176.96286010742188,180.09426879882812,183.33901977539062,187.08067321777344,192.93637084960938,346.5966796875,205.12683,3.0,test_data/Useful/Validation/sharp sand at 1ft/20241020_165711_085.jpg,107.0,63.0,31.141636620393484
25,0.0,0.0,0.0,0.0,0.0,0.0,0.0,0.0,0.0,0.0,0.0,0.0,0.0,0.0,0.0,0.0,0.0,0.0,0.0,0.0,0.0,0.0,0.0,0.0,0.0,0.0,0.0,0.0,0.0,0.0,0.0,0.0,0.0,0.0,0.0,0.0,0.0,0.0,0.0,0.0,0.0,0.0,0.0,0.0,0.0,0.0,0.0,0.0,0.0,0.0,0.0,0.0,0.0,1.0,1.0,2.0,3.0,4.0,5.0,6.0,7.0,8.0,9.0,10.0,11.0,12.0,13.0,14.0,15.0,16.0,17.0,18.0,19.0,20.0,21.0,22.0,23.0,24.0,24.0,25.0,26.0,26.0,27.0,28.0,29.0,29.0,30.0,31.0,31.0,32.0,33.0,33.0,34.0,35.0,36.0,36.0,38.0,39.0,40.0,46.0,0.0,1000.5137255191803,1000.5960784554482,1000.6588235497475,1000.7098039388657,1000.7568627595901,1000.8039215803146,1000.8549019694328,1000.9098039269447,1000.972549021244,2001.0,158.20680236816406,165.92672729492188,170.87326049804688,174.61875610351564,177.99040985107422,181.1637725830078,184.40453338623047,188.2864990234375,194.32781982421875,346.29925537109375,206.32867,3.0,test_data/Useful/Validation/sharp sand at 1ft/20241020_165856(0).jpg,128.0,89.0,28.60124643305993
26,0.0,0.0,0.0,0.0,0.0,0.0,0.0,0.0,0.0,0.0,0.0,0.0,0.0,0.0,0.0,0.0,0.0,0.0,0.0,0.0,0.0,0.0,0.0,0.0,0.0,0.0,0.0,0.0,0.0,0.0,0.0,0.0,0.0,0.0,0.0,0.0,0.0,0.0,0.0,0.0,0.0,0.0,0.0,0.0,1.0,1.0,2.0,3.0,4.0,5.0,6.0,6.0,7.0,8.0,9.0,10.0,11.0,12.0,12.409999999999854,13.0,14.0,15.0,16.0,17.0,18.0,19.0,20.0,20.0,21.0,22.0,23.0,23.0,24.0,24.0,25.0,26.0,26.0,27.0,28.0,28.0,29.0,29.0,30.0,30.0,31.0,31.0,32.0,33.0,33.0,34.0,34.0,35.0,35.0,36.0,37.0,38.0,39.0,40.0,41.0,45.0,0.0,1000.5764706134796,1000.65098041296,1000.705882370472,1000.7529411911964,1000.7960784435272,1000.839215695858,1000.8862745165825,1000.9372549057007,1000.9921568632126,2001.0,158.07030487060547,165.74785461425782,170.68536376953125,174.58055419921874,177.9369659423828,181.12258911132812,184.34378967285156,188.22412109375003,194.2701873779297,346.4511413574219,207.10374,3.0,test_data/Useful/Validation/sharp sand at 1ft/20241020_165856.jpg,184.0,124.0,30.315243954683112
27,0.0,0.0,0.0,0.0,0.0,0.0,0.0,0.0,0.0,0.0,0.0,0.0,0.0,0.0,0.0,0.0,0.0,0.0,0.0,0.0,0.0,0.0,0.0,0.0,0.0,0.0,0.0,0.0,0.0,0.0,0.0,0.0,0.0,0.0,0.0,0.0,0.0,0.0,0.0,0.0,0.0,0.0,1.0,2.0,2.0,3.0,4.0,4.0,5.0,6.0,7.0,8.0,9.0,10.0,11.0,12.0,12.0,13.0,14.0,15.0,15.0,16.0,17.0,18.0,18.0,19.0,20.0,20.0,21.0,22.0,23.0,24.0,24.0,25.0,25.0,26.0,27.0,27.0,28.0,28.0,29.0,29.0,30.0,31.0,31.0,32.0,32.0,33.0,33.0,34.0,34.090000000000146,35.0,36.0,36.0,37.0,37.0,38.0,39.0,41.0,46.0,0.0,1000.5725490450859,1000.6431372761726,1000.6901960968971,1000.7254902124405,1000.7568627595901,1000.7921568751335,1000.8313725590706,1000.8745098114014,1000.9294117689133,2001.0,157.47549133300782,165.2655792236328,170.2034149169922,173.99459228515624,177.34368133544922,180.53650512695313,183.81104736328126,187.75294799804686,194.17579803466796,346.3544921875,207.46407,3.0,test_data/Useful/Validation/sharp sand at 1ft/20241020_165857.jpg,172.0,127.0,28.716687256462762
28,0.0,0.0,0.0,0.0,0.0,0.0,0.0,0.0,0.0,0.0,0.0,0.0,0.0,0.0,0.0,0.0,0.0,0.0,0.0,0.0,0.0,0.0,0.0,0.0,0.0,0.0,0.0,0.0,0.0,1.0,1.0,2.0,2.0,3.0,3.0,4.0,5.0,6.0,6.0,7.0,8.0,8.0,9.0,10.0,10.0,11.0,11.0,12.0,13.0,14.0,14.0,15.0,15.0,16.0,16.0,17.0,18.0,19.0,19.0,20.0,20.0,21.0,21.0,22.0,23.0,23.0,24.0,24.0,25.0,25.0,25.0,26.0,26.0,27.0,28.0,28.0,28.0,29.0,29.0,30.0,30.0,30.0,31.0,31.0,32.0,32.0,33.0,33.0,34.0,34.0,34.0,35.0,36.0,36.0,37.0,37.0,38.0,39.0,41.0,49.0,0.0,1000.5686274766922,1000.6470588445663,1000.7019608020782,1000.7411764860153,1000.7843137383461,1000.8235294222832,1000.8627451062202,1000.9098039269447,1000.9686274528503,2001.0,157.34318084716796,165.08433227539064,169.95440673828125,173.7451171875,177.06640625,180.2314453125,183.55517578125,187.52500915527344,194.2295684814453,346.448486328125,210.25153,3.0,test_data/Useful/Validation/sharp sand at 1ft/20241020_165858(0).jpg,255.0,166.0,31.30246716904814
29,0.0,0.0,0.0,0.0,0.0,0.0,0.0,0.0,0.0,0.0,0.0,0.0,0.0,0.0,0.0,0.0,0.0,0.0,0.0,0.0,0.0,0.0,0.0,0.0,0.0,0.0,0.0,0.0,0.0,0.0,0.0,0.0,0.0,0.0,0.0,0.0,0.0,0.0,0.0,0.0,1.0,2.0,2.0,3.0,3.0,4.0,5.0,5.0,6.0,6.0,7.0,8.480000000000018,9.0,10.0,11.450000000000045,12.0,13.0,14.0,14.0,15.0,16.0,16.0,17.0,18.0,19.0,19.340000000000146,20.330000000000155,21.0,22.0,23.0,23.0,24.0,24.0,25.0,26.0,26.0,27.0,27.0,28.0,28.0,29.0,29.0,30.0,30.0,31.0,31.0,32.0,33.0,33.0,33.0,34.0,35.0,35.0,36.0,37.0,37.0,38.0,39.0,41.0,45.0,0.0,1000.5803921818733,1000.65098041296,1000.6980392336845,1000.7333333492279,1000.7686274647713,1000.8039215803146,1000.8431372642517,1000.8901960849762,1000.9490196108818,2001.0,157.81864013671876,165.4421630859375,170.34022064208983,174.13748168945312,177.46470642089844,180.69375610351562,183.97415161132812,187.89511108398438,194.31793212890625,346.4208984375,208.91327,3.0,test_data/Useful/Validation/sharp sand at 1ft/20241020_165858.jpg,209.0,150.0,28.333179522979552
30,0.0,0.0,0.0,0.0,0.0,0.0,0.0,0.0,0.0,0.0,0.0,0.0,0.0,0.0,0.0,0.0,0.0,0.0,0.0,0.0,0.0,0.0,0.0,0.0,0.0,0.0,0.0,0.0,0.0,0.0,0.0,0.0,0.0,0.0,0.0,0.0,0.0,0.0,0.0,0.0,0.0,0.0,1.0,1.0,2.0,2.0,3.0,3.0,4.0,5.0,5.0,6.0,7.0,7.0,8.0,9.0,10.0,10.0,11.0,12.0,13.0,14.0,14.0,15.0,16.0,17.0,17.0,18.0,19.0,19.0,20.0,21.0,21.0,22.0,23.0,24.0,24.0,25.0,26.0,26.0,27.0,28.0,28.0,29.0,29.0,30.0,31.0,31.0,32.0,32.0,33.0,33.0,34.0,35.0,35.0,36.0,38.0,39.0,41.0,46.0,0.0,1000.5764706134796,1000.65098041296,1000.7019608020782,1000.7411764860153,1000.7803921699524,1000.8196078538895,1000.8627451062202,1000.9098039269447,1000.9686274528503,2001.0,157.6659133911133,165.4416931152344,170.3255142211914,174.1706970214844,177.44696044921875,180.5951690673828,183.88436889648438,187.77572631835938,194.1402587890625,346.4504699707031,208.80714,3.0,test_data/Useful/Validation/sharp sand at 1ft/20241020_165859.jpg,206.0,140.0,32.58589843976377
31,0.0,0.0,0.0,0.0,0.0,0.0,0.0,0.0,0.0,0.0,0.0,0.0,0.0,0.0,0.0,0.0,0.0,0.0,0.0,0.0,0.0,0.0,0.0,0.0,0.0,0.0,0.0,1.0,1.0,2.0,3.0,4.0,4.670000000000073,5.0,6.0,8.0,9.0,10.0,11.0,12.0,13.0,14.0,15.0,16.0,17.0,17.0,18.0,19.0,19.0,20.0,21.0,21.0,22.0,23.0,23.0,24.0,24.0,25.0,25.0,26.0,26.0,27.0,27.0,28.0,28.0,28.0,29.0,29.0,30.0,30.0,30.0,31.0,31.0,31.0,32.0,32.0,32.0,33.0,33.0,33.0,33.0,34.0,34.0,34.0,35.0,35.0,35.0,36.0,36.0,37.0,37.0,37.0,38.0,38.0,39.0,40.0,40.0,41.0,43.0,48.0,0.0,1000.5333333611488,1000.6196078658104,1000.678431391716,1000.7215686440468,1000.7686274647713,1000.8156862854958,1000.8588235378265,1000.905882358551,1000.9607843160629,2001.0,157.41021728515625,165.180908203125,170.04489135742188,173.82659912109375,177.1656951904297,180.34890747070312,183.71417388916015,187.770751953125,194.8319854736328,346.307861328125,209.57796,3.0,test_data/Useful/Validation/sharp sand at 1ft/20241020_165902.jpg,218.0,140.0,27.747722764347827
32,0.0,0.0,0.0,0.0,0.0,0.0,0.0,0.0,0.0,0.0,0.0,0.0,0.0,0.0,0.0,0.0,0.0,0.0,0.0,0.0,0.0,0.0,0.0,0.0,0.0,0.0,0.0,0.0,0.0,0.0,1.0,1.0,3.0,3.0,4.0,4.0,5.0,6.0,7.0,7.0,8.0,9.0,10.0,11.0,12.0,13.0,13.0,14.0,15.0,16.0,16.0,17.0,18.0,19.0,20.0,20.0,21.0,22.0,22.0,23.0,23.0,24.0,24.0,25.0,25.0,26.0,26.0,27.0,27.0,28.0,28.0,28.0,29.0,29.0,30.0,30.0,30.0,31.0,31.0,32.0,32.0,32.0,33.0,33.0,33.0,34.0,34.0,35.0,35.0,35.0,36.0,36.0,37.0,37.0,38.0,38.0,39.0,40.0,41.0,47.0,0.0,1000.5647059082985,1000.6470588445663,1000.6980392336845,1000.7372549176216,1000.7764706015587,1000.8078431487083,1000.8431372642517,1000.8784313797951,1000.9254902005196,1001.0,156.3104278564453,164.0097198486328,168.92347717285156,172.802783203125,176.18234252929688,179.4073486328125,182.80813598632812,186.93177795410156,194.1506805419922,346.3334655761719,209.56168,3.0,test_data/Useful/Validation/sharp sand at 1ft/20241020_165903(0).jpg,261.0,166.0,32.809137099339466
33,0.0,0.0,0.0,0.0,0.0,0.0,0.0,0.0,0.0,0.0,0.0,0.0,0.0,0.0,0.0,0.0,0.0,0.0,0.0,0.0,0.0,0.0,0.0,0.0,0.0,1.0,1.0,2.0,3.0,4.0,5.0,5.0,6.0,7.0,8.0,8.0,9.0,9.620000000000005,10.0,11.0,12.0,12.0,13.0,14.0,15.0,15.0,16.0,16.0,17.0,18.0,18.0,19.0,19.0,20.0,21.0,21.0,22.0,22.0,23.0,23.0,24.0,24.0,25.0,25.0,26.0,26.0,27.0,27.0,28.0,28.0,29.0,29.0,29.0,30.0,30.0,30.0,31.0,31.0,31.0,32.0,32.0,32.0,33.0,33.0,34.0,34.0,34.0,35.0,35.0,35.0,36.0,36.0,37.0,37.0,38.0,38.0,39.0,40.0,41.0,44.0,0.0,1000.5254902243614,1000.6196078658104,1000.6862745285034,1000.7372549176216,1000.7882353067398,1000.8352941274643,1000.8823529481888,1000.933333337307,1000.9843137264252,2001.0,157.31448211669922,165.07779235839845,169.92205505371095,173.75462646484374,177.09098052978516,180.31553955078124,183.59774017333984,187.59327697753906,194.52127838134766,346.346923828125,209.94763,3.0,test_data/Useful/Validation/sharp sand at 1ft/20241020_165903.jpg,230.0,155.0,26.063568317592637
34,0.0,0.0,0.0,0.0,0.0,0.0,0.0,0.0,0.0,0.0,0.0,0.0,0.0,0.0,0.0,0.0,0.0,0.0,0.0,0.0,0.0,0.0,0.0,0.0,0.0,0.0,0.0,0.0,0.0,0.0,0.0,0.0,0.0,0.0,0.0,1.0,1.0,2.0,3.0,3.0,4.0,4.0,5.0,5.0,6.0,7.0,7.529999999999973,8.0,9.0,10.0,10.490000000000009,11.0,12.0,13.0,13.0,14.0,14.0,15.0,16.0,16.0,17.0,18.0,18.0,19.0,20.0,20.0,21.0,21.0,22.0,23.0,23.0,23.0,24.0,24.0,25.0,25.0,26.0,26.0,27.0,27.0,28.0,28.0,29.0,29.0,30.0,30.0,31.0,31.0,32.0,32.0,33.0,33.0,34.0,34.0,35.0,36.0,36.0,38.0,39.0,43.0,0.0,1000.6352941393852,1000.6901960968971,1000.7254902124405,1000.7529411911964,1000.7764706015587,1000.7960784435272,1000.8156862854958,1000.839215695858,1000.8627451062202,2001.0,146.75682067871094,154.58314514160156,159.5924072265625,163.65280151367188,167.27163696289062,170.81317138671875,174.81004333496094,180.34695739746093,192.8639404296875,346.4214782714844,212.64641,3.0,test_data/Useful/Validation/sharp sand at 1ft/20241020_165904.jpg,330.0,181.0,28.581407247453495
35,0.0,0.0,0.0,0.0,0.0,0.0,0.0,0.0,0.0,0.0,0.0,0.0,0.0,0.0,0.0,0.0,0.0,0.0,0.0,0.0,0.0,0.0,0.0,0.0,0.0,0.0,0.0,0.0,0.0,0.0,1.0,1.0,2.0,2.660000000000082,3.0,4.0,5.0,6.0,7.0,8.0,9.0,9.0,10.0,11.0,12.0,13.0,14.0,14.0,15.0,16.0,17.0,18.0,18.0,19.0,19.450000000000045,20.0,21.0,21.0,22.0,22.399999999999864,23.0,24.0,24.0,25.0,25.0,26.0,26.0,27.0,28.0,28.0,28.0,29.0,29.0,30.0,30.0,31.0,31.0,31.0,32.0,32.0,32.0,33.0,33.0,33.0,34.0,34.0,35.0,35.0,36.0,36.0,37.0,37.0,38.0,38.0,39.0,39.0,40.0,41.0,42.0,47.0,0.0,1000.5019608139992,1000.5882353186607,1000.6470588445663,1000.6901960968971,1000.7294117808342,1000.772549033165,1000.8156862854958,1000.8588235378265,1000.9137254953384,2000.945098042488,157.5900115966797,165.29800415039062,170.17962646484375,174.0360107421875,177.360595703125,180.58245849609375,183.91952514648438,187.94003295898438,194.75379943847656,346.17584228515625,207.84055,3.0,test_data/Useful/Validation/sharp sand at 1ft/20241020_165905.jpg,217.0,144.0,27.068326580056898
36,0.0,0.0,0.0,0.0,0.0,0.0,0.0,0.0,0.0,0.0,0.0,0.0,0.0,0.0,0.0,0.0,0.0,0.0,0.0,0.0,0.0,0.0,0.0,0.0,0.0,0.0,0.0,0.0,0.0,0.0,0.0,0.0,0.0,0.0,0.0,0.0,0.0,0.0,0.0,0.0,0.0,0.0,0.0,0.0,0.0,0.0,0.0,0.0,1.0,1.0,2.0,3.0,3.0,5.0,6.0,7.0,8.0,9.0,9.0,10.0,11.0,12.0,13.0,14.0,15.0,16.0,16.330000000000155,18.0,19.0,19.0,20.0,21.0,22.0,22.0,23.0,24.0,24.0,25.0,26.0,26.0,27.0,27.0,28.0,28.0,29.0,30.0,30.0,31.0,32.0,32.0,33.0,33.07999999999993,34.0,35.0,36.0,37.0,37.029999999999745,39.0,40.0,45.0,0.0,1000.5725490450859,1000.6431372761726,1000.6862745285034,1000.7215686440468,1000.7529411911964,1000.7843137383461,1000.8196078538895,1000.8627451062202,1000.9254902005196,2001.0,158.0830322265625,165.6738525390625,170.6007507324219,174.37392883300782,177.67120361328125,180.8522186279297,184.12071228027344,187.99695129394533,194.18228149414062,346.3786315917969,207.26189,3.0,test_data/Useful/Validation/sharp sand at 1ft/20241020_165906(0).jpg,165.0,113.0,30.802221548167402
37,0.0,0.0,0.0,0.0,0.0,0.0,0.0,0.0,0.0,0.0,0.0,0.0,0.0,0.0,1.0,1.0,2.0,2.0,3.0,4.0,4.0,5.0,6.0,7.0,7.0,8.0,9.0,9.0,10.0,11.0,11.0,12.0,13.0,13.0,13.0,14.0,15.0,15.0,16.0,16.0,17.0,17.0,18.0,19.0,19.0,20.0,20.0,21.0,21.0,22.0,22.0,23.0,23.0,24.0,24.0,24.0,25.0,25.0,25.0,26.0,26.0,27.0,27.0,27.0,28.0,28.0,28.0,28.0,29.0,29.0,29.0,30.0,30.0,30.0,31.0,31.0,31.0,31.0,32.0,32.0,32.0,33.0,33.0,33.0,34.0,34.0,35.0,35.0,35.0,36.0,36.0,36.0,37.0,37.0,38.0,38.0,39.0,40.0,42.0,47.0,0.0,1000.4588235318661,1000.5411764979362,1000.5960784554482,1000.6470588445663,1000.6980392336845,1000.7490196228027,1000.8039215803146,1000.8627451062202,1000.933333337307,2001.0,156.88165283203125,164.65310363769532,169.51745147705077,173.35274963378907,176.68033599853516,179.89535522460938,183.29974060058592,187.2813293457031,194.51983642578125,346.14373779296875,211.78802,3.0,test_data/Useful/Validation/sharp sand at 1ft/20241020_170042.jpg,277.0,185.0,28.294648633101556
38,0.0,0.0,0.0,0.0,0.0,0.0,0.0,0.0,0.0,0.0,0.0,0.0,0.0,0.0,0.0,0.0,0.0,0.0,0.0,0.0,1.0,1.0,2.0,2.0,3.0,4.0,5.0,6.0,6.0,7.0,7.0,9.0,9.0,10.0,10.0,11.0,12.0,12.0,13.0,14.0,14.0,15.0,16.0,16.0,17.0,17.0,18.0,18.0,19.0,19.0,20.0,20.0,21.0,21.0,22.0,22.0,23.0,23.0,23.0,24.0,24.0,25.0,25.0,25.0,26.0,26.0,26.0,27.0,27.0,28.0,28.0,28.0,29.0,29.0,29.0,30.0,30.0,30.0,31.0,31.0,31.190000000000055,32.0,32.0,33.0,33.0,33.0,34.0,34.0,34.0,35.0,35.0,36.0,36.0,36.059999999999945,37.0,38.0,39.0,40.0,41.0,46.0,0.0,1000.4274509847164,1000.5019608139992,1000.5568627715111,1000.6078431606293,1000.6588235497475,1000.7176470756531,1000.7803921699524,1000.8470588326454,1000.9176470637321,2001.0,155.6006332397461,163.2637176513672,168.1244659423828,171.9905242919922,175.31448364257812,178.4893798828125,181.89343872070313,186.01165771484375,193.50021362304688,346.0397644042969,212.28586,3.0,test_data/Useful/Validation/sharp sand at 1ft/20241020_170043(0).jpg,289.0,193.0,31.83901527994215
39,0.0,0.0,0.0,0.0,0.0,0.0,0.0,0.0,0.0,0.0,0.0,0.0,0.0,0.0,0.0,0.0,0.0,0.0,0.0,0.0,1.0,2.0,3.0,4.0,4.0,5.0,5.0,6.0,6.0,7.0,8.0,8.0,9.0,10.0,11.0,11.0,12.0,13.0,13.0,14.0,14.0,15.0,16.0,16.0,17.0,17.0,18.0,18.0,19.0,19.0,20.0,20.0,21.0,21.0,22.0,22.0,23.0,23.0,24.0,24.0,25.0,25.0,25.0,26.0,26.0,27.0,27.0,27.0,28.0,28.0,28.0,29.0,29.0,29.0,29.0,30.0,30.0,31.0,31.0,31.0,32.0,32.0,32.0,32.0,33.0,33.0,34.0,34.0,34.0,35.0,35.0,35.0,36.0,36.0,37.0,37.0,38.0,39.0,40.00999999999976,43.0,0.0,1000.4313725531101,1000.5058823823929,1000.5647059082985,1000.6156862974167,1000.6666666865349,1000.7254902124405,1000.7882353067398,1000.8509804010391,1000.9254902005196,2001.0,155.87499542236327,163.55336303710936,168.4739990234375,172.32713317871094,175.68081665039062,178.8877716064453,182.222900390625,186.27549743652344,193.73858642578125,346.06646728515625,212.04973,3.0,test_data/Useful/Validation/sharp sand at 1ft/20241020_170043.jpg,293.0,183.0,30.80863545506591
40,0.0,0.0,0.0,0.0,0.0,0.0,0.0,0.0,0.0,0.0,0.0,0.0,0.0,0.0,0.0,0.0,0.0,0.0,0.0,0.0,0.0,0.0,0.0,0.0,0.0,0.0,1.0,2.0,2.0,3.0,4.0,4.0,5.0,6.0,6.0,7.0,8.0,9.0,9.0,10.0,10.0,11.0,11.0,12.0,13.0,13.0,14.0,14.0,15.0,16.0,16.0,17.0,17.0,18.0,18.0,19.0,19.0,20.0,21.0,21.0,22.0,22.0,23.0,23.0,24.0,24.0,24.0,25.0,25.0,26.0,26.0,26.0,27.0,27.0,28.0,28.0,28.0,29.0,29.0,30.0,30.0,30.0,31.0,31.0,32.0,32.0,32.0,33.0,33.0,34.0,34.090000000000146,35.0,36.0,36.0,37.0,37.0,38.0,39.0,40.0,44.0,0.0,1000.419607847929,1000.4941176474094,1000.5529412031174,1000.6078431606293,1000.6588235497475,1000.7176470756531,1000.7803921699524,1000.8470588326454,1000.9176470637321,2001.0,154.77542114257812,162.3503875732422,167.2490234375,171.06675720214844,174.4362030029297,177.6376495361328,180.97737731933594,185.116845703125,192.91546630859375,346.0478515625,212.38054,3.0,test_data/Useful/Validation/sharp sand at 1ft/20241020_170044.jpg,277.0,185.0,27.219325794147146
41,0.0,0.0,0.0,0.0,0.0,0.0,0.0,0.0,0.0,0.0,0.0,0.0,0.0,0.0,0.0,0.0,0.0,0.0,0.0,0.0,0.0,0.0,0.0,0.0,0.0,1.0,1.0,1.0,2.0,2.0,3.0,3.0,4.0,4.0,5.0,5.0,6.0,7.0,7.0,8.0,9.0,9.0,10.0,11.0,11.0,12.0,12.0,13.0,13.509999999999991,14.0,15.0,15.480000000000018,16.0,16.0,17.0,17.0,18.0,18.0,19.0,19.0,20.0,20.0,21.0,21.0,22.0,22.0,23.0,23.0,24.0,24.0,25.0,25.0,25.0,26.0,26.0,27.0,27.0,28.0,28.0,29.0,29.0,29.0,30.0,30.0,31.0,31.0,32.0,32.0,33.0,33.0,34.0,34.0,35.0,35.0,36.0,37.0,38.0,39.0,41.0,46.0,0.0,1000.4117647111416,1000.486274510622,1000.5490196347237,1000.6000000238419,1000.65098041296,1000.7098039388657,1000.772549033165,1000.8431372642517,1000.9176470637321,2001.0,155.46900787353516,163.0632781982422,167.94207458496095,171.75165100097655,175.09458923339844,178.2227325439453,181.52261352539062,185.53829956054688,193.08274841308594,346.02557373046875,212.30246,3.0,test_data/Useful/Validation/sharp sand at 1ft/20241020_170045.jpg,282.0,190.0,28.303704656935768
42,0.0,0.0,0.0,0.0,0.0,0.0,0.0,0.0,0.0,0.0,0.0,0.0,0.0,0.0,0.0,0.0,0.0,0.0,0.0,0.0,0.0,0.0,1.0,1.0,2.0,3.0,3.0,4.0,5.0,5.0,6.0,7.0,7.0,8.0,9.0,9.0,10.0,11.0,11.0,12.0,13.0,13.0,14.0,14.0,15.0,15.0,16.0,17.0,17.0,17.0,18.0,19.0,19.0,20.0,20.0,21.0,21.0,22.0,22.0,23.0,23.0,24.0,24.0,24.0,25.0,25.0,26.0,26.0,27.0,27.0,27.0,28.0,28.0,28.0,29.0,29.0,29.0,30.0,30.0,31.0,31.0,32.0,32.0,32.0,33.0,33.0,33.0,34.0,34.0,35.0,35.0,35.0,36.0,36.0,37.0,38.0,38.0,39.0,41.0,47.0,0.0,1000.5019608139992,1000.5725490450859,1000.6274510025978,1000.6745098233223,1000.7215686440468,1000.7764706015587,1000.8352941274643,1000.8980392217636,1000.9647058844566,3001.0,155.99500122070313,163.66298217773436,168.510791015625,172.3500183105469,175.6884002685547,178.87952270507813,182.26593170166015,186.29042358398436,193.59103698730468,346.279541015625,212.12914,3.0,test_data/Useful/Validation/sharp sand at 1ft/20241020_170046(0).jpg,264.0,165.0,29.700017333931815
43,0.0,0.0,0.0,0.0,0.0,0.0,0.0,0.0,0.0,0.0,0.0,0.0,0.0,0.0,0.0,0.0,0.0,0.0,0.0,0.0,1.0,1.0,2.0,2.0,3.0,4.0,4.0,5.0,6.0,6.0,7.0,8.0,8.0,9.0,10.0,10.0,11.0,12.0,13.0,13.0,14.0,14.0,15.0,16.0,16.0,17.0,17.0,18.0,18.0,19.0,19.0,20.0,20.0,21.0,21.0,22.0,22.0,22.419999999999845,23.0,23.0,24.0,24.0,24.0,25.0,25.0,26.0,26.0,27.0,27.0,27.0,28.0,28.0,28.0,29.0,29.0,29.0,30.0,30.0,30.0,30.0,31.0,31.0,32.0,32.0,32.0,33.0,33.0,34.0,34.0,34.0,35.0,35.0,36.0,36.0,37.0,38.0,38.0,39.0,40.00999999999976,46.0,0.0,1000.4823529422283,1000.5568627715111,1000.611764729023,1000.6588235497475,1000.705882370472,1000.7607843279839,1000.8274509906769,1000.8980392217636,1000.972549021244,2001.0,156.20404052734375,163.8188934326172,168.7086181640625,172.50442504882812,175.85032653808594,179.0366180419922,182.3389678955078,186.37794189453126,193.7231460571289,346.2449645996094,212.09042,3.0,test_data/Useful/Validation/sharp sand at 1ft/20241020_170046.jpg,264.0,185.0,28.924826098660883
44,0.0,0.0,0.0,0.0,0.0,0.0,0.0,0.0,0.0,0.0,0.0,0.0,0.0,0.0,0.0,0.0,0.0,0.0,0.0,0.0,0.0,0.0,0.0,0.0,0.0,0.0,1.0,1.0,2.0,2.0,3.0,3.6800000000000637,4.0,4.0,5.0,5.639999999999986,6.0,7.0,7.0,8.0,9.0,9.0,10.0,10.0,11.0,12.0,12.0,13.0,14.0,14.0,15.0,15.0,16.0,17.0,17.0,18.0,19.0,19.0,20.0,20.0,21.0,21.0,22.0,22.0,23.0,23.0,24.0,24.0,25.0,25.0,26.0,26.0,27.0,27.0,28.0,28.0,29.0,29.0,29.0,30.0,30.0,30.0,31.0,31.0,32.0,32.0,33.0,33.0,33.0,34.0,34.0,35.0,35.0,36.0,37.0,37.0,38.0,39.0,40.0,47.0,0.0,1000.4745098054409,1000.5529412031174,1000.611764729023,1000.6627451181412,1000.7176470756531,1000.772549033165,1000.839215695858,1000.9098039269447,1000.9764705896378,3001.0,155.6901397705078,163.36744689941406,168.3056640625,172.1533203125,175.5299301147461,178.73146362304686,182.0630859375,186.0392639160156,193.31819915771484,346.2402648925781,211.30908,3.0,test_data/Useful/Validation/sharp sand at 1ft/20241020_170047.jpg,285.0,177.0,30.253670819360114
45,0.0,0.0,0.0,0.0,0.0,0.0,0.0,0.0,0.0,0.0,0.0,0.0,0.0,0.0,0.0,0.0,0.0,0.0,0.0,0.0,0.0,0.0,0.0,0.0,0.0,0.0,0.0,0.0,0.0,0.0,0.0,0.0,0.0,0.0,0.0,0.0,0.0,0.0,0.0,0.0,1.0,1.0,2.0,3.0,3.0,4.0,5.0,5.0,6.0,7.0,7.0,8.0,9.0,9.0,10.0,11.0,11.0,12.0,13.0,13.0,14.0,15.0,15.0,16.0,17.0,18.0,18.0,19.0,20.0,20.299999999999955,21.0,22.0,22.0,23.0,23.0,24.0,24.0,25.0,26.0,26.0,27.0,27.0,28.0,29.0,29.0,30.0,30.0,31.0,32.0,32.0,33.0,33.0,34.0,35.0,36.0,37.0,37.0,38.0,40.0,44.0,0.0,1000.5019608139992,1000.5764706134796,1000.6352941393852,1000.6862745285034,1000.7333333492279,1000.7882353067398,1000.8470588326454,1000.9137254953384,1000.9803921580315,2001.0,156.1186050415039,163.69566040039064,168.5316619873047,172.36165771484374,175.65924072265625,178.83465576171875,182.15271759033203,186.135888671875,193.15560150146484,346.313232421875,209.25574,3.0,test_data/Useful/Validation/sharp sand at 1ft/20241020_170048(0).jpg,247.0,160.0,31.4816123447236
46,0.0,0.0,0.0,0.0,0.0,0.0,0.0,0.0,0.0,0.0,0.0,0.0,0.0,0.0,0.0,0.0,0.0,0.0,0.0,0.0,0.0,0.0,0.0,0.0,0.0,0.0,0.0,1.0,1.0,2.0,2.0,3.0,3.0,4.0,5.0,5.0,6.0,6.0,7.0,8.0,9.0,9.0,10.0,10.0,11.0,12.0,12.0,13.0,14.0,14.5,15.0,16.0,16.0,17.0,17.0,18.0,18.0,19.0,19.0,20.0,21.0,21.0,21.37000000000012,22.0,23.0,23.0,24.0,24.0,25.0,25.0,26.0,26.0,27.0,27.0,28.0,28.0,28.0,29.0,29.0,30.0,30.0,30.0,31.0,31.0,32.0,32.0,32.0,33.0,33.0,34.0,34.0,35.0,35.0,36.0,36.0,37.0,38.0,39.0,41.0,46.0,0.0,1000.486274510622,1000.5647059082985,1000.6235294342041,1000.6705882549286,1000.7215686440468,1000.7764706015587,1000.839215695858,1000.9019607901573,1000.9686274528503,3000.7019608020782,154.7065231323242,162.39151611328126,167.31143188476562,171.2052795410156,174.5126953125,177.6925506591797,181.08487701416016,185.1810546875,192.8353271484375,346.2681884765625,211.54936,3.0,test_data/Useful/Validation/sharp sand at 1ft/20241020_170048.jpg,263.0,172.0,30.135772488176123
47,0.0,0.0,0.0,0.0,0.0,0.0,0.0,0.0,0.0,0.0,0.0,0.0,0.0,0.0,0.0,0.0,0.0,0.0,0.0,0.0,0.0,0.0,0.0,0.0,0.0,0.0,0.0,0.0,0.0,0.0,0.0,0.0,0.0,0.0,0.0,0.0,0.0,0.0,0.0,0.0,0.0,0.0,0.0,0.0,1.0,1.0,2.0,2.0,3.0,3.0,4.0,4.0,5.0,6.0,6.0,7.0,8.0,9.0,9.0,10.0,11.0,11.0,12.0,13.0,13.0,14.0,15.0,15.0,16.0,17.0,18.0,19.0,19.0,20.0,21.0,22.0,22.0,23.0,24.0,24.0,25.0,25.0,26.0,27.0,27.0,28.0,29.0,29.0,30.0,31.0,31.0,32.0,33.0,34.0,35.0,36.0,37.0,38.0,40.0,45.0,0.0,1000.5137255191803,1000.5921568870544,1000.6470588445663,1000.6941176652908,1000.7411764860153,1000.7921568751335,1000.8470588326454,1000.9137254953384,1000.9803921580315,2001.0,157.1805847167969,164.77411804199218,169.59834899902344,173.39175720214843,176.76312255859375,179.91712951660156,183.22837829589844,187.1435974121094,193.6290283203125,346.3348693847656,208.47183,3.0,test_data/Useful/Validation/sharp sand at 1ft/20241020_170049.jpg,209.0,151.0,32.98825372461936
48,0.0,0.0,0.0,0.0,0.0,0.0,0.0,0.0,0.0,0.0,0.0,0.0,0.0,0.0,0.0,0.0,0.0,0.0,0.0,0.0,0.0,0.0,0.0,0.0,0.0,0.0,0.0,0.0,0.0,0.0,0.0,0.0,0.0,0.0,0.0,0.0,0.0,0.0,0.0,0.0,0.0,0.0,1.0,1.0,2.0,2.0,3.0,3.0,4.0,5.0,6.0,6.0,7.0,8.0,8.0,9.0,9.0,10.0,11.0,11.0,12.0,13.0,13.0,14.0,15.0,15.0,16.0,16.0,17.0,18.0,18.0,19.0,19.0,20.0,21.0,21.0,22.0,23.0,23.0,24.0,24.0,25.0,26.0,26.0,27.0,28.0,28.0,29.0,30.0,31.0,31.0,32.0,33.0,33.0,34.0,35.0,36.0,37.0,39.0,43.0,0.0,1000.5019608139992,1000.5803921818733,1000.6392157077789,1000.6901960968971,1000.7372549176216,1000.7882353067398,1000.8470588326454,1000.9137254953384,1000.9843137264252,3001.0,156.9897018432617,164.5898406982422,169.38076782226562,173.22418212890625,176.50140380859375,179.62625122070312,182.90016174316406,186.80624389648438,193.4844970703125,346.31243896484375,209.03778,3.0,test_data/Useful/Validation/sharp sand at 1ft/20241020_170050.jpg,205.0,142.0,27.759273025670243
49,0.0,0.0,0.0,0.0,0.0,0.0,0.0,0.0,0.0,0.0,0.0,0.0,0.0,0.0,0.0,0.0,0.0,0.0,0.0,0.0,0.0,0.0,0.0,0.0,0.0,0.0,0.0,0.0,0.0,0.0,0.0,0.0,0.0,0.0,1.0,1.0,2.0,2.0,3.0,4.0,4.0,5.0,5.0,6.0,7.0,7.0,8.0,8.0,9.0,10.0,10.0,11.0,12.0,13.0,13.0,14.0,15.0,15.0,16.0,17.0,17.0,18.0,19.0,19.0,20.0,21.0,21.0,22.0,22.0,23.0,24.0,24.0,25.0,25.0,26.0,26.0,27.0,27.0,28.0,28.0,29.0,29.0,30.0,30.0,31.0,31.0,32.0,32.0,33.0,33.0,34.0,34.0,35.0,36.0,36.0,37.0,38.0,39.0,40.00999999999976,48.0,0.0,1000.5725490450859,1000.6431372761726,1000.6980392336845,1000.7411764860153,1000.7882353067398,1000.8352941274643,1000.8862745165825,1000.9411764740944,1000.9960784316063,3000.8313725590706,157.76016235351562,165.45970458984374,170.32586669921875,174.11416931152343,177.45022583007812,180.61941528320312,183.88894653320312,187.80044555664062,194.26226806640625,346.4676513671875,209.68423,3.0,test_data/Useful/Validation/sharp sand at 1ft/20241020_170051(0).jpg,234.0,166.0,34.360608464796144
50,0.0,0.0,0.0,0.0,0.0,0.0,0.0,0.0,0.0,0.0,0.0,0.0,0.0,0.0,0.0,0.0,0.0,0.0,0.0,0.0,0.0,0.0,0.0,0.0,0.0,0.0,0.0,0.0,0.0,0.0,0.0,0.0,0.0,0.0,0.0,0.0,0.0,0.0,0.0,0.0,1.0,1.0,2.0,2.0,3.0,4.0,4.0,5.0,6.0,6.0,7.0,7.0,8.0,9.0,10.0,10.440000000000055,11.0,12.0,13.0,13.0,14.0,15.0,15.0,16.0,17.0,18.0,18.0,19.0,20.0,20.0,21.0,22.0,22.0,23.0,24.0,24.0,25.0,25.0,26.0,26.0,27.0,28.0,28.0,29.0,29.0,29.139999999999873,30.0,31.0,31.0,32.0,32.0,33.0,34.0,35.0,35.0,36.0,37.0,38.01999999999998,40.0,45.0,0.0,1000.5372549295425,1000.6156862974167,1000.6745098233223,1000.7254902124405,1000.7764706015587,1000.8313725590706,1000.8862745165825,1000.9490196108818,1001.0,3001.0,157.9351028442383,165.5352020263672,170.40132904052734,174.19927978515625,177.48348236083984,180.64273681640626,183.92608032226562,187.73658752441406,194.08705139160156,346.4416198730469,208.76404,3.0,test_data/Useful/Validation/sharp sand at 1ft/20241020_170051.jpg,199.0,137.0,27.134235800782925
51,0.0,0.0,0.0,0.0,0.0,0.0,0.0,0.0,0.0,0.0,0.0,0.0,0.0,0.0,0.0,0.0,0.0,0.0,0.0,0.0,0.0,0.0,0.0,0.0,0.0,0.0,0.0,0.0,0.0,0.0,0.0,0.0,0.6700000000000728,1.0,2.0,3.0,3.0,4.0,4.0,5.0,6.0,6.0,7.0,7.0,8.0,9.0,10.0,10.0,11.0,12.0,12.490000000000009,13.0,14.0,15.0,16.0,17.0,17.0,18.0,18.0,19.0,19.0,20.0,20.37000000000012,21.0,22.0,22.0,23.0,23.0,24.0,25.0,25.0,26.0,26.0,26.0,27.0,27.0,28.0,28.0,28.0,29.0,29.0,30.0,30.0,31.0,31.0,32.0,32.0,33.0,33.0,34.0,34.0,35.0,35.0,36.0,37.0,37.0,38.0,39.0,41.0,46.0,0.0,1000.5607843399048,1000.6392157077789,1000.6941176652908,1000.7411764860153,1000.7882353067398,1000.8352941274643,1000.8862745165825,1000.9411764740944,1000.9960784316063,2001.0,158.02734375,165.62796630859376,170.48938598632813,174.28223266601563,177.61322021484375,180.78158569335938,184.1113296508789,187.98847045898438,194.51800537109375,346.46343994140625,209.56085,3.0,test_data/Useful/Validation/sharp sand at 1ft/20241020_170052.jpg,261.0,178.0,34.552380563701306
52,0.0,0.0,0.0,0.0,0.0,0.0,0.0,0.0,0.0,0.0,0.0,0.0,0.0,0.0,0.0,0.0,0.0,0.0,0.0,0.0,0.0,0.0,0.0,0.0,1.0,1.0,2.0,2.0,3.0,3.0,4.0,4.0,5.0,6.0,6.0,7.0,8.0,8.0,9.0,10.0,11.0,11.0,12.0,12.0,13.0,13.0,14.0,15.0,15.0,16.0,17.0,17.0,18.0,18.0,19.0,19.0,20.0,20.0,21.0,21.0,22.0,22.0,22.0,23.0,23.0,24.0,24.0,25.0,25.0,26.0,26.0,26.0,27.0,27.0,28.0,28.0,29.0,29.0,29.0,30.0,30.0,31.0,31.0,31.0,32.0,32.0,33.0,33.0,34.0,34.0,35.0,35.0,36.0,36.0,37.0,37.0,38.0,39.0,41.0,46.0,0.0,1000.5294117927551,1000.6039215922356,1000.6588235497475,1000.705882370472,1000.7490196228027,1000.7960784435272,1000.8470588326454,1000.9019607901573,1000.9647058844566,3000.866666674614,157.90840759277344,165.50656433105468,170.34945373535157,174.17127380371093,177.55390167236328,180.78274230957032,184.0570297241211,187.93336486816406,194.61744689941406,346.32330322265625,209.53436,3.0,test_data/Useful/Validation/sharp sand at 1ft/20241020_170053(0).jpg,274.0,196.0,32.32151958691034
53,0.0,0.0,0.0,0.0,0.0,0.0,0.0,0.0,0.0,0.0,0.0,0.0,0.0,0.0,0.0,0.0,0.0,0.0,0.0,0.0,0.0,0.0,0.0,0.0,0.0,0.0,0.0,1.0,1.0,2.0,2.0,3.0,3.0,4.0,5.0,5.0,6.0,7.0,7.0,8.0,9.0,9.0,10.0,11.0,11.0,12.0,12.0,13.0,14.0,15.0,16.0,16.0,17.0,17.0,18.0,19.0,19.0,19.0,20.0,21.0,21.0,22.0,22.0,23.0,23.0,24.0,24.0,25.0,25.0,26.0,26.0,26.0,27.0,27.0,28.0,28.0,29.0,29.0,29.0,30.0,30.0,31.0,31.0,32.0,32.0,32.0,33.0,33.0,34.0,34.0,35.0,35.0,36.0,36.0,37.0,37.0,38.0,38.0,40.0,45.0,0.0,1000.5568627715111,1000.6313725709915,1000.6901960968971,1000.7411764860153,1000.7882353067398,1000.839215695858,1000.8941176533699,1000.9490196108818,1001.0,2001.0,158.34034729003906,165.95263671875,170.7510986328125,174.57330322265625,177.87548065185547,180.97617797851564,184.21632690429686,188.1330535888672,194.6485137939453,346.4535217285156,209.26836,3.0,test_data/Useful/Validation/sharp sand at 1ft/20241020_170053.jpg,227.0,165.0,34.621518346727996
54,0.0,0.0,0.0,0.0,0.0,0.0,0.0,0.0,0.0,0.0,0.0,0.0,0.0,0.0,0.0,0.0,0.0,0.0,0.0,0.0,0.0,0.0,0.0,0.0,0.0,0.0,0.0,0.0,0.0,0.0,1.0,1.0,2.0,2.0,3.0,3.0,4.0,5.0,5.0,6.0,7.0,7.0,8.0,9.0,9.0,10.0,11.0,11.0,12.0,13.0,14.0,14.0,15.0,15.0,16.0,17.0,17.0,18.0,18.409999999999854,19.0,20.0,20.0,21.0,21.0,22.0,23.0,23.0,24.0,25.0,25.0,25.0,26.0,26.0,27.0,27.0,28.0,28.0,29.0,29.0,30.0,30.0,31.0,31.0,31.0,32.0,32.0,33.0,33.0,34.0,34.0,35.0,35.0,36.0,36.059999999999945,37.0,38.0,39.0,40.0,42.0,48.0,0.0,1000.5294117927551,1000.6078431606293,1000.6666666865349,1000.7176470756531,1000.7647058963776,1000.8156862854958,1000.8627451062202,1000.9176470637321,1000.9803921580315,3000.7529411911964,158.0230712890625,165.63519897460938,170.5205535888672,174.33107299804686,177.70735931396484,180.9029296875,184.22674865722655,188.1173858642578,194.7044219970703,346.3555603027344,209.2168,3.0,test_data/Useful/Validation/sharp sand at 1ft/20241020_170054.jpg,250.0,176.0,34.235366854431106
55,0.0,0.0,0.0,0.0,0.0,0.0,0.0,0.0,0.0,0.0,0.0,0.0,0.0,0.0,0.0,0.0,0.0,0.0,0.0,0.0,0.0,0.0,0.0,0.0,0.0,0.0,0.0,0.0,0.0,0.0,0.0,0.0,1.0,1.0,2.0,3.0,3.0,4.0,4.0,5.0,6.0,6.0,7.0,8.0,9.0,9.0,10.0,11.0,11.0,12.0,12.0,13.0,14.0,14.0,15.0,16.0,17.0,17.419999999999845,18.0,19.0,19.0,20.0,20.0,21.0,22.0,22.0,23.0,23.0,24.0,24.0,25.0,25.0,26.0,27.0,27.0,27.0,28.0,29.0,29.0,29.0,30.0,30.0,31.0,31.0,32.0,32.0,32.0,33.0,33.0,34.0,34.0,35.0,35.0,36.0,37.0,37.0,38.0,39.0,41.0,44.0,0.0,1000.5372549295425,1000.6156862974167,1000.6745098233223,1000.7215686440468,1000.772549033165,1000.8196078538895,1000.8705882430077,1000.9254902005196,1000.9843137264252,3001.0,158.07217864990236,165.66278076171875,170.5649841308594,174.4003143310547,177.77520751953125,180.9102020263672,184.20431518554688,188.0580780029297,194.56341552734375,346.3740234375,209.2612,3.0,test_data/Useful/Validation/sharp sand at 1ft/20241020_170055.jpg,225.0,153.0,34.96621998968093
56,0.0,0.0,0.0,0.0,0.0,0.0,0.0,0.0,0.0,0.0,0.0,0.0,0.0,0.0,0.0,0.0,0.0,0.0,0.0,0.0,1.0,1.0,2.0,2.0,3.0,4.0,4.0,5.0,6.0,6.0,7.0,8.0,8.0,9.0,10.0,11.0,12.0,12.0,13.0,13.0,14.0,15.0,15.0,16.0,17.0,17.0,17.0,18.0,18.0,19.0,19.0,20.0,20.0,21.0,21.0,22.0,22.0,23.0,23.0,24.0,24.0,25.0,25.0,26.0,26.0,26.0,27.0,27.0,27.0,28.0,28.0,29.0,29.0,29.0,30.0,30.0,30.0,31.0,31.0,31.0,32.0,32.0,32.0,33.0,33.0,33.0,34.0,34.0,34.0,35.0,35.0,36.0,36.0,37.0,37.0,38.0,39.0,40.0,41.0,47.0,0.0,1000.5294117927551,1000.6039215922356,1000.6627451181412,1000.7098039388657,1000.7568627595901,1000.8039215803146,1000.8509804010391,1000.905882358551,1000.9686274528503,2001.0,157.61390686035156,165.24588928222656,170.0727996826172,173.9619140625,177.29444885253906,180.45419311523438,183.74122619628906,187.73851013183594,194.68563842773438,346.3452453613281,210.62112,3.0,test_data/Useful/Validation/sharp sand at 1ft/20241020_170056(0).jpg,290.0,207.0,25.960370751849766
57,0.0,0.0,0.0,0.0,0.0,0.0,0.0,0.0,0.0,0.0,0.0,0.0,0.0,0.0,0.0,0.0,0.0,0.0,0.0,0.0,0.0,0.0,0.0,0.0,0.0,0.0,0.0,0.0,0.0,0.0,0.0,0.0,0.0,0.0,0.0,0.0,0.0,0.0,0.0,0.0,0.0,0.0,0.0,0.0,0.0,0.0,0.0,0.0,0.0,0.0,0.0,0.0,0.0,0.0,0.0,0.0,0.0,0.0,0.0,0.0,0.0,0.0,1.0,2.0,3.0,4.0,5.0,5.0,6.0,7.0,8.0,10.0,11.0,12.0,13.0,15.0,15.230000000000018,16.0,17.0,19.0,20.0,20.179999999999836,22.0,22.159999999999854,24.0,25.0,26.0,26.11999999999989,27.0,28.09999999999991,29.0,31.0,32.0,33.0,34.0,35.0,36.0,37.0,39.0,45.0,0.0,1000.5647059082985,1000.6470588445663,1000.7019608020782,1000.7411764860153,1000.7803921699524,1000.8156862854958,1000.8588235378265,1000.905882358551,1000.9686274528503,3001.0,158.5282211303711,166.14813842773438,171.02127075195312,174.8246612548828,178.08529663085938,181.18942260742188,184.42328948974608,188.14400634765624,193.90798492431642,346.3944091796875,205.42862,3.0,test_data/Useful/Validation/sharp sand at 1ft/20241020_170131.jpg,113.0,81.0,26.339648285625213
58,0.0,0.0,0.0,0.0,0.0,0.0,0.0,0.0,0.0,0.0,0.0,0.0,0.0,0.0,0.0,0.0,0.0,0.0,0.0,0.0,0.0,0.0,0.0,0.0,0.0,0.0,0.0,0.0,0.0,0.0,0.0,0.0,0.0,0.0,0.0,0.0,0.0,0.0,0.0,0.0,0.0,0.0,0.0,0.0,0.0,0.0,0.0,0.0,0.0,0.0,0.0,0.0,0.0,0.0,0.0,1.0,1.0,2.0,2.0,3.0,4.0,5.0,5.0,6.0,7.0,8.0,8.0,9.0,10.0,11.0,11.0,13.0,14.0,15.0,15.25,16.0,17.0,18.0,19.0,20.0,21.0,22.0,22.0,23.0,24.0,25.0,26.0,27.0,28.0,29.0,30.0,31.0,32.0,33.0,34.0,35.0,36.0,37.0,40.0,47.0,0.0,1000.5058823823929,1000.5921568870544,1000.65098041296,1000.6980392336845,1000.7333333492279,1000.7764706015587,1000.8156862854958,1000.866666674614,1000.9294117689133,2000.3450980484486,158.07522583007812,165.7407989501953,170.595947265625,174.34664916992188,177.715576171875,180.82620239257812,184.0381622314453,187.82473754882812,193.83209228515625,346.2558288574219,206.71736,3.0,test_data/Useful/Validation/sharp sand at 1ft/20241020_170132(0).jpg,142.0,104.0,27.660685635572978
59,0.0,0.0,0.0,0.0,0.0,0.0,0.0,0.0,0.0,0.0,0.0,0.0,0.0,0.0,0.0,0.0,0.0,0.0,0.0,0.0,0.0,0.0,0.0,0.0,0.0,0.0,0.0,0.0,0.0,0.0,0.0,0.0,0.0,0.0,0.0,0.0,0.0,0.0,0.0,0.0,0.0,0.0,0.0,0.0,0.0,0.0,0.0,0.0,0.0,0.0,0.0,0.0,0.0,0.0,0.0,0.0,0.0,0.0,0.0,0.0,0.0,0.0,1.0,2.0,2.3500000000001364,3.0,4.0,5.0,6.0,7.0,8.0,9.0,10.0,11.0,12.0,14.0,15.0,16.0,17.0,18.0,19.0,20.0,21.0,22.0,23.0,24.0,26.0,26.0,27.0,28.0,29.0,30.0,31.0,32.0,33.0,34.0,35.029999999999745,37.0,39.0,46.0,0.0,1000.5294117927551,1000.6156862974167,1000.6745098233223,1000.7215686440468,1000.7686274647713,1000.8078431487083,1000.8509804010391,1000.9019607901573,1000.9647058844566,2000.9960784316063,158.30157318115235,165.9832763671875,170.840576171875,174.61387634277344,177.95860290527344,181.0255126953125,184.25521850585938,188.034423828125,193.86869354248046,346.3377685546875,205.92722,3.0,test_data/Useful/Validation/sharp sand at 1ft/20241020_170132.jpg,113.0,94.0,33.81535222910318
60,0.0,0.0,0.0,0.0,0.0,0.0,0.0,0.0,0.0,0.0,0.0,0.0,0.0,0.0,0.0,0.0,0.0,0.0,0.0,0.0,0.0,0.0,0.0,0.0,0.0,0.0,0.0,0.0,0.0,0.0,0.0,0.0,0.0,0.0,0.0,0.0,0.0,0.0,0.0,0.0,0.0,0.0,0.0,0.0,0.0,0.0,0.0,0.0,0.0,0.0,0.0,0.0,0.0,0.0,0.0,0.0,0.0,0.0,1.0,1.0,2.0,2.0,3.0,3.0,5.0,5.0,6.0,8.0,8.0,9.299999999999955,10.0,11.0,12.0,13.0,14.0,15.0,16.0,17.0,18.0,19.0,20.0,21.0,22.0,23.0,24.0,25.0,25.0,26.11999999999989,27.110000000000127,28.0,29.0,30.0,31.0,33.0,33.0,34.0,35.0,37.0,39.00999999999976,45.0,0.0,1000.4980392158031,1000.5803921818733,1000.6313725709915,1000.6705882549286,1000.705882370472,1000.7372549176216,1000.7764706015587,1000.8274509906769,1000.8941176533699,2000.9960784316063,158.18323211669923,165.77554016113282,170.72570037841797,174.54094848632812,177.84295654296875,180.95176391601564,184.15720825195314,187.9086181640625,193.7958984375,346.22796630859375,206.43927,3.0,test_data/Useful/Validation/sharp sand at 1ft/20241020_170133.jpg,134.0,101.0,38.07798893563617
61,0.0,0.0,0.0,0.0,0.0,0.0,0.0,0.0,0.0,0.0,0.0,0.0,0.0,0.0,0.0,0.0,0.0,0.0,0.0,0.0,0.0,0.0,0.0,0.0,0.0,0.0,0.0,0.0,0.0,0.0,0.0,0.0,0.0,0.0,0.0,0.0,0.0,0.0,0.0,0.0,0.0,0.0,0.0,0.0,0.0,0.0,0.0,0.0,0.0,0.0,0.0,0.0,0.0,0.0,0.0,0.0,0.0,0.0,0.0,0.0,0.0,0.0,0.0,0.0,0.0,0.0,0.0,0.0,1.0,2.0,3.0,3.0,4.0,5.0,7.0,8.0,9.0,10.0,11.0,12.0,13.0,14.0,16.0,17.0,18.0,19.0,20.0,21.11999999999989,23.0,24.0,26.0,27.0,28.0,30.0,31.0,32.0,34.0,36.0,37.00999999999976,45.0,0.0,1000.4823529422283,1000.5607843399048,1000.611764729023,1000.65098041296,1000.6862745285034,1000.7176470756531,1000.7529411911964,1000.8000000119209,1000.866666674614,2000.9490196108818,158.1879440307617,165.87709350585936,170.78064575195313,174.59300231933594,177.9054946899414,181.07555236816407,184.2842819213867,188.0516815185547,193.86286163330078,346.1660461425781,206.1362,3.0,test_data/Useful/Validation/sharp sand at 1ft/20241020_170134.jpg,116.0,87.0,28.326102305868055
62,0.0,0.0,0.0,0.0,0.0,0.0,0.0,0.0,0.0,0.0,0.0,0.0,0.0,0.0,0.0,0.0,0.0,0.0,0.0,0.0,0.0,0.0,0.0,0.0,0.0,0.0,0.0,0.0,0.0,0.0,0.0,0.0,0.0,0.0,0.0,0.0,0.0,0.0,0.0,0.0,0.0,0.0,0.0,0.0,0.0,0.0,0.0,0.0,0.0,0.0,0.0,0.0,0.0,0.0,0.0,0.0,0.0,0.0,0.0,0.0,0.0,0.0,0.0,0.0,0.0,0.0,0.0,0.0,0.0,0.0,1.0,2.0,3.0,3.0,4.0,6.0,6.230000000000018,7.0,8.0,9.0,10.0,11.179999999999836,13.0,14.0,16.0,17.0,19.0,20.0,22.0,23.0,24.0,26.0,27.0,28.0,30.0,31.0,33.0,35.01999999999998,38.0,44.0,0.0,1000.5372549295425,1000.6156862974167,1000.6666666865349,1000.705882370472,1000.7372549176216,1000.772549033165,1000.811764717102,1000.8588235378265,1000.9254902005196,2000.9960784316063,158.4748519897461,166.09896850585938,170.90274047851562,174.718505859375,177.95794677734375,181.11976623535156,184.34246826171875,188.10867309570312,193.80882263183594,346.36395263671875,205.74338,3.0,test_data/Useful/Validation/sharp sand at 1ft/20241020_170135.jpg,115.0,82.0,27.100114691808326
63,0.0,0.0,0.0,0.0,0.0,0.0,0.0,0.0,0.0,0.0,0.0,0.0,0.0,0.0,0.0,0.0,0.0,0.0,0.0,0.0,0.0,0.0,0.0,0.0,0.0,0.0,0.0,0.0,0.0,0.0,0.0,0.0,0.0,0.0,0.0,0.0,0.0,0.0,0.0,0.0,0.0,0.0,0.0,0.0,0.0,0.0,0.0,0.0,0.0,0.0,0.0,0.0,0.0,0.0,0.0,0.0,0.0,0.0,0.0,0.0,0.0,0.0,0.0,0.0,0.0,0.0,0.0,0.0,0.0,0.0,0.0,0.0,0.0,0.0,1.0,1.0,2.0,3.0,4.0,5.0,6.0,8.0,10.0,11.0,12.150000000000091,14.0,16.0,17.0,19.0,20.0,22.0,23.0,25.0,27.0,29.0,30.0,32.0,33.0,36.0,43.0,0.0,1000.5411764979362,1000.6196078658104,1000.6705882549286,1000.7098039388657,1000.7411764860153,1000.7764706015587,1000.8156862854958,1000.8705882430077,1000.9372549057007,2001.0,158.27169189453124,165.85699462890625,170.72311401367188,174.5017852783203,177.78219604492188,180.89764404296875,184.15679931640625,187.8714599609375,193.4428695678711,346.3728332519531,204.76996,3.0,test_data/Useful/Validation/sharp sand at 1ft/20241020_170136.jpg,82.0,60.0,27.081380445248545
64,0.0,0.0,0.0,0.0,0.0,0.0,0.0,0.0,0.0,0.0,0.0,0.0,0.0,0.0,0.0,0.0,0.0,0.0,0.0,0.0,0.0,0.0,0.0,0.0,0.0,0.0,0.0,0.0,0.0,0.0,0.0,0.0,0.0,0.0,0.0,0.0,0.0,0.0,0.0,0.0,0.0,0.0,0.0,0.0,0.0,0.0,0.0,0.0,0.0,0.0,0.0,0.0,0.0,0.0,0.0,0.0,0.0,0.0,0.0,0.0,0.0,0.0,0.0,0.0,0.0,0.0,0.0,1.0,2.0,3.0,4.0,4.0,5.0,6.0,7.0,8.0,9.0,10.0,12.0,13.0,14.0,16.0,17.0,18.159999999999854,20.0,21.0,22.0,23.0,24.0,26.0,26.0,28.0,29.0,30.0,32.0,33.0,35.0,36.0,38.0,45.0,0.0,1000.5490196347237,1000.6313725709915,1000.6862745285034,1000.7294117808342,1000.7686274647713,1000.811764717102,1000.8549019694328,1000.9098039269447,1000.9764705896378,2001.0,158.45220947265625,166.10048828125,170.9729476928711,174.7722625732422,178.11769104003906,181.23582458496094,184.46417236328125,188.2060089111328,193.8712158203125,346.3973693847656,204.81133,3.0,test_data/Useful/Validation/sharp sand at 1ft/20241020_170137(0).jpg,112.0,77.0,29.893765710750937
65,0.0,0.0,0.0,0.0,0.0,0.0,0.0,0.0,0.0,0.0,0.0,0.0,0.0,0.0,0.0,0.0,0.0,0.0,0.0,0.0,0.0,0.0,0.0,0.0,0.0,0.0,0.0,0.0,0.0,0.0,0.0,0.0,0.0,0.0,0.0,0.0,0.0,0.0,0.0,0.0,0.0,0.0,0.0,0.0,0.0,0.0,0.0,0.0,0.0,0.0,0.0,0.0,0.0,0.0,0.0,0.0,0.0,0.0,0.0,0.0,0.0,0.0,0.0,0.0,0.0,0.0,0.0,0.3200000000001637,1.0,2.0,3.0,4.0,4.0,5.0,7.0,8.0,9.230000000000018,11.0,12.0,13.0,15.0,16.0,18.0,19.0,21.0,22.0,24.0,25.0,26.0,27.0,28.0,29.0,30.0,31.0,33.0,33.0,35.0,37.0,39.0,45.0,0.0,1000.5568627715111,1000.6392157077789,1000.6862745285034,1000.7215686440468,1000.7568627595901,1000.7921568751335,1000.8352941274643,1000.8862745165825,1000.9529411792755,2001.0,158.43528594970704,166.12561645507813,170.93465728759764,174.7461181640625,178.05768585205078,181.15696716308594,184.3875762939453,188.14124145507813,193.82362365722656,346.3988952636719,205.04504,3.0,test_data/Useful/Validation/sharp sand at 1ft/20241020_170137.jpg,111.0,76.0,30.964612522406018
66,0.0,0.0,0.0,0.0,0.0,0.0,0.0,0.0,0.0,0.0,0.0,0.0,0.0,0.0,0.0,0.0,0.0,0.0,0.0,0.0,0.0,0.0,0.0,0.0,0.0,0.0,0.0,0.0,0.0,0.0,0.0,0.0,0.0,0.0,0.0,0.0,0.0,0.0,0.0,0.0,0.0,0.0,0.0,0.0,0.0,0.0,0.0,0.0,0.0,0.0,0.0,0.0,0.0,0.0,0.0,0.0,0.0,0.0,0.0,0.0,0.0,0.0,0.0,0.0,1.0,2.0,2.0,3.0,4.0,5.0,6.0,7.0,8.0,9.0,10.0,11.0,12.0,13.0,14.0,15.0,17.0,18.0,19.0,20.0,21.0,22.0,23.0,24.0,25.0,26.0,27.0,28.0,29.070000000000164,31.0,32.0,33.0,34.0,36.0,39.0,45.0,0.0,1000.5372549295425,1000.6196078658104,1000.6745098233223,1000.7215686440468,1000.7647058963776,1000.811764717102,1000.8588235378265,1000.9137254953384,1000.9803921580315,2001.0,158.89573974609377,166.43099365234374,171.2444274902344,175.01849365234375,178.36048889160156,181.4748992919922,184.69039916992188,188.4027862548828,194.14813232421875,346.3806457519531,205.3675,3.0,test_data/Useful/Validation/sharp sand at 1ft/20241020_170139.jpg,122.0,80.0,29.437885339188604
67,0.0,0.0,0.0,0.0,0.0,0.0,0.0,0.0,0.0,0.0,0.0,0.0,0.0,0.0,0.0,0.0,0.0,0.0,0.0,0.0,0.0,0.0,0.0,0.0,0.0,0.0,0.0,0.0,0.0,0.0,0.0,0.0,0.0,0.0,0.0,0.0,0.0,0.0,0.0,0.0,0.0,0.0,0.0,0.0,0.0,0.0,0.0,0.0,0.0,0.0,0.0,0.0,0.0,0.0,0.0,0.0,0.0,0.0,0.0,0.0,0.0,0.0,0.0,0.0,0.0,0.0,1.0,2.0,3.0,4.0,5.0,6.0,6.0,8.0,9.0,10.0,11.0,12.0,14.0,15.0,16.0,17.0,18.0,19.0,21.0,22.0,23.0,25.0,26.0,27.0,28.0,28.0,30.0,31.0,32.0,33.0,34.0,36.0,38.0,46.0,0.0,1000.5686274766922,1000.6470588445663,1000.7019608020782,1000.7490196228027,1000.7882353067398,1000.8313725590706,1000.8784313797951,1000.9294117689133,1000.9921568632126,2001.0,158.77410888671875,166.46044921875,171.32992553710938,175.12985229492188,178.43858337402344,181.57097473144532,184.78492736816406,188.462158203125,194.2060546875,346.4366149902344,204.368,3.0,test_data/Useful/Validation/sharp sand at 1ft/20241020_170140(0).jpg,122.0,83.0,28.24640207678517
68,0.0,0.0,0.0,0.0,0.0,0.0,0.0,0.0,0.0,0.0,0.0,0.0,0.0,0.0,0.0,0.0,0.0,0.0,0.0,0.0,0.0,0.0,0.0,0.0,0.0,0.0,0.0,0.0,0.0,0.0,0.0,0.0,0.0,0.0,0.0,0.0,0.0,0.0,0.0,0.0,0.0,0.0,0.0,0.0,0.0,0.0,0.0,0.0,0.0,0.0,0.0,0.0,0.0,0.0,0.0,0.0,0.0,0.0,0.0,0.0,0.0,0.0,0.0,0.0,0.0,0.0,0.0,1.0,1.0,2.0,3.0,4.0,5.0,5.0,6.0,7.0,8.230000000000018,9.0,10.0,11.0,13.0,14.0,15.0,16.159999999999854,18.0,19.0,20.0,21.0,22.0,23.0,25.0,26.0,28.0,30.0,31.0,32.0,33.0,35.0,36.0,41.0,0.0,1000.5568627715111,1000.6392157077789,1000.6941176652908,1000.7411764860153,1000.7843137383461,1000.8274509906769,1000.8745098114014,1000.9294117689133,1000.9882352948189,2001.0,158.834228515625,166.4688262939453,171.35964965820312,175.17376708984375,178.46290588378906,181.57745361328125,184.78817749023438,188.53756713867188,194.20870971679688,346.42254638671875,204.31969,3.0,test_data/Useful/Validation/sharp sand at 1ft/20241020_170140.jpg,101.0,76.0,31.690064512545433
69,0.0,0.0,0.0,0.0,0.0,0.0,0.0,0.0,0.0,0.0,0.0,0.0,0.0,0.0,0.0,0.0,0.0,0.0,0.0,0.0,0.0,0.0,0.0,0.0,0.0,0.0,0.0,0.0,0.0,0.0,0.0,0.0,0.0,0.0,0.0,0.0,0.0,0.0,0.0,0.0,0.0,0.0,0.0,0.0,0.0,0.0,0.0,0.0,0.0,0.0,0.0,0.0,0.0,0.0,0.0,0.0,0.0,0.0,0.0,0.0,0.0,0.37999999999988177,1.0,2.0,3.0,4.0,5.0,6.0,7.0,8.0,9.0,10.0,12.0,13.0,14.0,15.0,16.0,17.0,18.0,19.0,20.0,21.0,22.0,24.0,25.0,26.0,27.0,27.0,28.0,29.0,30.0,31.0,33.0,34.0,35.0,35.039999999999964,37.0,38.0,39.00999999999976,45.0,0.0,1000.517647087574,1000.6000000238419,1000.6588235497475,1000.705882370472,1000.7490196228027,1000.7921568751335,1000.839215695858,1000.8941176533699,1000.9568627476692,2001.0,158.465576171875,166.1279754638672,171.00948638916014,174.82392578125,178.1214370727539,181.26612548828126,184.53030700683593,188.30455932617187,194.1890106201172,346.2940979003906,205.72508,3.0,test_data/Useful/Validation/sharp sand at 1ft/20241020_170141.jpg,134.0,93.0,31.649228359250888
70,0.0,0.0,0.0,0.0,0.0,0.0,0.0,0.0,0.0,0.0,0.0,0.0,0.0,0.0,0.0,0.0,0.0,0.0,0.0,0.0,0.0,0.0,0.0,0.0,0.0,0.0,0.0,0.0,0.0,0.0,0.0,0.0,0.0,0.0,0.0,0.0,0.0,0.0,0.0,0.0,0.0,0.0,0.0,0.0,0.0,0.0,0.0,0.0,0.0,0.0,0.0,0.0,0.0,0.0,0.0,0.0,0.0,0.0,0.0,0.0,1.0,1.0,2.0,2.0,3.0,4.0,5.0,5.0,6.0,7.0,8.0,9.0,10.0,11.0,12.0,13.0,14.0,15.0,16.0,17.0,18.0,20.0,21.0,22.0,23.0,24.0,25.0,26.0,27.0,28.0,29.0,30.0,31.0,32.0,34.0,35.0,35.029999999999745,37.0,39.0,45.0,0.0,1000.5294117927551,1000.6156862974167,1000.6705882549286,1000.7176470756531,1000.7607843279839,1000.8000000119209,1000.8431372642517,1000.8941176533699,1000.9568627476692,2001.0,158.18930206298828,165.82174072265624,170.68903045654298,174.50758666992186,177.8969955444336,181.013720703125,184.2467819213867,188.09664916992188,193.9854736328125,346.3155517578125,205.86777,3.0,test_data/Useful/Validation/sharp sand at 1ft/20241020_170143.jpg,154.0,101.0,27.29560787413702
71,0.0,0.0,0.0,0.0,0.0,0.0,0.0,0.0,0.0,0.0,0.0,0.0,0.0,0.0,0.0,0.0,0.0,0.0,0.0,0.0,0.0,0.0,0.0,0.0,0.0,0.0,0.0,0.0,0.0,0.0,0.0,0.0,0.0,0.0,0.0,0.0,0.0,0.0,0.0,0.0,1.0,2.0,2.0,3.0,3.0,4.0,5.0,6.0,6.0,7.0,8.0,8.0,9.0,10.0,11.0,12.0,12.0,13.0,14.0,15.0,15.0,16.0,17.0,17.360000000000127,18.0,19.0,20.0,20.0,21.0,22.0,22.289999999999964,23.0,24.0,24.0,25.0,26.0,26.0,27.0,27.0,28.0,28.0,29.0,30.0,30.0,31.0,32.0,32.0,33.0,33.0,34.0,34.0,35.0,35.070000000000164,36.0,37.0,37.0,38.0,39.0,41.0,46.0,0.0,1000.4745098054409,1000.5647059082985,1000.6235294342041,1000.6666666865349,1000.705882370472,1000.745098054409,1000.7843137383461,1000.8274509906769,1000.8823529481888,2000.9960784316063,157.6663818359375,165.299560546875,170.1131591796875,173.9342468261719,177.31676483154297,180.47979736328125,183.77031860351562,187.7119110107422,194.2254837036133,346.1041564941406,207.84125,3.0,test_data/Useful/Validation/sharp sand at 1ft/20241020_170144(0).jpg,220.0,149.0,27.580386698671287
72,0.0,0.0,0.0,0.0,0.0,0.0,0.0,0.0,0.0,0.0,0.0,0.0,0.0,0.0,0.0,0.0,0.0,0.0,0.0,0.0,0.0,0.0,0.0,0.0,0.0,0.0,0.0,0.0,0.0,0.0,0.0,0.0,0.0,0.0,0.0,0.0,0.0,0.0,0.0,0.0,0.0,0.0,0.0,0.0,0.0,0.0,0.0,0.0,0.0,0.0,0.0,0.0,0.0,0.0,0.0,1.0,2.0,3.0,3.0,4.0,5.0,6.0,6.0,7.360000000000127,8.0,9.0,10.0,11.0,12.0,13.0,13.0,14.0,15.0,16.0,17.0,18.0,19.0,20.0,20.0,21.0,22.0,23.0,24.0,25.0,26.0,27.0,28.0,28.11999999999989,29.0,30.0,31.0,32.0,32.0,33.0,34.0,35.0,37.0,38.0,39.0,45.0,0.0,1000.486274510622,1000.5764706134796,1000.6392157077789,1000.6862745285034,1000.7294117808342,1000.7686274647713,1000.811764717102,1000.8588235378265,1000.9176470637321,2001.0,158.01007843017578,165.67477416992188,170.5235137939453,174.32859802246094,177.6754150390625,180.8761749267578,184.1163787841797,187.98948669433594,194.24325561523438,346.2051696777344,207.54167,3.0,test_data/Useful/Validation/sharp sand at 1ft/20241020_170144.jpg,149.0,105.0,32.299368227743926
73,0.0,0.0,0.0,0.0,0.0,0.0,0.0,0.0,0.0,0.0,0.0,0.0,0.0,0.0,0.0,0.0,0.0,0.0,0.0,0.0,0.0,0.0,0.0,0.0,0.0,0.0,0.0,0.0,0.0,0.0,0.0,0.0,0.0,0.0,0.0,0.0,0.0,0.0,0.0,0.0,0.0,0.0,0.0,0.0,0.0,0.0,0.0,0.0,0.0,0.0,0.0,1.0,2.0,2.0,3.0,4.0,4.0,5.0,6.0,7.0,8.0,9.0,10.0,11.0,11.0,12.0,13.0,14.0,15.0,16.0,17.0,18.0,19.0,20.0,21.0,22.0,22.0,23.0,24.0,25.0,25.0,26.0,27.0,27.0,28.0,29.0,30.0,30.0,31.0,32.0,32.0,33.0,34.0,35.0,36.0,37.0,38.0,39.0,40.0,45.0,0.0,1000.4823529422283,1000.5647059082985,1000.6156862974167,1000.6588235497475,1000.6941176652908,1000.7294117808342,1000.772549033165,1000.8156862854958,1000.8745098114014,2001.0,157.71458435058594,165.38302612304688,170.25621032714844,174.1091766357422,177.46542358398438,180.57752685546876,183.83401794433593,187.7389892578125,194.0841812133789,346.1119079589844,207.15808,3.0,test_data/Useful/Validation/sharp sand at 1ft/20241020_170145.jpg,172.0,121.0,34.59817926201314
74,0.0,0.0,0.0,0.0,0.0,0.0,0.0,0.0,0.0,0.0,0.0,0.0,0.0,0.0,0.0,0.0,0.0,0.0,0.0,0.0,0.0,0.0,0.0,0.0,0.0,0.0,0.0,0.0,0.0,0.0,0.0,0.0,0.0,0.0,0.0,0.0,0.0,0.0,0.0,0.0,0.0,0.0,0.0,1.0,2.0,2.0,3.0,4.0,5.0,5.0,6.0,6.0,7.0,8.0,9.0,10.0,10.0,11.0,12.0,12.0,13.0,14.0,14.0,15.0,16.0,17.0,18.0,18.0,19.0,20.0,20.0,21.0,22.0,22.0,23.0,24.0,25.0,26.0,26.0,27.0,28.0,28.0,29.0,29.0,30.0,30.0,31.0,31.0,32.0,33.0,34.0,34.0,35.0,36.0,36.0,37.0,37.0,38.01999999999998,40.0,45.0,0.0,1000.4784313738346,1000.5607843399048,1000.6156862974167,1000.6588235497475,1000.6980392336845,1000.7333333492279,1000.7764706015587,1000.8235294222832,1000.8901960849762,2001.0,158.37594604492188,166.06533813476562,170.91834259033203,174.71372985839844,177.99575805664062,181.14968872070312,184.45770263671875,188.31658935546875,194.41162109375,346.1628723144531,207.3201,3.0,test_data/Useful/Validation/sharp sand at 1ft/20241020_170146(0).jpg,215.0,151.0,29.497880500384642
75,0.0,0.0,0.0,0.0,0.0,0.0,0.0,0.0,0.0,0.0,0.0,0.0,0.0,0.0,0.0,0.0,0.0,0.0,0.0,0.0,0.0,0.0,0.0,0.0,0.0,0.0,0.0,0.0,0.0,0.0,0.0,0.0,0.0,0.0,0.0,0.0,0.0,0.0,0.0,0.0,0.0,0.0,1.0,2.0,2.0,3.0,4.0,4.0,5.0,5.0,6.0,7.0,7.0,8.0,9.0,10.0,10.429999999999836,11.0,12.0,13.0,14.0,15.0,15.0,16.0,17.0,18.0,18.0,19.0,20.0,21.0,21.0,22.0,23.0,23.0,24.0,24.0,25.0,26.0,27.0,27.0,28.0,28.0,29.0,30.0,30.0,31.0,31.0,32.0,33.0,33.0,34.0,34.0,35.0,35.0,36.0,37.0,38.0,39.0,40.00999999999976,47.0,0.0,1000.4745098054409,1000.5529412031174,1000.6078431606293,1000.65098041296,1000.6941176652908,1000.7294117808342,1000.772549033165,1000.8196078538895,1000.8901960849762,2001.0,158.45297088623047,166.08206481933593,170.88653869628905,174.69884033203124,178.00481414794922,181.17833862304687,184.4510040283203,188.28707885742188,194.42364654541015,346.150634765625,207.27637,3.0,test_data/Useful/Validation/sharp sand at 1ft/20241020_170147.jpg,193.0,135.0,32.0250935414482
76,0.0,0.0,0.0,0.0,0.0,0.0,0.0,0.0,0.0,0.0,0.0,0.0,0.0,0.0,0.0,0.0,0.0,0.0,0.0,0.0,0.0,0.0,0.0,0.0,0.0,0.0,0.0,0.0,0.0,0.0,0.0,0.0,0.0,0.0,0.0,0.0,0.0,0.0,0.0,0.0,0.0,1.0,1.0,2.0,3.0,3.0,4.0,5.0,6.0,7.0,7.0,8.0,9.0,10.0,11.0,12.0,13.0,14.0,14.0,15.0,16.0,17.0,17.0,18.0,19.0,20.0,21.0,21.0,22.0,23.0,23.0,24.0,24.0,25.0,25.0,26.0,27.0,27.0,28.0,28.0,29.0,29.0,30.0,30.0,31.0,32.0,32.0,33.0,33.0,34.0,34.0,35.0,35.0,36.0,37.0,37.0,38.0,39.01999999999998,41.0,46.0,0.0,1000.4705882370472,1000.5490196347237,1000.6039215922356,1000.6470588445663,1000.6862745285034,1000.7215686440468,1000.7647058963776,1000.811764717102,1000.8823529481888,2001.0,158.2269287109375,165.88275146484375,170.77944946289062,174.5523223876953,177.89398193359375,181.04798889160156,184.31802368164062,188.1737243652344,194.4965362548828,346.13330078125,207.64114,3.0,test_data/Useful/Validation/sharp sand at 1ft/20241020_170148.jpg,184.0,123.0,31.852080473253114
77,0.0,0.0,0.0,0.0,0.0,0.0,0.0,0.0,0.0,0.0,0.0,0.0,0.0,0.0,0.0,0.0,0.0,0.0,0.0,0.0,0.0,0.0,0.0,0.0,0.0,0.0,0.0,0.0,0.0,1.0,1.0,2.0,2.0,3.0,4.0,4.0,5.0,6.0,6.0,7.0,7.0,8.0,9.0,10.0,10.0,11.0,12.0,12.0,13.0,14.0,15.0,15.0,16.0,17.0,17.0,18.0,19.0,19.0,20.0,20.0,21.0,21.0,22.0,22.0,23.0,23.0,24.0,25.0,25.0,25.0,26.0,26.0,27.0,27.0,28.0,28.0,28.0,29.0,29.0,29.0,30.0,30.0,31.0,31.0,32.0,32.0,33.0,33.0,34.0,34.0,34.0,35.0,35.0,36.0,37.0,37.0,38.0,39.0,41.0,44.0,0.0,1000.5098039507866,1000.5882353186607,1000.6392157077789,1000.6862745285034,1000.7254902124405,1000.772549033165,1000.8196078538895,1000.8784313797951,1000.9450980424881,2001.0,157.9456024169922,165.6214599609375,170.52346801757812,174.3747100830078,177.66848754882812,180.8231689453125,184.09398193359374,187.98008422851564,194.4506103515625,346.2896728515625,208.74753,3.0,test_data/Useful/Validation/sharp sand at 1ft/20241020_170149(0).jpg,236.0,169.0,27.729944043764142
78,0.0,0.0,0.0,0.0,0.0,0.0,0.0,0.0,0.0,0.0,0.0,0.0,0.0,0.0,0.0,0.0,0.0,0.0,0.0,0.0,0.0,0.0,0.0,0.0,0.0,0.0,0.0,0.0,0.0,0.0,0.0,0.0,1.0,2.0,2.0,3.0,4.0,4.0,5.0,6.0,6.589999999999918,7.0,8.0,9.0,9.0,10.0,11.0,11.0,12.0,13.0,13.0,14.0,15.0,15.0,16.0,17.0,17.0,18.0,18.0,19.0,20.0,20.0,21.0,21.360000000000127,22.0,23.0,23.0,24.0,24.0,25.0,26.0,26.0,26.0,27.0,27.0,28.0,28.0,29.0,29.0,30.0,30.0,31.0,31.0,31.0,32.0,32.0,33.0,33.0,34.0,34.0,35.0,35.0,36.0,36.0,37.0,38.0,39.0,40.0,41.0,45.0,0.0,1000.5647059082985,1000.6274510025978,1000.6705882549286,1000.705882370472,1000.7372549176216,1000.772549033165,1000.811764717102,1000.8627451062202,1000.933333337307,2001.0,157.58647766113282,165.24249267578125,170.13897705078125,173.927001953125,177.24795532226562,180.4176025390625,183.75286865234375,187.64773559570312,194.29376220703125,346.3741455078125,209.04004,3.0,test_data/Useful/Validation/sharp sand at 1ft/20241020_170149.jpg,211.0,143.0,27.00637158871179
79,0.0,0.0,0.0,0.0,0.0,0.0,0.0,0.0,0.0,0.0,0.0,0.0,0.0,0.0,0.0,0.0,0.0,0.0,0.0,0.0,0.0,0.0,0.0,0.0,0.0,1.0,1.0,2.0,3.0,3.0,4.0,4.0,5.0,5.0,6.0,6.639999999999986,7.0,8.0,8.610000000000014,9.0,10.0,10.0,11.0,11.559999999999945,12.0,13.0,14.0,14.0,15.0,16.0,16.49000000000001,17.0,18.0,18.0,19.0,20.0,20.0,21.0,21.0,22.0,22.0,23.0,24.0,24.0,24.0,25.0,25.0,26.0,26.0,27.0,27.0,28.0,28.0,28.0,29.0,29.0,30.0,30.0,30.0,31.0,31.0,32.0,32.0,32.0,33.0,33.0,34.0,34.0,34.0,35.0,35.0,36.0,36.0,37.0,37.04999999999973,38.0,39.0,40.0,41.0,49.0,0.0,1000.4941176474094,1000.5686274766922,1000.6235294342041,1000.6666666865349,1000.7098039388657,1000.7568627595901,1000.8039215803146,1000.8627451062202,1000.9294117689133,2001.0,157.47124328613282,165.0782470703125,169.93601684570314,173.78470153808593,177.12930297851562,180.27051696777343,183.56393432617188,187.50531921386718,194.3738235473633,346.23046875,210.33145,3.0,test_data/Useful/Validation/sharp sand at 1ft/20241020_170150.jpg,245.0,182.0,29.621719828368583
80,0.0,0.0,0.0,0.0,0.0,0.0,0.0,0.0,0.0,0.0,0.0,0.0,0.0,0.0,0.0,0.0,0.0,0.0,0.0,0.0,0.0,0.0,0.0,0.0,0.0,1.0,1.0,2.7200000000000273,3.0,4.0,5.0,5.0,6.0,7.0,8.0,9.0,9.0,10.0,11.0,11.0,12.0,13.0,13.0,14.0,14.0,15.0,16.0,16.0,17.0,17.0,18.0,18.0,19.0,20.0,20.0,21.0,21.0,22.0,22.0,23.0,23.0,24.0,24.0,24.0,25.0,25.0,26.0,26.0,27.0,27.0,27.0,28.0,28.0,29.0,29.0,30.0,30.0,31.0,31.0,31.0,32.0,32.0,33.0,33.0,33.0,34.0,34.0,35.0,35.0,35.0,36.0,36.0,37.0,37.059999999999945,38.0,39.0,39.0,41.0,42.0,46.0,0.0,1000.4745098054409,1000.5529412031174,1000.6039215922356,1000.65098041296,1000.6980392336845,1000.745098054409,1000.8000000119209,1000.8549019694328,1000.9215686321259,2001.0,156.77545166015625,164.3769989013672,169.24819946289062,173.03468322753906,176.37887573242188,179.53131103515625,182.81927490234375,186.80970764160156,193.9713897705078,346.1906433105469,211.05402,3.0,test_data/Useful/Validation/sharp sand at 1ft/20241020_170151.jpg,253.0,173.0,28.352709631633452
81,0.0,0.0,0.0,0.0,0.0,0.0,0.0,0.0,0.0,0.0,0.0,0.0,0.0,0.0,0.0,0.0,0.0,0.0,0.0,0.0,0.0,0.0,0.0,0.0,0.0,0.0,1.0,2.0,2.0,3.0,4.0,4.0,5.0,6.0,7.0,7.0,8.0,9.0,9.610000000000014,10.0,11.0,12.0,12.0,13.0,14.0,15.0,15.0,16.0,16.0,17.0,18.0,18.0,19.0,19.0,20.0,20.0,21.0,21.0,22.0,22.0,23.0,23.0,24.0,24.0,25.0,25.0,26.0,26.0,27.0,27.0,27.0,28.0,28.0,29.0,29.0,30.0,30.0,30.0,31.0,31.0,31.0,32.0,32.0,33.0,33.0,33.0,34.0,34.0,35.0,35.0,35.0,36.0,36.0,37.0,37.0,38.0,39.0,40.0,41.0,47.0,0.0,1000.4705882370472,1000.5490196347237,1000.6039215922356,1000.65098041296,1000.6980392336845,1000.7411764860153,1000.7960784435272,1000.8549019694328,1000.9215686321259,2001.0,157.0060241699219,164.57687072753907,169.4577407836914,173.23800659179688,176.5381622314453,179.6953369140625,183.01962738037108,187.02757568359374,194.04925537109375,346.1892395019531,210.64491,3.0,test_data/Useful/Validation/sharp sand at 1ft/20241020_170152.jpg,266.0,183.0,32.17760870431153
82,0.0,0.0,0.0,0.0,0.0,0.0,0.0,0.0,0.0,0.0,0.0,0.0,0.0,0.0,0.0,0.0,0.0,0.0,0.0,0.0,0.0,0.0,0.0,0.0,0.0,0.0,0.0,0.0,0.0,0.0,1.0,2.0,2.0,3.0,3.0,4.0,4.0,5.0,6.0,7.0,7.0,8.0,8.0,9.0,10.0,10.0,11.0,12.0,12.0,13.0,14.0,14.0,15.0,15.0,16.0,17.0,17.0,18.0,18.0,19.0,20.0,20.0,21.0,21.0,21.350000000000136,22.0,23.0,23.0,24.0,24.0,25.0,25.0,26.0,26.0,27.0,27.0,28.0,28.0,29.0,29.0,30.0,30.0,31.0,31.0,32.0,32.0,33.0,33.0,33.0,34.0,34.0,35.0,36.0,36.0,37.0,37.0,38.0,40.0,41.0,45.0,0.0,1000.5098039507866,1000.584313750267,1000.6392157077789,1000.6862745285034,1000.7254902124405,1000.772549033165,1000.8235294222832,1000.8784313797951,1000.9450980424881,2001.0,157.61385040283204,165.2457244873047,170.10836791992188,173.88247680664062,177.25460815429688,180.42501831054688,183.72860717773438,187.6828125,194.26658630371094,346.28985595703125,209.47572,3.0,test_data/Useful/Validation/sharp sand at 1ft/20241020_170153.jpg,258.0,174.0,25.383617809298652
83,0.0,0.0,0.0,0.0,0.0,0.0,0.0,0.0,0.0,0.0,0.0,0.0,0.0,0.0,0.0,0.0,0.0,0.0,0.0,0.0,0.0,0.0,0.0,0.0,1.0,1.0,2.0,2.0,3.0,3.0,4.0,4.0,5.0,6.0,6.0,7.0,8.0,8.0,9.0,9.0,10.0,10.0,11.0,12.0,12.0,13.0,13.0,14.0,14.0,15.0,15.0,16.0,16.0,17.0,17.0,18.0,18.0,18.419999999999845,19.0,19.399999999999864,20.0,20.0,21.0,22.0,22.0,23.0,23.0,24.0,24.0,25.0,25.0,25.0,26.0,26.0,27.0,27.0,28.0,28.0,29.0,29.0,29.0,30.0,30.0,31.0,31.0,32.0,32.0,33.0,33.0,34.0,34.0,35.0,35.0,36.0,36.0,37.0,38.0,39.0,40.00999999999976,46.0,0.0,1000.5372549295425,1000.6039215922356,1000.65098041296,1000.6901960968971,1000.7294117808342,1000.7764706015587,1000.8274509906769,1000.8862745165825,1000.9529411792755,2001.0,156.26907348632812,163.9189910888672,168.77012634277344,172.5795135498047,175.91869354248047,179.1630401611328,182.49981689453125,186.51058959960938,193.59046936035156,346.35205078125,210.69267,3.0,test_data/Useful/Validation/sharp sand at 1ft/20241020_170159.jpg,297.0,204.0,28.88163870849117
84,0.0,0.0,0.0,0.0,0.0,0.0,0.0,0.0,0.0,0.0,0.0,0.0,0.0,0.0,0.0,0.0,0.0,0.0,0.0,0.0,0.0,0.0,0.0,0.0,0.0,1.0,1.0,1.0,2.0,2.0,3.0,3.0,4.0,4.0,5.0,5.0,6.0,7.0,7.0,8.0,8.0,9.0,10.0,10.0,11.0,11.0,12.0,12.0,13.0,13.5,14.0,15.0,16.0,16.0,17.0,17.0,18.0,18.0,19.0,19.0,20.0,20.0,21.0,21.0,22.0,22.0,23.0,23.0,24.0,25.0,25.0,26.0,26.0,26.0,27.0,27.0,27.230000000000018,28.0,28.0,28.0,29.0,29.0,30.0,30.0,31.0,31.0,32.0,32.0,32.0,32.0,33.0,34.0,34.0,35.0,35.0,36.0,37.0,38.0,39.0,45.0,0.0,1000.4823529422283,1000.5607843399048,1000.6196078658104,1000.6666666865349,1000.7137255072594,1000.7686274647713,1000.8274509906769,1000.8980392217636,1000.9686274528503,2001.0,156.52731323242188,164.1774139404297,169.06162872314454,172.88494262695312,176.17913055419922,179.35407409667968,182.70773925781248,186.65009460449218,193.52072143554688,346.2777404785156,210.98207,3.0,test_data/Useful/Validation/sharp sand at 1ft/20241020_170200.jpg,233.0,164.0,32.35931329587624
85,0.0,0.0,0.0,0.0,0.0,0.0,0.0,0.0,0.0,0.0,0.0,0.0,0.0,0.0,0.0,0.0,0.0,0.0,0.0,0.0,0.0,0.0,0.0,0.0,0.0,0.0,0.0,0.0,0.0,0.0,0.0,0.0,0.0,0.0,0.0,1.0,1.0,2.0,2.0,2.6000000000000227,3.0,3.0,4.0,5.0,5.0,6.0,6.0,7.0,8.0,9.0,9.0,10.0,10.0,11.0,11.0,12.0,12.0,13.0,14.0,14.0,15.0,15.0,16.0,17.0,17.350000000000136,18.0,19.0,19.0,20.0,21.0,21.0,22.0,23.0,23.0,24.0,24.0,25.0,25.0,26.0,26.0,27.0,27.0,28.0,28.0,29.0,29.0,30.0,30.0,31.0,32.0,32.0,33.0,33.0,34.0,35.0,36.0,37.0,38.0,40.0,45.0,0.0,1000.4941176474094,1000.5725490450859,1000.6313725709915,1000.6823529601097,1000.7254902124405,1000.7803921699524,1000.839215695858,1000.905882358551,1000.9764705896378,2001.0,156.6990203857422,164.48403930664062,169.38072204589844,173.18909301757813,176.53976440429688,179.7344207763672,182.96945190429688,186.8946990966797,193.47311401367188,346.3050842285156,209.17642,3.0,test_data/Useful/Validation/sharp sand at 1ft/20241020_170201(0).jpg,224.0,164.0,29.515647552370474
86,0.0,0.0,0.0,0.0,0.0,0.0,0.0,0.0,0.0,0.0,0.0,0.0,0.0,0.0,0.0,0.0,0.0,0.0,0.0,0.0,0.0,0.0,0.0,0.0,0.0,0.0,0.0,0.0,0.0,0.0,0.0,0.0,0.0,1.0,1.0,1.0,2.0,3.0,3.0,4.0,4.0,5.0,6.0,6.0,7.0,8.0,8.0,9.0,9.0,10.0,11.0,12.0,12.0,13.0,13.0,14.0,14.0,15.0,16.0,16.0,17.0,17.37999999999988,18.0,18.0,19.0,19.0,20.0,20.0,21.0,21.0,22.0,22.0,23.0,23.0,24.0,25.0,25.0,26.0,26.0,27.0,27.0,28.0,28.0,29.0,29.0,30.0,31.0,31.0,32.0,32.0,33.0,33.0,34.0,34.0,35.0,36.0,37.0,38.0,39.0,44.0,0.0,1000.4784313738346,1000.5568627715111,1000.6156862974167,1000.6627451181412,1000.7098039388657,1000.7607843279839,1000.8235294222832,1000.8901960849762,1000.9607843160629,2001.0,156.9235382080078,164.57919311523438,169.4693603515625,173.32994079589844,176.6427001953125,179.7916015625,183.14322052001953,187.01990661621096,193.61786499023438,346.2551574707031,209.43298,3.0,test_data/Useful/Validation/sharp sand at 1ft/20241020_170201.jpg,253.0,174.0,29.535283244518837
87,0.0,0.0,0.0,0.0,0.0,0.0,0.0,0.0,0.0,0.0,0.0,0.0,0.0,0.0,0.0,0.0,0.0,0.0,0.0,0.0,0.0,0.0,0.0,0.0,0.0,0.0,0.0,0.0,0.0,0.0,0.0,0.0,0.0,0.0,0.0,0.0,0.0,0.0,0.0,0.0,1.0,1.0,2.0,2.0,3.0,3.0,4.0,5.0,5.0,6.0,7.0,7.0,8.0,8.0,9.0,10.0,10.0,11.0,12.0,13.0,13.0,13.0,14.0,15.0,16.0,17.0,17.0,18.0,19.0,19.0,20.0,21.0,21.0,22.0,23.0,23.0,24.0,24.220000000000027,25.0,26.0,26.0,27.0,27.170000000000073,28.0,29.0,29.0,30.0,30.11999999999989,31.0,32.0,33.0,33.0,34.0,35.0,36.0,37.0,37.0,39.0,40.00999999999976,45.0,0.0,1000.5411764979362,1000.6156862974167,1000.6705882549286,1000.7176470756531,1000.7647058963776,1000.811764717102,1000.866666674614,1000.9294117689133,1000.9921568632126,2001.0,157.7237518310547,165.3924560546875,170.30113220214844,174.08815002441406,177.4434814453125,180.62063598632812,183.87383880615235,187.7780548095703,194.01387939453127,346.42889404296875,208.45148,3.0,test_data/Useful/Validation/sharp sand at 1ft/20241020_170203.jpg,216.0,152.0,29.76928168345009
88,0.0,0.0,0.0,0.0,0.0,0.0,0.0,0.0,0.0,0.0,0.0,0.0,0.0,0.0,0.0,0.0,0.0,0.0,0.0,0.0,0.0,0.0,0.0,0.0,0.0,0.0,0.0,0.0,0.0,0.0,0.0,0.0,0.0,0.0,0.0,0.0,0.0,0.0,0.0,0.0,0.0,0.0,0.0,0.0,0.0,0.0,0.0,0.0,0.0,0.0,0.0,0.0,0.0,0.0,0.0,1.0,1.0,2.0,3.0,3.0,4.0,5.0,6.0,6.360000000000127,7.0,8.0,9.0,9.0,10.0,11.0,12.0,13.0,14.0,15.0,16.0,17.0,18.0,19.0,20.0,21.0,21.0,22.0,23.0,24.0,25.0,26.0,26.0,28.0,29.0,30.0,31.0,31.0,32.0,33.0,34.0,34.0,36.0,37.0,39.0,45.0,0.0,1000.5490196347237,1000.6313725709915,1000.6862745285034,1000.7372549176216,1000.7882353067398,1000.839215695858,1000.8941176533699,1000.9529411792755,1001.0,2001.0,158.51864471435547,166.12124938964843,171.00995788574218,174.8744323730469,178.2021484375,181.35276794433594,184.60601959228515,188.3451690673828,194.22044372558594,346.4698791503906,207.14891,3.0,test_data/Useful/Validation/sharp sand at 1ft/20241020_170204(0).jpg,144.0,104.0,29.29828883521518
89,0.0,0.0,0.0,0.0,0.0,0.0,0.0,0.0,0.0,0.0,0.0,0.0,0.0,0.0,0.0,0.0,0.0,0.0,0.0,0.0,0.0,0.0,0.0,0.0,0.0,0.0,0.0,0.0,0.0,0.0,0.0,0.0,0.0,0.0,0.0,0.0,0.0,0.0,0.0,0.0,0.0,0.0,0.0,0.0,0.0,0.0,0.0,0.0,1.0,2.0,2.0,3.0,3.0,4.0,5.0,6.0,6.0,7.0,8.0,9.0,10.0,11.0,12.0,13.0,13.0,14.0,15.0,16.0,16.0,17.0,18.0,19.0,20.0,20.0,21.0,22.0,22.230000000000018,23.0,24.0,25.0,25.0,26.0,27.0,27.0,28.0,29.0,29.0,30.0,30.110000000000127,31.0,32.0,33.0,33.0,34.0,35.0,36.0,36.0,38.0,40.0,45.0,0.0,1000.5568627715111,1000.6352941393852,1000.6941176652908,1000.745098054409,1000.7921568751335,1000.8431372642517,1000.8941176533699,1000.9529411792755,1001.0,2001.0,158.33201599121094,166.01094665527344,170.93572998046875,174.73007202148438,178.0831756591797,181.2831268310547,184.5643768310547,188.33309936523438,194.29165649414062,346.4942626953125,206.6691,3.0,test_data/Useful/Validation/sharp sand at 1ft/20241020_170204.jpg,165.0,124.0,29.408968485492238
90,0.0,0.0,0.0,0.0,0.0,0.0,0.0,0.0,0.0,0.0,0.0,0.0,0.0,0.0,0.0,0.0,0.0,0.0,0.0,0.0,0.0,0.0,0.0,0.0,0.0,0.0,0.0,0.0,0.0,0.0,0.0,0.0,0.0,0.0,0.0,0.0,0.0,0.0,0.0,0.0,0.0,0.0,0.0,0.0,0.0,0.0,0.0,0.0,0.0,0.0,0.0,0.0,0.0,0.0,0.0,0.0,0.0,0.0,0.0,1.0,1.0,2.0,3.0,4.0,5.0,6.0,7.0,7.320000000000164,9.0,10.0,11.0,11.0,12.0,13.0,14.0,15.0,16.0,17.0,18.0,19.0,20.0,21.0,22.0,23.0,24.0,25.0,25.0,26.0,27.0,28.0,29.0,30.0,31.0,32.0,33.0,34.0,35.0,37.0,39.0,46.0,0.0,1000.5215686559677,1000.6000000238419,1000.6588235497475,1000.705882370472,1000.7529411911964,1000.8039215803146,1000.8549019694328,1000.9176470637321,1000.9803921580315,3000.9960784316063,158.34934997558594,166.01187133789062,170.88568115234375,174.70462036132812,178.05496215820312,181.2289276123047,184.48739624023438,188.22259521484375,194.13408660888672,346.3625793457031,206.3522,3.0,test_data/Useful/Validation/sharp sand at 1ft/20241020_170205.jpg,164.0,105.0,30.371372250338233
91,0.0,0.0,0.0,0.0,0.0,0.0,0.0,0.0,0.0,0.0,0.0,0.0,0.0,0.0,0.0,0.0,0.0,0.0,0.0,0.0,0.0,0.0,0.0,0.0,0.0,0.0,0.0,0.0,0.0,0.0,0.0,0.0,0.0,0.0,0.0,0.0,0.0,0.0,0.0,0.0,0.0,0.0,0.0,0.0,0.0,0.0,0.0,0.0,0.0,0.0,0.0,0.0,1.0,1.0,2.0,2.0,3.0,3.0,4.0,4.0,5.0,6.0,6.0,7.0,8.0,9.0,10.0,11.0,12.0,13.0,13.0,14.0,15.0,16.0,17.0,18.0,19.0,19.0,20.0,21.0,22.0,23.0,24.0,24.0,25.0,26.0,27.0,27.0,28.0,29.0,30.0,31.0,31.0,32.0,33.0,34.0,35.0,37.0,38.0,44.0,0.0,1000.5058823823929,1000.5882353186607,1000.6470588445663,1000.6941176652908,1000.7411764860153,1000.7882353067398,1000.839215695858,1000.8980392217636,1000.9607843160629,2001.0,158.11109924316406,165.76890563964844,170.74850463867188,174.60611267089843,177.9156265258789,181.09422302246094,184.3291473388672,188.09548950195312,194.14120483398438,346.3073425292969,206.96555,3.0,test_data/Useful/Validation/sharp sand at 1ft/20241020_170206.jpg,170.0,120.0,30.044753943170917
92,0.0,0.0,0.0,0.0,0.0,0.0,0.0,0.0,0.0,0.0,0.0,0.0,0.0,0.0,0.0,0.0,0.0,0.0,0.0,0.0,0.0,0.0,0.0,0.0,0.0,0.0,0.0,0.0,0.0,0.0,0.0,0.0,0.0,0.0,0.0,0.0,0.0,0.0,0.0,0.0,0.0,0.0,0.0,0.0,0.0,0.0,0.0,0.0,1.0,1.0,2.0,3.0,3.0,4.0,4.0,5.0,6.0,7.0,7.0,8.0,9.0,10.0,10.0,11.0,12.0,13.0,14.0,14.0,15.0,16.0,16.0,17.0,18.0,18.0,19.0,20.0,20.0,21.0,22.0,22.0,23.0,24.0,25.0,26.0,26.0,27.0,27.0,28.0,29.0,30.0,30.0,31.0,32.0,33.0,34.0,35.0,36.0,38.0,39.0,45.0,0.0,1000.4980392158031,1000.5803921818733,1000.6392157077789,1000.6862745285034,1000.7254902124405,1000.772549033165,1000.8196078538895,1000.8745098114014,1000.9411764740944,2001.0,157.80764770507812,165.41380310058594,170.39926147460938,174.2373809814453,177.56143188476562,180.7426300048828,184.0804443359375,187.8948211669922,194.01014709472656,346.25616455078125,207.62732,3.0,test_data/Useful/Validation/sharp sand at 1ft/20241020_170207(0).jpg,176.0,122.0,27.311651934435744
93,0.0,0.0,0.0,0.0,0.0,0.0,0.0,0.0,0.0,0.0,0.0,0.0,0.0,0.0,0.0,0.0,0.0,0.0,0.0,0.0,0.0,0.0,0.0,0.0,0.0,0.0,0.0,0.0,0.0,0.0,0.0,0.0,0.0,0.0,0.0,0.0,0.0,0.0,0.0,0.0,0.0,0.0,0.0,0.0,0.0,0.0,0.0,0.0,0.0,0.0,0.0,0.0,0.0,0.0,0.0,0.0,0.0,0.0,0.0,0.0,0.0,0.0,0.0,1.0,2.0,2.0,3.0,4.0,5.0,6.0,7.0,8.0,9.0,9.0,11.0,12.0,13.0,14.0,15.0,16.200000000000045,18.0,19.0,20.0,21.0,22.0,23.0,24.13000000000011,25.0,27.0,28.0,29.0,30.0,31.0,32.0,32.0,33.0,35.0,36.01999999999998,38.0,47.0,0.0,1000.4627451002598,1000.5490196347237,1000.6078431606293,1000.6549019813538,1000.7019608020782,1000.745098054409,1000.7921568751335,1000.8470588326454,1000.9215686321259,3000.8980392217636,158.05985260009766,165.90524291992188,170.7633285522461,174.56500549316405,177.88856506347656,181.03955078125,184.2501983642578,187.95672607421875,193.94735717773438,346.1751708984375,206.87082,3.0,test_data/Useful/Validation/sharp sand at 1ft/20241020_170208.jpg,136.0,91.0,33.78127517453255
94,0.0,0.0,0.0,0.0,0.0,0.0,0.0,0.0,0.0,0.0,0.0,0.0,0.0,0.0,0.0,0.0,0.0,0.0,0.0,0.0,0.0,0.0,0.0,0.0,0.0,0.0,0.0,0.0,0.0,0.0,0.0,0.0,0.0,0.0,0.0,0.0,0.0,0.0,0.0,0.0,0.0,0.0,0.0,0.0,0.0,0.0,0.0,0.0,0.0,0.0,0.0,0.0,0.0,0.0,0.0,0.0,0.0,0.0,0.0,0.0,0.0,0.0,0.0,1.0,2.0,2.0,3.0,4.0,4.0,5.0,6.0,7.0,8.0,9.0,9.0,10.240000000000009,12.0,13.0,14.210000000000036,15.0,16.0,17.0,19.0,19.0,21.0,22.0,23.0,24.0,25.0,26.0,27.090000000000146,29.0,30.0,31.0,32.0,33.0,34.0,36.0,39.0,43.0,0.0,1000.486274510622,1000.5686274766922,1000.6313725709915,1000.678431391716,1000.7176470756531,1000.7607843279839,1000.8078431487083,1000.866666674614,1000.933333337307,2001.0,158.43975830078125,166.130615234375,171.01697845458983,174.81603393554687,178.16529083251953,181.30291748046875,184.5313949584961,188.26322326660156,194.0475311279297,346.2342529296875,205.78552,3.0,test_data/Useful/Validation/sharp sand at 1ft/20241020_170209.jpg,118.0,95.0,30.173879362593365
95,0.0,0.0,0.0,0.0,0.0,0.0,0.0,0.0,0.0,0.0,0.0,0.0,0.0,0.0,0.0,0.0,0.0,0.0,0.0,0.0,0.0,0.0,0.0,0.0,0.0,0.0,0.0,0.0,0.0,0.0,0.0,0.0,0.0,0.0,0.0,0.0,0.0,0.0,0.0,0.0,0.0,0.0,0.0,0.0,0.0,0.0,0.0,0.0,0.0,0.0,0.0,0.0,0.0,0.0,0.0,0.0,0.0,0.0,0.0,0.0,0.0,0.0,0.0,1.0,2.0,3.0,3.0,4.0,5.0,6.0,6.289999999999964,8.0,9.0,10.0,11.0,12.0,13.0,14.0,15.0,16.0,18.0,18.0,20.0,21.0,22.0,23.0,24.0,25.0,26.0,27.0,28.0,29.0,30.0,31.0,33.0,34.0,35.0,36.0,39.0,47.0,0.0,1000.5254902243614,1000.6039215922356,1000.6549019813538,1000.6980392336845,1000.7333333492279,1000.7764706015587,1000.8196078538895,1000.8745098114014,1000.9450980424881,2001.0,158.24908447265625,165.95237731933594,170.88983459472655,174.6552734375,177.95274353027344,181.04513549804688,184.26953125,188.04617309570312,193.80653381347656,346.29766845703125,205.59622,3.0,test_data/Useful/Validation/sharp sand at 1ft/20241020_170210.jpg,125.0,84.0,31.37641269557118
96,0.0,0.0,0.0,0.0,0.0,0.0,0.0,0.0,0.0,0.0,0.0,0.0,0.0,0.0,0.0,0.0,0.0,0.0,0.0,0.0,0.0,0.0,0.0,0.0,0.0,0.0,0.0,0.0,0.0,0.0,0.0,0.0,0.0,0.0,0.0,0.0,0.0,0.0,0.0,0.0,0.0,0.0,0.0,0.0,0.0,0.0,0.0,0.0,0.0,0.0,0.0,0.0,1.0,1.0,2.0,2.0,3.0,3.0,4.0,5.0,6.0,6.0,7.0,8.0,9.0,10.0,11.0,12.0,13.0,14.0,15.0,16.0,16.0,17.0,18.0,19.0,20.0,21.0,22.0,22.0,23.0,24.0,25.0,26.0,27.0,27.0,28.0,29.0,29.110000000000127,30.0,31.0,32.0,32.0,33.0,34.0,35.0,36.0,37.0,38.0,43.0,0.0,1000.5960784554482,1000.6588235497475,1000.7019608020782,1000.7372549176216,1000.7686274647713,1000.8000000119209,1000.8352941274643,1000.8784313797951,1000.9372549057007,2001.0,157.28843383789064,164.9625030517578,169.9091796875,173.7392578125,177.1042022705078,180.2648162841797,183.57211303710938,187.43224182128907,193.62680053710938,346.409423828125,208.0206,3.0,test_data/Useful/Validation/sharp sand at 1ft/20241020_170211(0).jpg,161.0,111.0,26.902162360399004
97,0.0,0.0,0.0,0.0,0.0,0.0,0.0,0.0,0.0,0.0,0.0,0.0,0.0,0.0,0.0,0.0,0.0,0.0,0.0,0.0,0.0,0.0,0.0,0.0,0.0,0.0,0.0,0.0,0.0,0.0,0.0,0.0,0.0,0.0,0.0,0.0,0.0,0.0,0.0,0.0,0.0,0.0,0.0,0.0,0.0,0.0,0.0,0.0,0.0,0.0,0.0,0.0,0.0,0.0,0.0,0.0,0.0,0.0,0.0,0.0,0.0,0.37999999999988177,1.0,2.0,3.0,3.0,4.0,4.0,6.0,6.0,7.0,9.0,10.0,11.0,12.0,13.0,14.0,15.0,16.0,17.0,18.0,19.0,20.0,21.0,22.0,23.0,24.0,25.0,26.0,27.0,28.0,29.0,30.0,31.059999999999945,33.0,34.0,35.0,37.0,38.0,45.0,0.0,1000.5333333611488,1000.611764729023,1000.6627451181412,1000.705882370472,1000.745098054409,1000.7843137383461,1000.8313725590706,1000.8901960849762,1000.9568627476692,2001.0,157.8352844238281,165.5937042236328,170.51251373291015,174.34590759277344,177.67314910888672,180.84481811523438,184.0377197265625,187.8188934326172,193.63552703857422,346.31793212890625,206.50163,3.0,test_data/Useful/Validation/sharp sand at 1ft/20241020_170211.jpg,138.0,94.0,24.406552597014183
98,0.0,0.0,0.0,0.0,0.0,0.0,0.0,0.0,0.0,0.0,0.0,0.0,0.0,0.0,0.0,0.0,0.0,0.0,0.0,0.0,0.0,0.0,0.0,0.0,0.0,0.0,0.0,0.0,0.0,0.0,0.0,0.0,0.0,0.0,0.0,0.0,0.0,0.0,0.0,0.0,0.0,0.0,0.0,0.0,0.0,0.0,0.0,0.0,0.0,0.0,0.0,0.0,0.0,0.0,0.0,0.0,0.0,0.0,0.0,0.0,1.0,1.0,2.0,3.0,4.0,5.0,6.0,7.0,7.0,8.0,9.0,10.0,11.0,12.0,13.0,14.0,15.0,16.0,16.0,18.0,19.0,20.0,21.0,22.0,23.0,24.0,25.0,26.0,26.0,27.0,28.0,29.0,30.0,31.0,32.0,33.0,34.0,36.0,38.0,47.0,0.0,1000.5333333611488,1000.6156862974167,1000.678431391716,1000.7254902124405,1000.772549033165,1000.8196078538895,1000.866666674614,1000.9176470637321,1000.9803921580315,2001.0,158.22085571289062,165.90350341796875,170.84666290283204,174.6665252685547,178.00247192382812,181.14828491210938,184.40534362792968,188.14232177734374,194.08494567871094,346.3701171875,207.06976,3.0,test_data/Useful/Validation/sharp sand at 1ft/20241020_170212.jpg,135.0,94.0,29.228094479322202
99,0.0,0.0,0.0,0.0,0.0,0.0,0.0,0.0,0.0,0.0,0.0,0.0,0.0,0.0,0.0,0.0,0.0,0.0,0.0,0.0,0.0,0.0,0.0,0.0,0.0,0.0,0.0,0.0,0.0,0.0,0.0,0.0,0.0,0.0,0.0,0.0,0.0,0.0,0.0,0.0,0.0,0.0,0.0,0.0,0.0,0.0,0.0,0.0,0.0,0.0,0.0,0.0,0.0,0.0,0.0,0.0,0.0,0.0,1.0,1.0,2.0,3.0,3.0,4.0,5.0,6.0,7.0,8.0,9.0,10.0,11.289999999999964,12.0,13.0,15.0,16.0,16.24000000000001,17.0,18.0,19.0,20.0,21.0,22.0,23.0,24.0,24.0,25.0,26.0,27.0,28.0,29.0,30.0,30.0,32.0,32.059999999999945,33.0,34.0,36.0,37.0,39.0,46.0,0.0,1000.5294117927551,1000.6156862974167,1000.6745098233223,1000.7215686440468,1000.7607843279839,1000.8039215803146,1000.8509804010391,1000.9098039269447,1000.972549021244,2001.0,158.0424591064453,165.67243347167968,170.57591094970704,174.36163330078125,177.70037841796875,180.83531799316407,184.10388793945313,187.85455322265625,193.72323608398438,346.3488464355469,205.8801,3.0,test_data/Useful/Validation/sharp sand at 1ft/20241020_170213(0).jpg,124.0,87.0,31.777772949162365
100,0.0,0.0,0.0,0.0,0.0,0.0,0.0,0.0,0.0,0.0,0.0,0.0,0.0,0.0,0.0,0.0,0.0,0.0,0.0,0.0,0.0,0.0,0.0,0.0,0.0,0.0,0.0,0.0,0.0,0.0,0.0,0.0,0.0,0.0,0.0,0.0,0.0,0.0,0.0,0.0,0.0,0.0,0.0,0.0,0.0,0.0,0.0,0.0,0.0,0.0,0.0,0.0,0.0,0.0,0.0,0.0,1.0,1.0,2.0,2.0,3.0,3.3799999999998818,4.0,5.0,6.0,7.0,7.330000000000155,8.0,10.0,11.0,12.0,13.0,14.0,14.0,15.0,16.0,17.0,18.0,19.0,20.0,21.0,22.0,22.0,23.0,24.0,25.0,26.0,27.0,28.0,29.0,30.0,30.0,31.0,32.0,33.0,34.0,35.0,37.0,38.0,43.0,0.0,1000.5372549295425,1000.6235294342041,1000.6823529601097,1000.7294117808342,1000.7764706015587,1000.8235294222832,1000.8705882430077,1000.9215686321259,1000.9843137264252,2001.0,158.24655151367188,165.95584106445312,170.86068725585938,174.70558166503906,177.99163818359375,181.17929077148438,184.45459899902343,188.26100463867186,194.08235778808594,346.3779296875,206.57413,3.0,test_data/Useful/Validation/sharp sand at 1ft/20241020_170213.jpg,137.0,100.0,24.86472513697116
101,0.0,0.0,0.0,0.0,0.0,0.0,0.0,0.0,0.0,0.0,0.0,0.0,0.0,0.0,0.0,0.0,0.0,0.0,0.0,0.0,0.0,0.0,0.0,0.0,0.0,0.0,0.0,0.0,0.0,0.0,0.0,0.0,0.0,0.0,0.0,0.0,0.0,0.0,0.0,0.0,0.0,0.0,0.0,0.0,0.0,0.0,0.0,0.0,0.0,0.0,0.0,0.0,0.0,0.0,0.0,0.0,0.0,0.0,0.0,0.0,0.0,0.0,0.0,0.0,0.0,1.0,2.0,3.0,3.0,4.0,5.0,7.0,8.0,9.0,10.0,11.0,12.0,13.0,15.0,16.0,17.0,18.0,19.0,20.0,21.0,22.0,23.13000000000011,25.0,25.110000000000127,27.0,28.0,29.0,30.0,31.0,32.0,33.0,35.0,36.01999999999998,38.0,48.0,0.0,1000.5764706134796,1000.6392157077789,1000.678431391716,1000.7098039388657,1000.7333333492279,1000.7647058963776,1000.7960784435272,1000.8352941274643,1000.8941176533699,3000.89411765337,157.96145629882812,165.6435119628906,170.53993225097656,174.3804168701172,177.75531005859375,180.87828063964844,184.1228485107422,187.90040588378906,193.81314086914062,346.3525695800781,206.10025,3.0,test_data/Useful/Validation/sharp sand at 1ft/20241020_170214.jpg,133.0,86.0,27.242043654403165
102,0.0,0.0,0.0,0.0,0.0,0.0,0.0,0.0,0.0,0.0,0.0,0.0,0.0,0.0,0.0,0.0,0.0,0.0,0.0,0.0,0.0,0.0,0.0,0.0,0.0,0.0,0.0,0.0,0.0,0.0,0.0,0.0,0.0,0.0,0.0,0.0,0.0,0.0,0.0,0.0,0.0,0.0,0.0,0.0,0.0,0.0,0.0,0.0,0.0,0.0,0.0,0.0,0.0,0.0,0.0,0.0,0.0,0.0,0.0,0.0,0.0,0.0,0.0,0.0,0.0,0.0,0.0,0.0,0.0,0.0,0.0,0.0,0.0,0.0,0.0,1.0,1.0,2.0,3.0,4.0,5.0,6.0,8.0,8.0,10.0,11.0,13.0,14.0,16.0,17.0,19.0,21.0,23.0,25.0,27.0,28.0,30.0,33.0,35.0,42.0,0.0,1000.5215686559677,1000.5921568870544,1000.6392157077789,1000.6745098233223,1000.705882370472,1000.7372549176216,1000.7686274647713,1000.811764717102,1000.8745098114014,2000.9882352948189,158.30042572021483,165.92998657226562,170.81454010009764,174.58260498046874,177.8917465209961,181.03695678710938,184.24332122802733,187.99360046386718,193.6891342163086,346.2522888183594,205.55815,3.0,test_data/Useful/Validation/sharp sand at 1ft/20241020_170215.jpg,105.0,59.0,28.365996888705276
103,0.0,0.0,0.0,0.0,0.0,0.0,0.0,0.0,0.0,0.0,0.0,0.0,0.0,0.0,0.0,0.0,0.0,0.0,0.0,0.0,0.0,0.0,0.0,0.0,0.0,0.0,0.0,0.0,0.0,0.0,0.0,0.0,0.0,0.0,0.0,0.0,0.0,0.0,0.0,0.0,0.0,0.0,0.0,0.0,0.0,0.0,0.0,0.0,0.0,0.0,0.0,0.0,0.0,0.0,0.0,1.0,1.0,2.0,2.0,3.0,4.0,4.0,5.0,6.0,7.0,8.0,9.0,9.320000000000164,10.0,11.0,12.0,13.0,14.0,15.0,15.0,16.0,18.0,18.0,19.0,20.0,21.0,22.0,23.0,24.0,25.0,26.0,26.13000000000011,27.0,28.0,29.0,30.0,30.0,31.0,32.0,33.0,34.0,35.0,36.0,38.0,45.0,0.0,1000.5294117927551,1000.6000000238419,1000.6431372761726,1000.6745098233223,1000.7019608020782,1000.7294117808342,1000.7607843279839,1000.8000000119209,1000.8588235378265,3000.9294117689133,158.227685546875,165.88140869140625,170.71913146972656,174.4595184326172,177.78463745117188,180.94703674316406,184.17550964355468,187.9317413330078,193.86688995361328,346.25543212890625,206.88072,3.0,test_data/Useful/Validation/sharp sand at 1ft/20241020_170216.jpg,168.0,116.0,33.3264496139432
104,0.0,0.0,0.0,0.0,0.0,0.0,0.0,0.0,0.0,0.0,0.0,0.0,0.0,0.0,0.0,0.0,0.0,0.0,0.0,0.0,0.0,0.0,0.0,0.0,0.0,0.0,0.0,0.0,0.0,0.0,0.0,0.0,0.0,0.0,0.0,0.0,0.0,0.0,0.0,0.0,0.0,0.0,0.0,0.0,0.0,0.0,0.0,0.0,0.0,0.0,0.0,0.0,0.0,0.0,0.0,0.0,0.0,1.0,1.0,2.0,2.0,3.0,4.0,5.0,5.0,6.0,7.0,8.0,9.0,10.0,11.0,12.0,13.0,14.0,15.0,16.0,17.0,18.0,19.0,20.0,21.0,22.0,23.0,24.0,25.0,26.0,27.0,27.0,28.0,29.0,30.0,31.0,32.0,33.0,34.0,35.0,36.0,37.0,39.0,45.0,0.0,1000.5294117927551,1000.6078431606293,1000.6588235497475,1000.7019608020782,1000.7333333492279,1000.772549033165,1000.8196078538895,1000.8784313797951,1000.9450980424881,3001.0,158.7062225341797,166.32708740234375,171.1365509033203,174.963134765625,178.24371337890625,181.31292724609375,184.48370361328125,188.26852416992188,194.07630920410156,346.3819580078125,206.77658,3.0,test_data/Useful/Validation/sharp sand at 1ft/20241020_170217(0).jpg,141.0,99.0,36.46116770324437
0,0.0,0.0,0.0,0.0,0.0,0.0,0.0,0.0,0.0,0.0,0.0,0.0,0.0,0.0,0.0,0.0,0.0,0.0,0.0,0.0,0.0,0.0,0.0,0.0,0.0,0.0,0.0,0.0,0.0,0.0,0.0,0.0,0.0,0.0,0.0,0.0,0.0,0.0,0.0,0.0,0.0,0.0,0.0,0.0,0.0,0.0,0.0,0.0,0.0,0.0,0.0,0.0,0.0,0.0,0.0,0.0,0.0,0.0,0.0,1.0,2.0,3.0,3.0,4.0,4.0,6.0,7.0,7.0,8.0,9.0,11.0,12.0,13.0,14.0,15.0,16.0,17.0,17.0,18.0,20.0,21.0,21.179999999999836,23.0,24.0,24.0,25.0,26.0,27.0,28.0,29.0,30.0,31.0,31.0,32.0,33.0,35.0,36.0,37.01999999999998,39.0,46.0,0.0,1000.5803921818733,1000.6431372761726,1000.6823529601097,1000.7098039388657,1000.7372549176216,1000.7647058963776,1000.7960784435272,1000.839215695858,1000.905882358551,2001.0,157.91516876220703,165.59129333496094,170.50965881347656,174.2818603515625,177.63328552246094,180.73770141601562,184.0142822265625,187.81700134277344,193.80445861816406,346.44317626953125,207.47403,3.0,test_data/Useful/Validation/sharp sand at 2ft/20241020_172219.jpg,139.0,100.0,57.019106040214645
1,0.0,0.0,0.0,0.0,0.0,0.0,0.0,0.0,0.0,0.0,0.0,0.0,0.0,0.0,0.0,0.0,0.0,0.0,0.0,0.0,0.0,0.0,0.0,0.0,0.0,0.0,0.0,0.0,0.0,0.0,0.0,0.0,0.0,0.0,0.0,0.0,0.0,0.0,0.0,0.0,0.0,0.0,0.0,0.0,0.0,0.0,0.0,0.0,0.0,0.0,0.0,0.0,0.0,0.0,0.0,0.0,0.0,0.0,0.0,0.0,0.0,0.0,0.0,0.0,0.3500000000001364,1.0,2.0,3.0,4.0,5.0,5.0,7.0,8.0,9.0,10.0,11.0,12.0,14.0,15.0,16.0,17.0,18.0,19.0,20.159999999999854,22.0,23.0,24.13000000000011,26.0,27.0,28.0,29.0,30.0,31.0,32.0,33.0,34.0,36.0,37.0,39.0,47.0,0.0,1000.5490196347237,1000.6274510025978,1000.6705882549286,1000.705882370472,1000.7372549176216,1000.7686274647713,1000.811764717102,1000.866666674614,1000.9411764740944,3001.0,158.58358764648438,166.2906036376953,171.0941925048828,174.9285888671875,178.227294921875,181.346435546875,184.51475524902344,188.22080993652344,193.8191375732422,346.4150695800781,204.91724,3.0,test_data/Useful/Validation/sharp sand at 2ft/20241020_172221.jpg,101.0,79.0,56.809797583558435
2,0.0,0.0,0.0,0.0,0.0,0.0,0.0,0.0,0.0,0.0,0.0,0.0,0.0,0.0,0.0,0.0,0.0,0.0,0.0,0.0,0.0,0.0,0.0,0.0,0.0,0.0,0.0,0.0,0.0,0.0,0.0,0.0,0.0,0.0,0.0,0.0,0.0,0.0,0.0,0.0,0.0,0.0,0.0,0.0,0.0,0.0,0.0,0.0,0.0,0.0,0.0,0.0,0.0,0.0,0.0,0.0,0.0,0.0,0.0,0.0,0.0,0.0,0.0,0.0,0.0,1.0,2.0,3.0,3.0,5.0,5.289999999999964,6.279999999999973,7.269999999999982,9.0,10.0,11.0,12.0,13.0,14.0,15.0,17.0,18.0,19.0,20.0,21.0,22.0,23.0,24.0,25.0,27.0,28.0,29.0,30.0,31.0,32.0,33.0,35.0,36.0,38.0,46.0,0.0,1000.5529412031174,1000.6274510025978,1000.6705882549286,1000.7019608020782,1000.7294117808342,1000.7607843279839,1000.8000000119209,1000.8549019694328,1000.9294117689133,3001.0,158.4666748046875,166.16128540039062,170.98428344726562,174.8209991455078,178.13397216796875,181.2938690185547,184.50833129882812,188.16790466308595,193.84573364257812,346.40850830078125,205.23639,3.0,test_data/Useful/Validation/sharp sand at 2ft/20241020_172222.jpg,103.0,78.0,58.085772252705134
3,0.0,0.0,0.0,0.0,0.0,0.0,0.0,0.0,0.0,0.0,0.0,0.0,0.0,0.0,0.0,0.0,0.0,0.0,0.0,0.0,0.0,0.0,0.0,0.0,0.0,0.0,0.0,0.0,0.0,0.0,0.0,0.0,0.0,0.0,0.0,0.0,0.0,0.0,0.0,0.0,0.0,0.0,0.0,0.0,0.0,0.0,0.0,0.0,0.0,0.0,0.0,0.0,0.0,0.0,0.0,0.0,0.0,0.0,0.0,0.0,0.0,0.0,0.0,0.0,0.0,0.0,0.0,0.0,0.0,0.0,0.0,1.0,2.0,3.0,4.0,5.0,6.0,7.0,8.0,10.0,11.190000000000055,13.0,14.170000000000073,16.0,17.0,18.0,19.0,20.0,22.0,23.0,24.0,25.0,27.0,29.0,31.0,32.0,34.0,36.0,37.0,44.0,0.0,1000.54509806633,1000.6156862974167,1000.6588235497475,1000.6980392336845,1000.7254902124405,1000.7607843279839,1000.8000000119209,1000.8509804010391,1000.9254902005196,3001.0,158.46058959960936,166.15033264160155,171.08689880371094,174.88388671875,178.13632202148438,181.26409912109375,184.46444702148438,188.17434692382812,193.81747436523438,346.3836975097656,204.38776,3.0,test_data/Useful/Validation/sharp sand at 2ft/20241020_172223.jpg,99.0,77.0,63.184766066972905
4,0.0,0.0,0.0,0.0,0.0,0.0,0.0,0.0,0.0,0.0,0.0,0.0,0.0,0.0,0.0,0.0,0.0,0.0,0.0,0.0,0.0,0.0,0.0,0.0,0.0,0.0,0.0,0.0,0.0,0.0,0.0,0.0,0.0,0.0,0.0,0.0,0.0,0.0,0.0,0.0,0.0,0.0,0.0,0.0,0.0,0.0,0.0,0.0,0.0,0.0,0.0,0.0,0.0,0.0,0.0,0.0,0.0,0.0,0.0,0.0,0.0,0.0,0.0,0.0,0.0,0.0,0.0,0.0,0.0,0.0,0.0,0.0,1.0,2.0,3.0,4.0,5.0,6.0,8.0,9.0,10.0,12.0,14.0,15.0,17.0,19.0,20.0,22.0,23.0,25.0,26.0,27.079999999999927,29.0,30.0,32.0,33.0,35.0,37.0,39.00999999999976,48.0,0.0,1000.5411764979362,1000.611764729023,1000.6588235497475,1000.6980392336845,1000.7254902124405,1000.7607843279839,1000.8039215803146,1000.8588235378265,1000.933333337307,3001.0,158.44532623291016,166.1051025390625,170.9614730834961,174.7953308105469,178.10027313232422,181.23448181152344,184.45831298828125,188.15284729003906,193.77567291259766,346.38262939453125,204.71552,3.0,test_data/Useful/Validation/sharp sand at 2ft/20241020_172224.jpg,81.0,59.0,59.52778754584024
5,0.0,0.0,0.0,0.0,0.0,0.0,0.0,0.0,0.0,0.0,0.0,0.0,0.0,0.0,0.0,0.0,0.0,0.0,0.0,0.0,0.0,0.0,0.0,0.0,0.0,0.0,0.0,0.0,0.0,0.0,0.0,0.0,0.0,0.0,0.0,0.0,0.0,0.0,0.0,0.0,0.0,0.0,0.0,0.0,0.0,0.0,0.0,0.0,0.0,0.0,0.0,0.0,0.0,0.0,0.0,0.0,0.0,0.0,0.0,0.0,0.0,0.0,0.0,0.0,0.0,0.0,0.0,0.0,0.0,0.0,0.0,0.0,0.0,0.0,0.0,0.0,1.0,1.0,2.0,3.0,4.0,5.0,7.0,8.0,10.0,11.0,13.0,15.0,17.0,20.0,21.0,22.079999999999927,24.0,26.0,28.0,30.0,32.0,35.0,38.0,44.0,0.0,1000.5490196347237,1000.6196078658104,1000.6627451181412,1000.6980392336845,1000.7294117808342,1000.7647058963776,1000.8039215803146,1000.8549019694328,1000.9294117689133,3001.0,158.35487365722656,166.07174682617188,170.88449096679688,174.69827270507812,177.96792602539062,181.06617126464843,184.24209747314453,187.94454956054688,193.55848693847656,346.40728759765625,204.46848,3.0,test_data/Useful/Validation/sharp sand at 2ft/20241020_172225.jpg,81.0,55.0,63.2811854360524
6,0.0,0.0,0.0,0.0,0.0,0.0,0.0,0.0,0.0,0.0,0.0,0.0,0.0,0.0,0.0,0.0,0.0,0.0,0.0,0.0,0.0,0.0,0.0,0.0,0.0,0.0,0.0,0.0,0.0,0.0,0.0,0.0,0.0,0.0,0.0,0.0,0.0,0.0,0.0,0.0,0.0,0.0,0.0,0.0,0.0,0.0,0.0,0.0,0.0,0.0,0.0,0.0,0.0,0.0,0.0,0.0,0.0,0.0,0.0,0.0,0.0,0.0,0.0,0.0,0.0,0.0,0.0,0.0,0.0,0.0,0.0,0.0,0.0,1.0,2.0,3.0,4.0,5.0,6.0,7.0,9.0,10.0,11.0,13.0,15.0,17.0,18.13000000000011,20.0,21.0,22.0,24.0,25.0,26.0,27.0,29.0,31.0,33.0,36.0,38.0,46.0,0.0,1000.5411764979362,1000.6156862974167,1000.6588235497475,1000.6980392336845,1000.7254902124405,1000.7607843279839,1000.8000000119209,1000.8549019694328,1000.9254902005196,3000.9803921580315,158.62310791015625,166.1600341796875,171.07136993408204,174.8482635498047,178.14889526367188,181.26141967773438,184.44326782226562,188.1319580078125,193.66799926757812,346.3819885253906,204.61165,3.0,test_data/Useful/Validation/sharp sand at 2ft/20241020_172226.jpg,77.0,61.0,53.77543794436337
7,0.0,0.0,0.0,0.0,0.0,0.0,0.0,0.0,0.0,0.0,0.0,0.0,0.0,0.0,0.0,0.0,0.0,0.0,0.0,0.0,0.0,0.0,0.0,0.0,0.0,0.0,0.0,0.0,0.0,0.0,0.0,0.0,0.0,0.0,0.0,0.0,0.0,0.0,0.0,0.0,0.0,0.0,0.0,0.0,0.0,0.0,0.0,0.0,0.0,0.0,0.0,0.0,0.0,0.0,0.0,0.0,0.0,0.0,0.0,0.0,0.0,0.0,0.0,0.0,0.0,0.0,0.0,0.0,0.0,0.0,1.0,1.0,2.0,3.0,4.0,5.0,6.0,7.0,8.0,10.0,11.0,13.0,14.0,15.0,16.0,18.0,19.0,20.0,22.0,23.0,24.0,26.0,27.0,29.0,31.0,32.0,34.0,36.0,38.0,45.0,0.0,1000.54509806633,1000.6156862974167,1000.6588235497475,1000.6941176652908,1000.7254902124405,1000.7607843279839,1000.8039215803146,1000.8588235378265,1000.933333337307,3000.9960784316063,158.58057098388673,166.25073852539063,171.11241912841797,174.94483337402343,178.2699737548828,181.41258239746094,184.60147094726562,188.24957275390625,193.84368896484375,346.3902282714844,204.36884,3.0,test_data/Useful/Validation/sharp sand at 2ft/20241020_172228.jpg,96.0,71.0,62.10189902642944
8,0.0,0.0,0.0,0.0,0.0,0.0,0.0,0.0,0.0,0.0,0.0,0.0,0.0,0.0,0.0,0.0,0.0,0.0,0.0,0.0,0.0,0.0,0.0,0.0,0.0,0.0,0.0,0.0,0.0,0.0,0.0,0.0,0.0,0.0,0.0,0.0,0.0,0.0,0.0,0.0,0.0,0.0,0.0,0.0,0.0,0.0,0.0,0.0,0.0,0.0,0.0,0.0,0.0,0.0,0.0,0.0,0.0,0.0,0.0,0.0,0.0,0.0,0.0,0.0,0.0,0.0,0.0,0.0,0.0,0.0,0.0,0.0,1.0,1.0,2.0,3.0,5.0,6.0,8.0,9.0,10.0,11.0,12.0,14.0,16.0,17.139999999999873,20.0,21.0,22.0,24.0,25.0,27.0,28.0,29.059999999999945,31.0,33.0,34.0,36.0,38.0,47.0,0.0,1000.54509806633,1000.6156862974167,1000.6627451181412,1000.6980392336845,1000.7294117808342,1000.7686274647713,1000.8156862854958,1000.8745098114014,1000.9490196108818,3000.9960784316063,158.49635314941406,166.16896057128906,170.91896057128906,174.7647705078125,178.09063720703125,181.20306396484375,184.4001007080078,188.10208129882812,193.75253295898438,346.4162902832031,204.40765,3.0,test_data/Useful/Validation/sharp sand at 2ft/20241020_172230.jpg,87.0,58.0,65.02391589650861
9,0.0,0.0,0.0,0.0,0.0,0.0,0.0,0.0,0.0,0.0,0.0,0.0,0.0,0.0,0.0,0.0,0.0,0.0,0.0,0.0,0.0,0.0,0.0,0.0,0.0,0.0,0.0,0.0,0.0,0.0,0.0,0.0,0.0,0.0,0.0,0.0,0.0,0.0,0.0,0.0,0.0,0.0,0.0,0.0,0.0,0.0,0.0,0.0,0.0,0.0,0.0,0.0,0.0,0.0,0.0,0.0,0.0,0.0,0.0,0.0,0.0,0.0,0.0,0.0,0.0,0.0,0.0,1.0,1.0,2.0,3.0,4.0,5.0,6.0,7.0,8.0,9.0,10.0,11.0,13.0,14.0,16.0,17.0,18.0,19.0,21.0,23.0,24.0,25.110000000000127,27.0,28.0,29.0,30.0,31.0,32.0,33.0,35.0,37.0,39.0,45.0,0.0,1000.5490196347237,1000.6196078658104,1000.6627451181412,1000.6980392336845,1000.7254902124405,1000.7607843279839,1000.8039215803146,1000.8588235378265,1000.9372549057007,2001.0,158.54669494628905,166.12948608398438,170.97930297851562,174.70444946289064,178.0403060913086,181.12774658203125,184.33575439453125,188.07559204101562,193.72775573730468,346.3963623046875,204.89136,3.0,test_data/Useful/Validation/sharp sand at 2ft/20241020_172231.jpg,87.0,68.0,58.80799766772635
10,0.0,0.0,0.0,0.0,0.0,0.0,0.0,0.0,0.0,0.0,0.0,0.0,0.0,0.0,0.0,0.0,0.0,0.0,0.0,0.0,0.0,0.0,0.0,0.0,0.0,0.0,0.0,0.0,0.0,0.0,0.0,0.0,0.0,0.0,0.0,0.0,0.0,0.0,0.0,0.0,0.0,0.0,0.0,0.0,0.0,0.0,0.0,0.0,0.0,0.0,0.0,0.0,0.0,0.0,0.0,0.0,0.0,0.0,0.0,0.0,0.0,0.0,1.0,2.0,3.0,4.0,5.0,5.0,6.0,7.0,8.0,9.0,10.0,12.0,13.0,14.0,15.0,16.0,17.0,19.0,19.0,20.0,22.0,23.0,24.0,25.0,26.13000000000011,27.0,28.0,29.0,30.0,31.0,32.0,33.0,34.0,35.0,37.0,38.0,40.0,47.0,0.0,1000.54509806633,1000.611764729023,1000.6549019813538,1000.6901960968971,1000.7215686440468,1000.7529411911964,1000.7960784435272,1000.8509804010391,1000.9294117689133,2001.0,158.21087951660155,165.9011688232422,170.72036743164062,174.55133056640625,177.85055541992188,180.98086547851562,184.19693298339843,187.961669921875,193.76907348632812,346.38275146484375,206.13123,3.0,test_data/Useful/Validation/sharp sand at 2ft/20241020_172232.jpg,108.0,79.0,66.97139083825961
11,0.0,0.0,0.0,0.0,0.0,0.0,0.0,0.0,0.0,0.0,0.0,0.0,0.0,0.0,0.0,0.0,0.0,0.0,0.0,0.0,0.0,0.0,0.0,0.0,0.0,0.0,0.0,0.0,0.0,0.0,0.0,0.0,0.0,0.0,0.0,0.0,0.0,0.0,0.0,0.0,0.0,0.0,0.0,0.0,0.0,0.0,0.0,0.0,0.0,0.0,0.0,0.0,0.0,0.0,0.0,0.0,0.0,0.0,0.0,0.0,0.0,0.0,0.0,0.0,0.0,0.0,0.0,0.0,1.0,1.0,2.0,3.0,5.0,6.0,8.0,9.0,10.0,11.0,13.0,14.0,15.0,17.0,18.0,19.0,21.0,22.0,23.0,24.0,25.0,26.0,27.0,28.0,30.0,31.0,32.0,34.0,35.0,36.0,38.0,44.0,0.0,1000.5372549295425,1000.6078431606293,1000.6549019813538,1000.6980392336845,1000.7333333492279,1000.772549033165,1000.8196078538895,1000.8784313797951,1000.9529411792755,2001.0,158.19376220703126,165.8448944091797,170.6559631347656,174.4626892089844,177.79774475097656,180.90084838867188,184.09442901611328,187.8571319580078,193.692626953125,346.3995056152344,206.17276,3.0,test_data/Useful/Validation/sharp sand at 2ft/20241020_172233.jpg,100.0,68.0,57.00089811037359
12,0.0,0.0,0.0,0.0,0.0,0.0,0.0,0.0,0.0,0.0,0.0,0.0,0.0,0.0,0.0,0.0,0.0,0.0,0.0,0.0,0.0,0.0,0.0,0.0,0.0,0.0,0.0,0.0,0.0,0.0,0.0,0.0,0.0,0.0,0.0,0.0,0.0,0.0,0.0,0.0,0.0,0.0,0.0,0.0,0.0,0.0,0.0,0.0,0.0,0.0,0.0,0.0,0.0,0.0,0.0,0.0,0.0,0.0,0.0,0.0,0.0,0.0,0.0,0.0,0.0,0.0,1.0,2.0,3.0,3.0,5.0,6.0,7.0,8.0,9.0,10.0,11.0,12.220000000000027,14.0,15.0,16.0,17.0,19.0,21.0,22.0,23.0,24.0,26.0,26.0,27.0,28.0,29.0,30.070000000000164,32.0,33.0,34.0,36.0,37.0,39.0,43.0,0.0,1000.5568627715111,1000.6274510025978,1000.6705882549286,1000.7098039388657,1000.7411764860153,1000.7803921699524,1000.8235294222832,1000.8823529481888,1000.9568627476692,3001.0,158.3192596435547,165.88986206054688,170.78907623291016,174.5671630859375,177.87630462646484,180.99814453125,184.19576416015624,187.94360961914063,193.75146484375,346.4411926269531,204.90753,3.0,test_data/Useful/Validation/sharp sand at 2ft/20241020_172234.jpg,106.0,75.0,58.32255971222306
13,0.0,0.0,0.0,0.0,0.0,0.0,0.0,0.0,0.0,0.0,0.0,0.0,0.0,0.0,0.0,0.0,0.0,0.0,0.0,0.0,0.0,0.0,0.0,0.0,0.0,0.0,0.0,0.0,0.0,0.0,0.0,0.0,0.0,0.0,0.0,0.0,0.0,0.0,0.0,0.0,0.0,0.0,0.0,0.0,0.0,0.0,0.0,0.0,0.0,0.0,0.0,0.0,0.0,0.0,0.0,0.0,0.0,0.0,0.0,0.0,0.0,0.0,0.0,0.0,0.0,0.0,0.0,0.0,0.0,0.0,0.0,0.0,0.0,1.0,2.0,3.0,4.0,5.0,6.0,7.0,9.0,10.0,12.0,13.0,15.0,17.0,18.0,20.0,21.0,23.0,24.0,25.0,26.0,28.0,29.0,31.0,32.0,35.0,37.0,44.0,0.0,1000.5764706134796,1000.6431372761726,1000.6862745285034,1000.7215686440468,1000.7529411911964,1000.7882353067398,1000.8313725590706,1000.8901960849762,1000.9607843160629,3001.0,158.5697479248047,166.2166748046875,171.07622680664062,174.8347412109375,178.16847229003906,181.27208862304687,184.48843078613282,188.22201538085938,193.84011840820312,346.4856262207031,204.63388,3.0,test_data/Useful/Validation/sharp sand at 2ft/20241020_172235.jpg,96.0,67.0,53.98969373502818
14,0.0,0.0,0.0,0.0,0.0,0.0,0.0,0.0,0.0,0.0,0.0,0.0,0.0,0.0,0.0,0.0,0.0,0.0,0.0,0.0,0.0,0.0,0.0,0.0,0.0,0.0,0.0,0.0,0.0,0.0,0.0,0.0,0.0,0.0,0.0,0.0,0.0,0.0,0.0,0.0,0.0,0.0,0.0,0.0,0.0,0.0,0.0,0.0,0.0,0.0,0.0,0.0,0.0,0.0,0.0,0.0,0.0,0.0,0.0,0.0,0.0,0.0,0.0,0.0,0.0,0.0,0.0,0.0,0.0,0.0,0.0,0.0,1.0,2.0,3.0,4.0,5.0,6.0,8.0,9.0,10.190000000000055,12.0,13.0,14.0,15.0,17.0,18.0,20.0,21.0,23.0,24.0,26.0,27.0,29.0,30.049999999999727,32.0,34.0,35.0,38.0,47.0,0.0,1000.5490196347237,1000.6274510025978,1000.6745098233223,1000.7137255072594,1000.7529411911964,1000.7960784435272,1000.8470588326454,1000.905882358551,1000.9764705896378,3001.0,158.7986297607422,166.46526794433595,171.28579559326172,175.07562561035155,178.3935546875,181.52923583984375,184.74874877929688,188.43443298339844,193.99530029296875,346.4697570800781,204.2704,3.0,test_data/Useful/Validation/sharp sand at 2ft/20241020_172236.jpg,87.0,59.0,58.90182264861456
15,0.0,0.0,0.0,0.0,0.0,0.0,0.0,0.0,0.0,0.0,0.0,0.0,0.0,0.0,0.0,0.0,0.0,0.0,0.0,0.0,0.0,0.0,0.0,0.0,0.0,0.0,0.0,0.0,0.0,0.0,0.0,0.0,0.0,0.0,0.0,0.0,0.0,0.0,0.0,0.0,0.0,0.0,0.0,0.0,0.0,0.0,0.0,0.0,0.0,0.0,0.0,0.0,0.0,0.0,0.0,0.0,0.0,0.0,0.0,0.0,0.0,0.0,0.0,0.0,0.0,0.0,0.0,1.0,2.0,2.0,3.0,4.0,5.0,6.0,7.0,9.0,10.0,11.0,13.0,14.0,15.0,16.0,17.170000000000073,18.0,20.0,21.0,22.0,24.0,25.0,26.09999999999991,28.0,28.0,29.0,31.0,32.0,33.0,34.0,36.0,38.0,47.0,0.0,1000.5647059082985,1000.6352941393852,1000.6745098233223,1000.7098039388657,1000.7411764860153,1000.7764706015587,1000.8196078538895,1000.8745098114014,1000.9529411792755,3001.0,158.44314575195312,166.16376342773438,170.96658477783203,174.83389282226562,178.12506103515625,181.25271606445312,184.48037719726562,188.17498779296875,193.809326171875,346.4508361816406,204.7685,3.0,test_data/Useful/Validation/sharp sand at 2ft/20241020_172237(0).jpg,108.0,76.0,56.2311194255527
16,0.0,0.0,0.0,0.0,0.0,0.0,0.0,0.0,0.0,0.0,0.0,0.0,0.0,0.0,0.0,0.0,0.0,0.0,0.0,0.0,0.0,0.0,0.0,0.0,0.0,0.0,0.0,0.0,0.0,0.0,0.0,0.0,0.0,0.0,0.0,0.0,0.0,0.0,0.0,0.0,0.0,0.0,0.0,0.0,0.0,0.0,0.0,0.0,0.0,0.0,0.0,0.0,0.0,0.0,0.0,0.0,0.0,0.0,0.0,0.0,0.0,0.0,0.0,0.0,0.0,0.0,0.0,0.0,0.0,0.0,0.0,0.0,0.0,0.0,0.0,0.0,2.0,2.0,4.0,5.0,6.0,8.0,9.0,10.0,11.150000000000091,13.0,15.0,18.0,20.0,21.09999999999991,23.0,25.0,27.0,28.0,30.0,31.0,33.0,35.01999999999998,38.0,48.0,0.0,1000.6000000238419,1000.6588235497475,1000.7019608020782,1000.7294117808342,1000.7607843279839,1000.7921568751335,1000.8313725590706,1000.8823529481888,1000.9568627476692,2001.0,158.50885009765625,166.0852020263672,170.9908233642578,174.8191711425781,178.13156127929688,181.25006103515625,184.4988250732422,188.1744415283203,193.7167190551758,346.53460693359375,204.05106,3.0,test_data/Useful/Validation/sharp sand at 2ft/20241020_172306.jpg,75.0,57.0,66.12275835900074
17,0.0,0.0,0.0,0.0,0.0,0.0,0.0,0.0,0.0,0.0,0.0,0.0,0.0,0.0,0.0,0.0,0.0,0.0,0.0,0.0,0.0,0.0,0.0,0.0,0.0,0.0,0.0,0.0,0.0,0.0,0.0,0.0,0.0,0.0,0.0,0.0,0.0,0.0,0.0,0.0,0.0,0.0,0.0,0.0,0.0,0.0,0.0,0.0,0.0,0.0,0.0,0.0,0.0,0.0,0.0,0.0,0.0,0.0,0.0,0.0,0.0,0.0,0.0,0.0,0.0,0.0,0.0,0.0,0.0,0.0,1.0,1.0,3.0,4.0,4.0,6.0,7.0,8.0,10.0,11.0,12.0,13.0,15.0,16.0,17.0,18.0,21.0,22.0,23.110000000000127,25.0,26.0,28.0,29.0,30.0,31.049999999999727,33.0,35.0,36.0,39.0,48.0,0.0,1000.5764706134796,1000.6431372761726,1000.6862745285034,1000.7137255072594,1000.745098054409,1000.7764706015587,1000.8196078538895,1000.8784313797951,1000.9568627476692,3001.0,158.4357482910156,166.08746032714845,170.94890289306642,174.8278045654297,178.1098175048828,181.2330780029297,184.4177047729492,188.12173767089843,193.74258422851562,346.473388671875,204.93668,3.0,test_data/Useful/Validation/sharp sand at 2ft/20241020_172307.jpg,87.0,64.0,61.785866858836116
18,0.0,0.0,0.0,0.0,0.0,0.0,0.0,0.0,0.0,0.0,0.0,0.0,0.0,0.0,0.0,0.0,0.0,0.0,0.0,0.0,0.0,0.0,0.0,0.0,0.0,0.0,0.0,0.0,0.0,0.0,0.0,0.0,0.0,0.0,0.0,0.0,0.0,0.0,0.0,0.0,0.0,0.0,0.0,0.0,0.0,0.0,0.0,0.0,0.0,0.0,0.0,0.0,0.0,0.0,0.0,0.0,0.0,0.0,0.0,0.0,0.0,0.0,0.0,0.0,0.0,0.0,0.0,0.0,0.0,0.0,0.0,0.0,1.0,1.0,2.0,3.0,4.0,5.0,6.0,7.0,9.0,10.0,12.0,13.0,14.0,16.0,17.0,18.0,20.0,22.0,23.0,25.0,26.0,28.0,30.0,31.0,33.0,34.0,37.0,42.0,0.0,1000.5725490450859,1000.6392157077789,1000.6823529601097,1000.7137255072594,1000.745098054409,1000.7803921699524,1000.8235294222832,1000.8823529481888,1000.9607843160629,3001.0,158.30392456054688,166.12255859375,170.952392578125,174.7855224609375,178.09613037109375,181.21652221679688,184.3984832763672,188.08822631835938,193.7526092529297,346.47271728515625,205.09,3.0,test_data/Useful/Validation/sharp sand at 2ft/20241020_172308.jpg,96.0,66.0,64.67637877070025
19,0.0,0.0,0.0,0.0,0.0,0.0,0.0,0.0,0.0,0.0,0.0,0.0,0.0,0.0,0.0,0.0,0.0,0.0,0.0,0.0,0.0,0.0,0.0,0.0,0.0,0.0,0.0,0.0,0.0,0.0,0.0,0.0,0.0,0.0,0.0,0.0,0.0,0.0,0.0,0.0,0.0,0.0,0.0,0.0,0.0,0.0,0.0,0.0,0.0,0.0,0.0,0.0,0.0,0.0,0.0,0.0,0.0,0.0,0.0,0.0,0.0,0.0,0.0,0.0,0.0,0.0,0.0,0.0,0.0,1.0,1.2899999999999636,2.0,3.0,4.0,5.0,6.0,7.0,8.0,9.0,10.0,11.0,13.0,14.0,15.159999999999854,16.0,18.0,20.0,21.0,23.0,24.0,26.0,27.079999999999927,29.0,30.0,31.0,32.039999999999964,34.0,35.0,38.0,44.0,0.0,1000.5764706134796,1000.6470588445663,1000.6901960968971,1000.7215686440468,1000.7529411911964,1000.7882353067398,1000.8274509906769,1000.8862745165825,1000.9647058844566,3000.949019610882,158.3070861816406,165.99412841796874,170.85261993408204,174.7020690917969,178.02359771728516,181.12108154296874,184.3367446899414,188.06668701171876,193.7120361328125,346.48590087890625,205.31302,3.0,test_data/Useful/Validation/sharp sand at 2ft/20241020_172309.jpg,99.0,70.0,65.53729076420936
20,0.0,0.0,0.0,0.0,0.0,0.0,0.0,0.0,0.0,0.0,0.0,0.0,0.0,0.0,0.0,0.0,0.0,0.0,0.0,0.0,0.0,0.0,0.0,0.0,0.0,0.0,0.0,0.0,0.0,0.0,0.0,0.0,0.0,0.0,0.0,0.0,0.0,0.0,0.0,0.0,0.0,0.0,0.0,0.0,0.0,0.0,0.0,0.0,0.0,0.0,0.0,0.0,0.0,0.0,0.0,0.0,0.0,0.0,0.0,0.0,0.0,0.0,0.0,0.0,0.0,0.0,0.0,0.0,0.0,0.0,1.0,2.0,3.0,4.0,5.25,7.0,8.0,10.0,11.0,13.0,14.0,16.0,18.0,19.0,20.0,22.0,23.0,24.0,25.0,27.0,28.0,29.0,30.0,31.0,32.0,33.039999999999964,35.0,36.0,39.0,49.0,0.0,1000.5725490450859,1000.6431372761726,1000.6862745285034,1000.7176470756531,1000.7490196228027,1000.7843137383461,1000.8235294222832,1000.8745098114014,1000.9490196108818,3001.0,158.0554962158203,165.80996704101562,170.7042694091797,174.47836303710938,177.79345703125,180.968798828125,184.16568298339843,187.87387084960938,193.55017700195313,346.47930908203125,204.40309,3.0,test_data/Useful/Validation/sharp sand at 2ft/20241020_172310(0).jpg,92.0,68.0,56.67268472784524
21,0.0,0.0,0.0,0.0,0.0,0.0,0.0,0.0,0.0,0.0,0.0,0.0,0.0,0.0,0.0,0.0,0.0,0.0,0.0,0.0,0.0,0.0,0.0,0.0,0.0,0.0,0.0,0.0,0.0,0.0,0.0,0.0,0.0,0.0,0.0,0.0,0.0,0.0,0.0,0.0,0.0,0.0,0.0,0.0,0.0,0.0,0.0,0.0,0.0,0.0,0.0,0.0,0.0,0.0,0.0,0.0,0.0,0.0,0.0,0.0,0.0,0.0,0.0,0.0,0.0,0.0,0.0,0.0,1.0,1.2999999999999545,2.0,3.0,4.0,5.0,6.0,8.0,9.0,10.0,12.0,13.0,15.0,16.0,18.0,19.0,20.0,21.0,23.0,25.0,26.0,27.0,28.0,30.0,31.0,32.0,33.0,34.0,35.0,36.0,39.0,44.0,0.0,1000.5725490450859,1000.6392157077789,1000.6823529601097,1000.7137255072594,1000.7411764860153,1000.772549033165,1000.811764717102,1000.866666674614,1000.9450980424881,3001.0,158.276611328125,165.98458862304688,170.85492248535155,174.6740295410156,177.9875259399414,181.08381042480468,184.29379577636718,188.01416015625,193.6041259765625,346.4624328613281,205.31297,3.0,test_data/Useful/Validation/sharp sand at 2ft/20241020_172310.jpg,103.0,73.0,55.39424517109592
22,0.0,0.0,0.0,0.0,0.0,0.0,0.0,0.0,0.0,0.0,0.0,0.0,0.0,0.0,0.0,0.0,0.0,0.0,0.0,0.0,0.0,0.0,0.0,0.0,0.0,0.0,0.0,0.0,0.0,0.0,0.0,0.0,0.0,0.0,0.0,0.0,0.0,0.0,0.0,0.0,0.0,0.0,0.0,0.0,0.0,0.0,0.0,0.0,0.0,0.0,0.0,0.0,0.0,0.0,0.0,0.0,0.0,0.0,0.0,0.0,0.0,0.0,0.0,0.0,0.0,1.0,2.0,3.0,4.0,5.0,6.0,8.0,9.0,10.0,12.0,13.0,13.0,15.0,16.0,17.0,19.0,20.0,21.0,22.0,23.0,24.0,25.0,26.0,27.0,29.0,30.0,31.0,32.0,33.0,34.0,35.0,37.0,38.0,39.0,44.0,0.0,1000.584313750267,1000.65098041296,1000.6941176652908,1000.7254902124405,1000.7568627595901,1000.7921568751335,1000.8313725590706,1000.8823529481888,1000.9529411792755,3001.0,158.2256317138672,165.90725708007812,170.76800537109375,174.56261291503907,177.8681182861328,180.9884490966797,184.18658447265625,187.90281677246094,193.59054565429688,346.5014343261719,204.82245,3.0,test_data/Useful/Validation/sharp sand at 2ft/20241020_172311.jpg,95.0,71.0,64.97372957495826
23,0.0,0.0,0.0,0.0,0.0,0.0,0.0,0.0,0.0,0.0,0.0,0.0,0.0,0.0,0.0,0.0,0.0,0.0,0.0,0.0,0.0,0.0,0.0,0.0,0.0,0.0,0.0,0.0,0.0,0.0,0.0,0.0,0.0,0.0,0.0,0.0,0.0,0.0,0.0,0.0,0.0,0.0,0.0,0.0,0.0,0.0,0.0,0.0,0.0,0.0,0.0,0.0,0.0,0.0,0.0,0.0,0.0,0.0,0.0,0.0,0.0,0.0,0.0,0.0,0.0,0.0,0.0,0.0,0.0,0.0,0.0,0.0,0.0,0.0,0.0,0.0,0.0,0.0,0.0,0.0,1.0,2.0,4.0,5.0,7.0,9.0,10.0,13.0,15.0,17.0,19.0,21.0,23.0,25.0,28.0,29.0,31.0,33.01999999999998,36.0,44.0,0.0,1000.6000000238419,1000.6666666865349,1000.7098039388657,1000.745098054409,1000.7803921699524,1000.8196078538895,1000.8627451062202,1000.9176470637321,1000.9843137264252,3001.0,158.57843627929688,166.2740905761719,171.13352966308594,174.9097412109375,178.23673248291016,181.3194580078125,184.48794555664062,188.182373046875,193.63973999023438,346.5663146972656,203.6769,3.0,test_data/Useful/Validation/sharp sand at 2ft/20241020_172315(0).jpg,69.0,44.0,57.27191937837743
24,0.0,0.0,0.0,0.0,0.0,0.0,0.0,0.0,0.0,0.0,0.0,0.0,0.0,0.0,0.0,0.0,0.0,0.0,0.0,0.0,0.0,0.0,0.0,0.0,0.0,0.0,0.0,0.0,0.0,0.0,0.0,0.0,0.0,0.0,0.0,0.0,0.0,0.0,0.0,0.0,0.0,0.0,0.0,0.0,0.0,0.0,0.0,0.0,0.0,0.0,0.0,0.0,0.0,0.0,0.0,0.0,0.0,0.0,0.0,0.0,0.0,0.0,0.0,0.0,0.0,0.0,0.0,0.0,0.0,0.0,0.0,0.0,1.0,2.0,3.0,3.0,5.0,6.0,7.0,8.0,10.0,11.0,13.0,15.0,17.0,18.0,20.0,21.0,23.0,24.0,26.0,27.0,28.0,30.0,31.0,32.0,34.0,36.0,38.0,45.0,0.0,1000.6156862974167,1000.678431391716,1000.7176470756531,1000.7529411911964,1000.7803921699524,1000.811764717102,1000.8509804010391,1000.9019607901573,1000.9686274528503,3001.0,158.31265258789062,165.92742919921875,170.81947326660156,174.597412109375,177.9025421142578,181.07772827148438,184.26603240966796,188.00057373046874,193.4674560546875,346.5765075683594,203.99203,3.0,test_data/Useful/Validation/sharp sand at 2ft/20241020_172315.jpg,87.0,65.0,61.141636620393484
25,0.0,0.0,0.0,0.0,0.0,0.0,0.0,0.0,0.0,0.0,0.0,0.0,0.0,0.0,0.0,0.0,0.0,0.0,0.0,0.0,0.0,0.0,0.0,0.0,0.0,0.0,0.0,0.0,0.0,0.0,0.0,0.0,0.0,0.0,0.0,0.0,0.0,0.0,0.0,0.0,0.0,0.0,0.0,0.0,0.0,0.0,0.0,0.0,0.0,0.0,0.0,0.0,0.0,0.0,0.0,0.0,0.0,0.0,0.0,0.0,0.0,0.0,0.0,0.0,0.0,0.0,0.0,0.0,0.0,0.0,0.0,0.0,0.0,1.0,2.0,3.0,4.0,5.0,7.0,8.0,9.0,11.0,13.0,14.0,16.0,18.0,19.0,20.0,22.0,24.0,25.0,27.0,28.0,30.0,32.0,33.0,34.0,36.0,38.0,45.0,0.0,1000.65098041296,1000.705882370472,1000.745098054409,1000.772549033165,1000.8000000119209,1000.8235294222832,1000.8470588326454,1000.8823529481888,1000.933333337307,3000.949019610882,157.6353775024414,165.2973205566406,170.090869140625,173.85662536621095,177.17125701904297,180.2695068359375,183.52010192871094,187.24085998535156,192.9849090576172,346.63812255859375,205.29189,3.0,test_data/Useful/Validation/sharp sand at 2ft/20241020_172340_001.jpg,87.0,58.0,58.60124643305993
26,0.0,0.0,0.0,0.0,0.0,0.0,0.0,0.0,0.0,0.0,0.0,0.0,0.0,0.0,0.0,0.0,0.0,0.0,0.0,0.0,0.0,0.0,0.0,0.0,0.0,0.0,0.0,0.0,0.0,0.0,0.0,0.0,0.0,0.0,0.0,0.0,0.0,0.0,0.0,0.0,0.0,0.0,0.0,0.0,0.0,0.0,0.0,0.0,0.0,0.0,0.0,0.0,0.0,0.0,0.0,0.0,0.0,0.0,0.0,0.0,0.0,0.0,0.0,0.0,0.0,0.0,0.0,0.0,0.0,0.0,0.0,0.0,0.0,1.0,1.0,2.0,3.0,4.0,5.0,7.0,8.0,9.0,11.0,12.0,13.150000000000091,15.0,16.0,18.0,20.0,22.0,23.0,25.0,26.0,28.0,30.0,31.0,33.0,34.0,37.0,43.0,0.0,1000.65098041296,1000.705882370472,1000.745098054409,1000.772549033165,1000.8000000119209,1000.8235294222832,1000.8470588326454,1000.8823529481888,1000.933333337307,3000.407843142748,157.5803680419922,165.24420166015625,170.10308837890625,173.87045288085938,177.17750549316406,180.32210388183594,183.54483489990236,187.26312866210938,192.96632385253906,346.6326599121094,205.23254,3.0,test_data/Useful/Validation/sharp sand at 2ft/20241020_172340_002.jpg,88.0,67.0,60.31524395468311
27,0.0,0.0,0.0,0.0,0.0,0.0,0.0,0.0,0.0,0.0,0.0,0.0,0.0,0.0,0.0,0.0,0.0,0.0,0.0,0.0,0.0,0.0,0.0,0.0,0.0,0.0,0.0,0.0,0.0,0.0,0.0,0.0,0.0,0.0,0.0,0.0,0.0,0.0,0.0,0.0,0.0,0.0,0.0,0.0,0.0,0.0,0.0,0.0,0.0,0.0,0.0,0.0,0.0,0.0,0.0,0.0,0.0,0.0,0.0,0.0,0.0,0.0,0.0,0.0,0.0,0.0,0.0,0.0,0.0,0.0,0.0,0.0,1.0,2.0,3.0,4.0,5.0,6.220000000000027,8.0,9.0,10.190000000000055,11.179999999999836,13.0,14.0,16.0,18.0,19.0,20.0,21.0,23.0,24.090000000000146,26.0,27.0,28.0,30.0,31.0,33.0,35.0,38.0,48.0,0.0,1000.6470588445663,1000.705882370472,1000.7411764860153,1000.772549033165,1000.8000000119209,1000.8235294222832,1000.8509804010391,1000.8823529481888,1000.933333337307,3000.3490196168423,157.69985961914062,165.2656677246094,170.0788116455078,173.8719482421875,177.19094848632812,180.2964599609375,183.51858978271486,187.20924072265626,192.85319976806642,346.63720703125,205.32504,3.0,test_data/Useful/Validation/sharp sand at 2ft/20241020_172340_003.jpg,79.0,55.0,58.71668725646276
28,0.0,0.0,0.0,0.0,0.0,0.0,0.0,0.0,0.0,0.0,0.0,0.0,0.0,0.0,0.0,0.0,0.0,0.0,0.0,0.0,0.0,0.0,0.0,0.0,0.0,0.0,0.0,0.0,0.0,0.0,0.0,0.0,0.0,0.0,0.0,0.0,0.0,0.0,0.0,0.0,0.0,0.0,0.0,0.0,0.0,0.0,0.0,0.0,0.0,0.0,0.0,0.0,0.0,0.0,0.0,0.0,0.0,0.0,0.0,0.0,0.0,0.0,0.0,0.0,0.0,0.0,0.0,0.0,0.0,0.0,0.0,0.0,0.0,0.0,0.0,0.0,1.0,2.0,3.0,4.0,5.0,7.0,8.170000000000073,10.0,12.0,13.0,15.0,16.0,18.0,19.09999999999991,21.0,23.0,25.0,27.0,28.0,30.0,32.0,34.0,37.0,46.0,0.0,1000.6431372761726,1000.7019608020782,1000.7411764860153,1000.772549033165,1000.8000000119209,1000.8235294222832,1000.8509804010391,1000.8862745165825,1000.9372549057007,3000.9803921580315,157.54437255859375,165.02801513671875,169.93341064453125,173.73577880859375,177.04437255859375,180.21249389648438,183.42872619628906,187.18629455566406,192.89541625976562,346.63494873046875,205.10977,3.0,test_data/Useful/Validation/sharp sand at 2ft/20241020_172340_004.jpg,84.0,54.0,61.30246716904814
29,0.0,0.0,0.0,0.0,0.0,0.0,0.0,0.0,0.0,0.0,0.0,0.0,0.0,0.0,0.0,0.0,0.0,0.0,0.0,0.0,0.0,0.0,0.0,0.0,0.0,0.0,0.0,0.0,0.0,0.0,0.0,0.0,0.0,0.0,0.0,0.0,0.0,0.0,0.0,0.0,0.0,0.0,0.0,0.0,0.0,0.0,0.0,0.0,0.0,0.0,0.0,0.0,0.0,0.0,0.0,0.0,0.0,0.0,0.0,0.0,0.0,0.0,0.0,0.0,0.0,0.0,0.0,0.0,0.0,0.0,0.0,1.0,2.0,3.0,3.25,5.0,6.0,7.220000000000027,8.0,10.0,10.0,12.0,14.0,15.0,16.0,18.0,19.0,21.0,22.0,24.0,25.0,26.0,28.0,29.0,30.049999999999727,33.0,34.0,36.0,38.0,44.0,0.0,1000.6431372761726,1000.7019608020782,1000.7411764860153,1000.772549033165,1000.8000000119209,1000.8235294222832,1000.8509804010391,1000.8862745165825,1000.9372549057007,3000.5882353186607,157.38247375488282,165.02220153808594,169.83621063232422,173.6556854248047,176.99774169921875,180.1208282470703,183.30703735351562,187.06640625,192.76629638671875,346.63385009765625,204.907,3.0,test_data/Useful/Validation/sharp sand at 2ft/20241020_172340_005.jpg,94.0,70.0,58.33317952297955
30,0.0,0.0,0.0,0.0,0.0,0.0,0.0,0.0,0.0,0.0,0.0,0.0,0.0,0.0,0.0,0.0,0.0,0.0,0.0,0.0,0.0,0.0,0.0,0.0,0.0,0.0,0.0,0.0,0.0,0.0,0.0,0.0,0.0,0.0,0.0,0.0,0.0,0.0,0.0,0.0,0.0,0.0,0.0,0.0,0.0,0.0,0.0,0.0,0.0,0.0,0.0,0.0,0.0,0.0,0.0,0.0,0.0,0.0,0.0,0.0,0.0,0.0,0.0,0.0,0.0,0.0,0.0,0.0,0.0,0.0,0.0,0.0,0.0,0.0,0.0,1.0,2.0,4.0,4.0,5.2000000000000455,7.0,8.179999999999836,11.0,12.0,13.0,14.139999999999873,16.0,17.0,20.0,21.0,23.0,24.0,26.0,27.0,29.0,31.0,33.0,35.0,37.0,43.0,0.0,1000.6470588445663,1000.705882370472,1000.7411764860153,1000.772549033165,1000.8000000119209,1000.8235294222832,1000.8509804010391,1000.8823529481888,1000.933333337307,3000.470588237047,157.21200561523438,164.78909301757812,169.69528198242188,173.53367614746094,176.85498046875,179.98451538085936,183.22339935302733,186.88983154296875,192.71485900878906,346.6231994628906,205.10434,3.0,test_data/Useful/Validation/sharp sand at 2ft/20241020_172340_009.jpg,79.0,60.0,62.58589843976377
31,0.0,0.0,0.0,0.0,0.0,0.0,0.0,0.0,0.0,0.0,0.0,0.0,0.0,0.0,0.0,0.0,0.0,0.0,0.0,0.0,0.0,0.0,0.0,0.0,0.0,0.0,0.0,0.0,0.0,0.0,0.0,0.0,0.0,0.0,0.0,0.0,0.0,0.0,0.0,0.0,0.0,0.0,0.0,0.0,0.0,0.0,0.0,0.0,0.0,0.0,0.0,0.0,0.0,0.0,0.0,0.0,0.0,0.0,0.0,0.0,0.0,0.0,0.0,0.0,0.0,0.0,0.0,0.0,0.0,0.0,0.0,0.0,0.0,0.0,0.0,0.0,0.0,0.0,1.0,2.0,2.0,4.0,6.0,7.0,9.0,11.0,13.0,15.0,16.0,18.0,20.0,21.079999999999927,23.0,25.0,27.0,29.0,31.0,33.0,36.0,47.0,0.0,1000.65098041296,1000.705882370472,1000.7411764860153,1000.772549033165,1000.7960784435272,1000.8235294222832,1000.8509804010391,1000.8823529481888,1000.933333337307,3000.9921568632126,157.23961334228517,164.9279815673828,169.79842681884764,173.5525634765625,176.8439483642578,179.98245239257812,183.2257080078125,186.94699096679688,192.59664916992188,346.63037109375,205.0084,3.0,test_data/Useful/Validation/sharp sand at 2ft/20241020_172340_010.jpg,84.0,55.0,57.74772276434783
32,0.0,0.0,0.0,0.0,0.0,0.0,0.0,0.0,0.0,0.0,0.0,0.0,0.0,0.0,0.0,0.0,0.0,0.0,0.0,0.0,0.0,0.0,0.0,0.0,0.0,0.0,0.0,0.0,0.0,0.0,0.0,0.0,0.0,0.0,0.0,0.0,0.0,0.0,0.0,0.0,0.0,0.0,0.0,0.0,0.0,0.0,0.0,0.0,0.0,0.0,0.0,0.0,0.0,0.0,0.0,0.0,0.0,0.0,0.0,0.0,0.0,0.0,0.0,0.0,0.0,0.0,0.0,0.0,0.0,0.0,0.0,0.0,0.0,0.0,0.0,0.0,0.2300000000000182,1.0,2.0,4.0,5.0,6.0,8.0,9.0,11.0,12.0,14.0,16.0,18.0,19.0,21.0,23.0,24.0,26.0,28.0,30.0,32.0,34.0,35.0,44.0,0.0,1000.65098041296,1000.705882370472,1000.7411764860153,1000.7686274647713,1000.7960784435272,1000.8235294222832,1000.8470588326454,1000.8784313797951,1000.9294117689133,3000.4000000059605,157.03057861328125,164.73839721679687,169.5376739501953,173.37938842773437,176.71048736572266,179.86597595214843,183.0767059326172,186.82113647460938,192.52967987060546,346.6400146484375,205.39598,3.0,test_data/Useful/Validation/sharp sand at 2ft/20241020_172340_011.jpg,83.0,57.0,62.809137099339466
33,0.0,0.0,0.0,0.0,0.0,0.0,0.0,0.0,0.0,0.0,0.0,0.0,0.0,0.0,0.0,0.0,0.0,0.0,0.0,0.0,0.0,0.0,0.0,0.0,0.0,0.0,0.0,0.0,0.0,0.0,0.0,0.0,0.0,0.0,0.0,0.0,0.0,0.0,0.0,0.0,0.0,0.0,0.0,0.0,0.0,0.0,0.0,0.0,0.0,0.0,0.0,0.0,0.0,0.0,0.0,0.0,0.0,0.0,0.0,0.0,0.0,0.0,0.0,0.0,0.0,0.0,0.0,0.0,0.0,0.0,0.0,0.0,0.0,0.0,0.0,0.0,0.0,0.0,0.0,0.0,1.0,3.0,4.0,6.0,7.0,8.0,10.0,12.0,15.0,16.0,18.0,20.079999999999927,23.0,25.0,27.0,29.0,31.0,33.0,36.0,43.0,0.0,1000.6470588445663,1000.705882370472,1000.7411764860153,1000.7686274647713,1000.7960784435272,1000.8235294222832,1000.8509804010391,1000.8823529481888,1000.9294117689133,3000.4509803950787,157.02235412597656,164.69764709472656,169.52099609375,173.3613037109375,176.6962890625,179.8474578857422,183.06970977783203,186.81082458496093,192.5763702392578,346.63226318359375,205.00113,3.0,test_data/Useful/Validation/sharp sand at 2ft/20241020_172340_012.jpg,86.0,47.0,56.06356831759263
34,0.0,0.0,0.0,0.0,0.0,0.0,0.0,0.0,0.0,0.0,0.0,0.0,0.0,0.0,0.0,0.0,0.0,0.0,0.0,0.0,0.0,0.0,0.0,0.0,0.0,0.0,0.0,0.0,0.0,0.0,0.0,0.0,0.0,0.0,0.0,0.0,0.0,0.0,0.0,0.0,0.0,0.0,0.0,0.0,0.0,0.0,0.0,0.0,0.0,0.0,0.0,0.0,0.0,0.0,0.0,0.0,0.0,0.0,0.0,0.0,0.0,0.0,0.0,0.0,0.0,0.0,0.0,0.0,0.0,0.0,0.0,0.0,0.0,0.0,1.0,1.0,2.0,3.0,5.0,6.0,7.0,8.0,10.0,11.0,12.0,14.0,15.0,17.0,18.0,19.09999999999991,21.0,23.0,24.0,26.0,28.0,30.0,32.0,33.0,36.0,44.0,0.0,1000.6549019813538,1000.705882370472,1000.7411764860153,1000.772549033165,1000.7960784435272,1000.8235294222832,1000.8470588326454,1000.8784313797951,1000.9294117689133,3001.0,157.11209106445312,164.8230743408203,169.6454620361328,173.39508056640625,176.69644165039062,179.7769561767578,183.04682006835935,186.74972534179688,192.46107482910156,346.6328125,204.94171,3.0,test_data/Useful/Validation/sharp sand at 2ft/20241020_172340_013.jpg,84.0,56.0,58.5814072474535
35,0.0,0.0,0.0,0.0,0.0,0.0,0.0,0.0,0.0,0.0,0.0,0.0,0.0,0.0,0.0,0.0,0.0,0.0,0.0,0.0,0.0,0.0,0.0,0.0,0.0,0.0,0.0,0.0,0.0,0.0,0.0,0.0,0.0,0.0,0.0,0.0,0.0,0.0,0.0,0.0,0.0,0.0,0.0,0.0,0.0,0.0,0.0,0.0,0.0,0.0,0.0,0.0,0.0,0.0,0.0,0.0,0.0,0.0,0.0,0.0,0.0,0.0,0.0,0.0,0.0,0.0,0.0,0.0,0.0,0.0,0.0,0.0,0.0,0.0,0.0,0.0,1.0,2.0,3.0,4.0,5.0,6.0,8.0,9.0,11.0,12.0,14.0,15.0,17.0,19.0,20.0,22.0,24.0,27.0,28.049999999999727,30.0,31.0,34.0,37.0,44.0,0.0,1000.6588235497475,1000.7098039388657,1000.745098054409,1000.772549033165,1000.7960784435272,1000.8196078538895,1000.8470588326454,1000.8784313797951,1000.9254902005196,2001.0,157.14677886962892,164.722998046875,169.60794067382812,173.4163055419922,176.72740173339844,179.8040283203125,183.0352981567383,186.7870635986328,192.56946258544923,346.63995361328125,205.00862,3.0,test_data/Useful/Validation/sharp sand at 2ft/20241020_172340_014.jpg,97.0,58.0,57.0683265800569
36,0.0,0.0,0.0,0.0,0.0,0.0,0.0,0.0,0.0,0.0,0.0,0.0,0.0,0.0,0.0,0.0,0.0,0.0,0.0,0.0,0.0,0.0,0.0,0.0,0.0,0.0,0.0,0.0,0.0,0.0,0.0,0.0,0.0,0.0,0.0,0.0,0.0,0.0,0.0,0.0,0.0,0.0,0.0,0.0,0.0,0.0,0.0,0.0,0.0,0.0,0.0,0.0,0.0,0.0,0.0,0.0,0.0,0.0,0.0,0.0,0.0,0.0,0.0,0.0,0.0,0.0,0.0,0.0,0.0,0.0,0.0,0.0,0.0,0.0,0.0,0.0,0.0,0.0,0.0,1.0,2.0,3.0,5.0,6.0,7.0,9.0,10.0,12.11999999999989,14.0,16.0,18.0,20.0,22.0,24.0,27.0,29.0,30.0,33.0,36.0,43.0,0.0,1000.6588235497475,1000.7098039388657,1000.745098054409,1000.772549033165,1000.7960784435272,1000.8196078538895,1000.8470588326454,1000.8784313797951,1000.9254902005196,3000.470588237047,157.18992462158204,164.82437133789062,169.5935302734375,173.37093811035157,176.73062133789062,179.83426513671876,183.0541000366211,186.76547241210938,192.48215942382814,346.64276123046875,205.4171,3.0,test_data/Useful/Validation/sharp sand at 2ft/20241020_172340_015.jpg,79.0,56.0,60.8022215481674
37,0.0,0.0,0.0,0.0,0.0,0.0,0.0,0.0,0.0,0.0,0.0,0.0,0.0,0.0,0.0,0.0,0.0,0.0,0.0,0.0,0.0,0.0,0.0,0.0,0.0,0.0,0.0,0.0,0.0,0.0,0.0,0.0,0.0,0.0,0.0,0.0,0.0,0.0,0.0,0.0,0.0,0.0,0.0,0.0,0.0,0.0,0.0,0.0,0.0,0.0,0.0,0.0,0.0,0.0,0.0,0.0,0.0,0.0,0.0,0.0,0.0,0.0,0.0,0.0,0.0,0.0,0.0,0.0,0.0,0.0,0.0,0.0,0.0,0.0,0.0,0.0,0.0,0.0,0.0,1.0,3.0,4.0,6.0,7.0,8.0,10.0,12.0,13.0,15.0,17.0,18.0,20.0,22.0,24.0,26.0,29.0,31.0,34.0,36.0,41.0,0.0,1000.6588235497475,1000.7098039388657,1000.745098054409,1000.772549033165,1000.7960784435272,1000.8235294222832,1000.8470588326454,1000.8784313797951,1000.9254902005196,2001.0,156.90699768066406,164.55665588378906,169.40939331054688,173.23716735839844,176.5261688232422,179.70069885253906,182.9317626953125,186.70391845703125,192.50454711914062,346.6498107910156,205.51471,3.0,test_data/Useful/Validation/sharp sand at 2ft/20241020_172340_019.jpg,78.0,50.0,58.29464863310156
38,0.0,0.0,0.0,0.0,0.0,0.0,0.0,0.0,0.0,0.0,0.0,0.0,0.0,0.0,0.0,0.0,0.0,0.0,0.0,0.0,0.0,0.0,0.0,0.0,0.0,0.0,0.0,0.0,0.0,0.0,0.0,0.0,0.0,0.0,0.0,0.0,0.0,0.0,0.0,0.0,0.0,0.0,0.0,0.0,0.0,0.0,0.0,0.0,0.0,0.0,0.0,0.0,0.0,0.0,0.0,0.0,0.0,0.0,0.0,0.0,0.0,0.0,0.0,0.0,0.0,0.0,0.0,0.0,0.0,0.0,0.0,0.0,0.0,0.0,0.0,0.0,0.0,0.0,0.0,0.0,0.0,1.0,2.0,4.0,5.0,6.0,8.0,10.0,12.0,14.0,15.0,17.0,19.0,22.0,24.0,26.0,28.0,30.0,34.0,44.0,0.0,1000.6705882549286,1000.7176470756531,1000.7490196228027,1000.772549033165,1000.7960784435272,1000.8196078538895,1000.8431372642517,1000.8745098114014,1000.9137254953384,2001.0,156.43357849121094,164.14657592773438,169.00804138183594,172.8330078125,176.15444946289062,179.25906372070312,182.5222930908203,186.30563354492188,192.12469482421875,346.6641540527344,205.20737,3.0,test_data/Useful/Validation/sharp sand at 2ft/20241020_172340_020.jpg,74.0,51.0,61.839015279942146
39,0.0,0.0,0.0,0.0,0.0,0.0,0.0,0.0,0.0,0.0,0.0,0.0,0.0,0.0,0.0,0.0,0.0,0.0,0.0,0.0,0.0,0.0,0.0,0.0,0.0,0.0,0.0,0.0,0.0,0.0,0.0,0.0,0.0,0.0,0.0,0.0,0.0,0.0,0.0,0.0,0.0,0.0,0.0,0.0,0.0,0.0,0.0,0.0,0.0,0.0,0.0,0.0,0.0,0.0,0.0,0.0,0.0,0.0,0.0,0.0,0.0,0.0,0.0,0.0,0.0,0.0,0.0,0.0,0.0,0.0,0.0,0.0,0.0,0.0,0.0,0.0,0.0,0.0,0.0,1.0,2.0,3.0,4.0,6.0,7.0,8.0,9.0,11.0,13.0,14.0,16.0,17.0,19.0,21.0,23.0,24.039999999999964,26.0,30.0,34.0,41.0,0.0,1000.678431391716,1000.7215686440468,1000.7490196228027,1000.772549033165,1000.7960784435272,1000.8196078538895,1000.8431372642517,1000.866666674614,1000.905882358551,2001.0,156.1650192260742,163.80722045898438,168.74449157714844,172.53946228027343,175.8656768798828,179.06032104492186,182.27493133544922,186.01644592285157,191.8620346069336,346.6773986816406,205.19286,3.0,test_data/Useful/Validation/sharp sand at 2ft/20241020_172340_021.jpg,94.0,66.0,60.80863545506591
40,0.0,0.0,0.0,0.0,0.0,0.0,0.0,0.0,0.0,0.0,0.0,0.0,0.0,0.0,0.0,0.0,0.0,0.0,0.0,0.0,0.0,0.0,0.0,0.0,0.0,0.0,0.0,0.0,0.0,0.0,0.0,0.0,0.0,0.0,0.0,0.0,0.0,0.0,0.0,0.0,0.0,0.0,0.0,0.0,0.0,0.0,0.0,0.0,0.0,0.0,0.0,0.0,0.0,0.0,0.0,0.0,0.0,0.0,0.0,0.0,0.0,0.0,0.0,0.0,0.0,0.0,0.0,0.0,0.0,0.0,0.0,0.0,0.0,0.0,0.0,0.0,0.0,0.0,0.0,0.0,0.0,1.0,2.0,3.0,4.0,5.0,7.0,8.0,10.0,11.0,14.0,15.0,18.0,20.0,22.049999999999727,26.0,27.0,30.0,35.0,44.0,0.0,1000.678431391716,1000.7215686440468,1000.7490196228027,1000.772549033165,1000.7960784435272,1000.8156862854958,1000.839215695858,1000.866666674614,1000.905882358551,2001.0,156.1673385620117,163.80172729492188,168.65785217285156,172.45452880859375,175.767333984375,178.900634765625,182.13804626464844,185.88161926269532,191.71860046386718,346.6749572753906,205.25209,3.0,test_data/Useful/Validation/sharp sand at 2ft/20241020_172340_022.jpg,76.0,51.0,57.219325794147146
41,0.0,0.0,0.0,0.0,0.0,0.0,0.0,0.0,0.0,0.0,0.0,0.0,0.0,0.0,0.0,0.0,0.0,0.0,0.0,0.0,0.0,0.0,0.0,0.0,0.0,0.0,0.0,0.0,0.0,0.0,0.0,0.0,0.0,0.0,0.0,0.0,0.0,0.0,0.0,0.0,0.0,0.0,0.0,0.0,0.0,0.0,0.0,0.0,0.0,0.0,0.0,0.0,0.0,0.0,0.0,0.0,0.0,0.0,0.0,0.0,0.0,0.0,0.0,0.0,0.0,0.0,0.0,0.0,0.0,0.0,0.0,0.0,0.0,0.0,0.0,0.0,0.0,0.0,0.0,0.0,1.0,1.0,2.0,3.1599999999998545,5.0,6.0,8.0,10.0,11.0,13.0,14.0,16.0,18.0,21.0,23.0,26.0,28.0,31.0,34.0,43.0,0.0,1000.678431391716,1000.7215686440468,1000.7490196228027,1000.772549033165,1000.7960784435272,1000.8156862854958,1000.839215695858,1000.866666674614,1000.905882358551,2001.0,156.00436401367188,163.70437622070312,168.54063415527344,172.34117126464844,175.67132568359375,178.80384826660156,182.04638671875,185.79835510253906,191.67025756835938,346.66876220703125,205.05655,3.0,test_data/Useful/Validation/sharp sand at 2ft/20241020_172340_023.jpg,81.0,52.0,58.303704656935764
42,0.0,0.0,0.0,0.0,0.0,0.0,0.0,0.0,0.0,0.0,0.0,0.0,0.0,0.0,0.0,0.0,0.0,0.0,0.0,0.0,0.0,0.0,0.0,0.0,0.0,0.0,0.0,0.0,0.0,0.0,0.0,0.0,0.0,0.0,0.0,0.0,0.0,0.0,0.0,0.0,0.0,0.0,0.0,0.0,0.0,0.0,0.0,0.0,0.0,0.0,0.0,0.0,0.0,0.0,0.0,0.0,0.0,0.0,0.0,0.0,0.0,0.0,0.0,0.0,0.0,0.0,0.0,0.0,0.0,0.0,0.0,0.0,0.0,0.0,0.0,0.0,0.0,0.0,0.0,0.0,0.0,0.0,0.0,2.0,3.0,4.0,6.0,8.0,9.110000000000127,12.0,14.0,16.0,18.0,19.059999999999945,21.0,23.0,27.0,29.0,33.0,45.0,0.0,1000.678431391716,1000.7215686440468,1000.7490196228027,1000.772549033165,1000.7960784435272,1000.8156862854958,1000.839215695858,1000.866666674614,1000.905882358551,2001.0,155.9918685913086,163.63275451660155,168.52008666992188,172.31549072265625,175.6598358154297,178.8032470703125,182.07971801757813,185.77769470214844,191.62352142333987,346.6726989746094,204.9191,3.0,test_data/Useful/Validation/sharp sand at 2ft/20241020_172340_024.jpg,77.0,47.0,59.70001733393181
43,0.0,0.0,0.0,0.0,0.0,0.0,0.0,0.0,0.0,0.0,0.0,0.0,0.0,0.0,0.0,0.0,0.0,0.0,0.0,0.0,0.0,0.0,0.0,0.0,0.0,0.0,0.0,0.0,0.0,0.0,0.0,0.0,0.0,0.0,0.0,0.0,0.0,0.0,0.0,0.0,0.0,0.0,0.0,0.0,0.0,0.0,0.0,0.0,0.0,0.0,0.0,0.0,0.0,0.0,0.0,0.0,0.0,0.0,0.0,0.0,0.0,0.0,0.0,0.0,0.0,0.0,0.0,0.0,0.0,0.0,0.0,0.0,0.0,0.0,0.0,0.0,0.0,0.0,0.0,0.0,1.0,2.0,3.0,4.0,5.0,7.0,9.0,11.0,13.0,14.0,16.0,18.079999999999927,21.0,22.0,24.0,26.0,29.0,31.0,35.0,43.0,0.0,1000.6823529601097,1000.7215686440468,1000.7490196228027,1000.772549033165,1000.7960784435272,1000.8156862854958,1000.8352941274643,1000.8627451062202,1000.8980392217636,2001.0,155.99090576171875,163.7375244140625,168.62093200683594,172.4834228515625,175.73873901367188,178.89218139648438,182.1054229736328,185.8275115966797,191.62006072998048,346.6748046875,205.25175,3.0,test_data/Useful/Validation/sharp sand at 2ft/20241020_172340_025.jpg,86.0,57.0,58.92482609866089
44,0.0,0.0,0.0,0.0,0.0,0.0,0.0,0.0,0.0,0.0,0.0,0.0,0.0,0.0,0.0,0.0,0.0,0.0,0.0,0.0,0.0,0.0,0.0,0.0,0.0,0.0,0.0,0.0,0.0,0.0,0.0,0.0,0.0,0.0,0.0,0.0,0.0,0.0,0.0,0.0,0.0,0.0,0.0,0.0,0.0,0.0,0.0,0.0,0.0,0.0,0.0,0.0,0.0,0.0,0.0,0.0,0.0,0.0,0.0,0.0,0.0,0.0,0.0,0.0,0.0,0.0,0.0,0.0,0.0,0.0,0.0,0.0,0.0,0.0,0.0,0.0,0.0,0.0,0.0,0.0,0.0,0.0,0.0,1.0,2.0,3.0,5.0,7.0,8.110000000000127,11.0,13.0,15.079999999999927,18.0,20.0,23.0,26.0,28.0,30.0,34.0,41.0,0.0,1000.6431372761726,1000.6901960968971,1000.7176470756531,1000.745098054409,1000.7647058963776,1000.7882353067398,1000.811764717102,1000.8431372642517,1000.8862745165825,3000.9411764740944,157.10269317626953,164.7952667236328,169.68736267089844,173.462890625,176.69805908203125,179.82035522460936,183.07574920654298,186.82972717285156,192.37486267089844,346.55596923828125,203.6754,3.0,test_data/Useful/Validation/sharp sand at 2ft/20241020_172340_059.jpg,64.0,44.0,60.25367081936012
45,0.0,0.0,0.0,0.0,0.0,0.0,0.0,0.0,0.0,0.0,0.0,0.0,0.0,0.0,0.0,0.0,0.0,0.0,0.0,0.0,0.0,0.0,0.0,0.0,0.0,0.0,0.0,0.0,0.0,0.0,0.0,0.0,0.0,0.0,0.0,0.0,0.0,0.0,0.0,0.0,0.0,0.0,0.0,0.0,0.0,0.0,0.0,0.0,0.0,0.0,0.0,0.0,0.0,0.0,0.0,0.0,0.0,0.0,0.0,0.0,0.0,0.0,0.0,0.0,0.0,0.0,0.0,0.0,0.0,0.0,0.0,0.0,0.0,0.0,0.0,0.0,0.0,0.0,1.0,2.0,3.0,4.0,6.0,8.0,9.0,11.0,13.0,14.0,17.0,18.0,21.0,23.0,25.070000000000164,27.0,29.0,30.0,32.0,34.01999999999998,37.0,43.0,0.0,1000.6352941393852,1000.6823529601097,1000.7176470756531,1000.7411764860153,1000.7647058963776,1000.7882353067398,1000.8156862854958,1000.8470588326454,1000.8941176533699,3001.0,157.49254150390624,165.07620239257812,169.92202758789062,173.67572021484375,177.0408477783203,180.19332885742188,183.38497924804688,187.08067321777344,192.61721801757812,346.5460510253906,203.90964,3.0,test_data/Useful/Validation/sharp sand at 2ft/20241020_172340_060.jpg,71.0,48.0,61.4816123447236
46,0.0,0.0,0.0,0.0,0.0,0.0,0.0,0.0,0.0,0.0,0.0,0.0,0.0,0.0,0.0,0.0,0.0,0.0,0.0,0.0,0.0,0.0,0.0,0.0,0.0,0.0,0.0,0.0,0.0,0.0,0.0,0.0,0.0,0.0,0.0,0.0,0.0,0.0,0.0,0.0,0.0,0.0,0.0,0.0,0.0,0.0,0.0,0.0,0.0,0.0,0.0,0.0,0.0,0.0,0.0,0.0,0.0,0.0,0.0,0.0,0.0,0.0,0.0,0.0,0.0,0.0,0.0,0.0,0.0,0.0,0.0,0.0,0.0,0.0,0.0,0.0,0.0,0.0,0.0,0.0,0.0,0.0,0.0,0.0,0.0,0.0,1.0,2.0,4.0,6.0,9.0,13.0,16.0,17.059999999999945,20.0,24.0,27.029999999999745,30.0,34.00999999999976,44.0,0.0,1000.6549019813538,1000.6980392336845,1000.7215686440468,1000.745098054409,1000.7647058963776,1000.7882353067398,1000.8078431487083,1000.8352941274643,1000.8745098114014,2001.0,156.86569061279297,164.52221069335937,169.3685791015625,173.18570556640626,176.50582885742188,179.5938720703125,182.74855499267576,186.53466796875,192.15262756347656,346.5909118652344,203.83409,3.0,test_data/Useful/Validation/sharp sand at 2ft/20241020_172340_061.jpg,56.0,38.0,60.13577248817612
47,0.0,0.0,0.0,0.0,0.0,0.0,0.0,0.0,0.0,0.0,0.0,0.0,0.0,0.0,0.0,0.0,0.0,0.0,0.0,0.0,0.0,0.0,0.0,0.0,0.0,0.0,0.0,0.0,0.0,0.0,0.0,0.0,0.0,0.0,0.0,0.0,0.0,0.0,0.0,0.0,0.0,0.0,0.0,0.0,0.0,0.0,0.0,0.0,0.0,0.0,0.0,0.0,0.0,0.0,0.0,0.0,0.0,0.0,0.0,0.0,0.0,0.0,0.0,0.0,0.0,0.0,0.0,0.0,0.0,0.0,0.0,0.0,0.0,0.0,0.0,0.0,0.0,0.0,0.0,1.0,2.0,3.0,4.170000000000073,6.0,8.0,10.0,12.0,14.0,15.0,17.0,18.0,21.0,23.0,25.0,27.0,29.0,30.029999999999745,32.0,35.00999999999976,46.0,0.0,1000.6549019813538,1000.6980392336845,1000.7215686440468,1000.745098054409,1000.7647058963776,1000.7882353067398,1000.8078431487083,1000.8352941274643,1000.8784313797951,3000.9960784316063,156.88709259033203,164.58597717285156,169.47900390625,173.25869140625,176.56423950195312,179.67611694335938,182.9172607421875,186.59532165527344,192.19261169433594,346.5953063964844,204.08118,3.0,test_data/Useful/Validation/sharp sand at 2ft/20241020_172340_062.jpg,64.0,45.0,62.98825372461936
48,0.0,0.0,0.0,0.0,0.0,0.0,0.0,0.0,0.0,0.0,0.0,0.0,0.0,0.0,0.0,0.0,0.0,0.0,0.0,0.0,0.0,0.0,0.0,0.0,0.0,0.0,0.0,0.0,0.0,0.0,0.0,0.0,0.0,0.0,0.0,0.0,0.0,0.0,0.0,0.0,0.0,0.0,0.0,0.0,0.0,0.0,0.0,0.0,0.0,0.0,0.0,0.0,0.0,0.0,0.0,0.0,0.0,0.0,0.0,0.0,0.0,0.0,0.0,0.0,0.0,0.0,0.0,0.0,0.0,0.0,0.0,0.0,0.0,0.0,0.0,0.0,0.0,0.0,0.0,0.0,0.0,0.0,1.0,2.1599999999998545,4.0,6.139999999999873,9.0,10.0,12.0,14.0,16.0,18.0,21.0,23.0,25.0,28.0,29.0,31.0,35.0,49.0,0.0,1000.6549019813538,1000.6980392336845,1000.7215686440468,1000.745098054409,1000.7647058963776,1000.7882353067398,1000.811764717102,1000.839215695858,1000.8784313797951,3000.9803921580315,156.97525634765626,164.65899353027345,169.52980041503906,173.30970764160156,176.6409149169922,179.78251037597656,182.9113983154297,186.65692138671875,192.21656951904296,346.5785217285156,204.06134,3.0,test_data/Useful/Validation/sharp sand at 2ft/20241020_172340_063.jpg,71.0,41.0,57.75927302567024
49,0.0,0.0,0.0,0.0,0.0,0.0,0.0,0.0,0.0,0.0,0.0,0.0,0.0,0.0,0.0,0.0,0.0,0.0,0.0,0.0,0.0,0.0,0.0,0.0,0.0,0.0,0.0,0.0,0.0,0.0,0.0,0.0,0.0,0.0,0.0,0.0,0.0,0.0,0.0,0.0,0.0,0.0,0.0,0.0,0.0,0.0,0.0,0.0,0.0,0.0,0.0,0.0,0.0,0.0,0.0,0.0,0.0,0.0,0.0,0.0,0.0,0.0,0.0,0.0,0.0,0.0,0.0,0.0,0.0,0.0,0.0,0.0,0.0,0.0,0.0,0.0,0.0,0.0,0.0,0.0,0.0,0.0,0.0,0.0,0.0,2.0,4.0,6.0,7.0,9.0,12.0,14.0,18.0,20.0,22.0,26.0,29.0,31.0,35.0,43.0,0.0,1000.65098041296,1000.6941176652908,1000.7215686440468,1000.745098054409,1000.7647058963776,1000.7882353067398,1000.811764717102,1000.839215695858,1000.8823529481888,3000.988235294819,157.23223876953125,164.87722778320312,169.71376037597656,173.49159545898436,176.80885314941406,179.94072570800782,183.1605712890625,186.82640380859377,192.4243927001953,346.5794372558594,204.1337,3.0,test_data/Useful/Validation/sharp sand at 2ft/20241020_172340_064.jpg,59.0,39.0,64.36060846479614
50,0.0,0.0,0.0,0.0,0.0,0.0,0.0,0.0,0.0,0.0,0.0,0.0,0.0,0.0,0.0,0.0,0.0,0.0,0.0,0.0,0.0,0.0,0.0,0.0,0.0,0.0,0.0,0.0,0.0,0.0,0.0,0.0,0.0,0.0,0.0,0.0,0.0,0.0,0.0,0.0,0.0,0.0,0.0,0.0,0.0,0.0,0.0,0.0,0.0,0.0,0.0,0.0,0.0,0.0,0.0,0.0,0.0,0.0,0.0,0.0,0.0,0.0,0.0,0.0,0.0,0.0,0.0,0.0,0.0,0.0,0.0,0.0,0.0,0.0,0.0,0.0,0.0,0.0,0.0,0.0,0.0,0.0,0.0,1.0,2.0,3.0,5.0,7.0,9.0,12.0,14.0,16.0,18.0,20.0,23.0,26.0,29.0,32.0,35.00999999999976,43.0,0.0,1000.65098041296,1000.6941176652908,1000.7215686440468,1000.745098054409,1000.7647058963776,1000.7882353067398,1000.811764717102,1000.8431372642517,1000.8862745165825,2001.0,157.07498168945312,164.68832397460938,169.61550903320312,173.4110870361328,176.72762298583984,179.8767822265625,183.09071197509766,186.7789794921875,192.26995391845702,346.58209228515625,204.00531,3.0,test_data/Useful/Validation/sharp sand at 2ft/20241020_172340_065.jpg,63.0,41.0,57.134235800782925
51,0.0,0.0,0.0,0.0,0.0,0.0,0.0,0.0,0.0,0.0,0.0,0.0,0.0,0.0,0.0,0.0,0.0,0.0,0.0,0.0,0.0,0.0,0.0,0.0,0.0,0.0,0.0,0.0,0.0,0.0,0.0,0.0,0.0,0.0,0.0,0.0,0.0,0.0,0.0,0.0,0.0,0.0,0.0,0.0,0.0,0.0,0.0,0.0,0.0,0.0,0.0,0.0,0.0,0.0,0.0,0.0,0.0,0.0,0.0,0.0,0.0,0.0,0.0,0.0,0.0,0.0,0.0,0.0,0.0,0.0,0.0,0.0,0.0,0.0,0.0,0.0,0.0,0.0,0.0,0.0,0.0,0.0,0.0,0.0,0.0,1.0,2.130000000000109,4.0,5.0,7.0,10.0,12.0,14.0,16.059999999999945,19.049999999999727,23.0,26.0,30.0,33.0,44.0,0.0,1000.6549019813538,1000.6941176652908,1000.7215686440468,1000.745098054409,1000.7686274647713,1000.7882353067398,1000.811764717102,1000.839215695858,1000.8823529481888,2001.0,157.04898071289062,164.74901733398437,169.57842102050782,173.39306030273437,176.66847229003906,179.826025390625,183.0269012451172,186.715087890625,192.2783660888672,346.5936584472656,203.71014,3.0,test_data/Useful/Validation/sharp sand at 2ft/20241020_172340_066.jpg,61.0,36.0,64.5523805637013
52,0.0,0.0,0.0,0.0,0.0,0.0,0.0,0.0,0.0,0.0,0.0,0.0,0.0,0.0,0.0,0.0,0.0,0.0,0.0,0.0,0.0,0.0,0.0,0.0,0.0,0.0,0.0,0.0,0.0,0.0,0.0,0.0,0.0,0.0,0.0,0.0,0.0,0.0,0.0,0.0,0.0,0.0,0.0,0.0,0.0,0.0,0.0,0.0,0.0,0.0,0.0,0.0,0.0,0.0,0.0,0.0,0.0,0.0,0.0,0.0,0.0,0.0,0.0,0.0,0.0,0.0,0.0,0.0,0.0,0.0,0.0,0.0,0.0,0.0,0.0,0.0,0.0,0.0,0.0,0.0,0.0,2.0,3.0,4.0,6.0,8.0,10.0,11.0,13.0,15.0,16.0,18.0,20.0,22.0,24.0,26.0,29.0,31.0,35.0,44.0,0.0,1000.6588235497475,1000.7019608020782,1000.7294117808342,1000.7490196228027,1000.7686274647713,1000.7882353067398,1000.811764717102,1000.839215695858,1000.8784313797951,2001.0,157.2463836669922,164.8642120361328,169.6985626220703,173.54637145996094,176.810546875,179.90353393554688,183.05846099853517,186.77471923828125,192.3800811767578,346.6085510253906,203.90793,3.0,test_data/Useful/Validation/sharp sand at 2ft/20241020_172340_069.jpg,66.0,45.0,62.32151958691034
53,0.0,0.0,0.0,0.0,0.0,0.0,0.0,0.0,0.0,0.0,0.0,0.0,0.0,0.0,0.0,0.0,0.0,0.0,0.0,0.0,0.0,0.0,0.0,0.0,0.0,0.0,0.0,0.0,0.0,0.0,0.0,0.0,0.0,0.0,0.0,0.0,0.0,0.0,0.0,0.0,0.0,0.0,0.0,0.0,0.0,0.0,0.0,0.0,0.0,0.0,0.0,0.0,0.0,0.0,0.0,0.0,0.0,0.0,0.0,0.0,0.0,0.0,0.0,0.0,0.0,0.0,0.0,0.0,0.0,0.0,0.0,0.0,0.0,0.0,0.0,0.0,0.0,0.0,0.0,0.0,0.0,0.0,0.0,0.0,2.0,2.0,4.0,5.119999999999891,7.0,9.0,12.0,14.0,16.0,19.0,21.0,23.0,26.0,29.0,33.0,42.0,0.0,1000.6627451181412,1000.7019608020782,1000.7294117808342,1000.7490196228027,1000.7686274647713,1000.7921568751335,1000.811764717102,1000.839215695858,1000.8784313797951,2000.9686274528503,157.11802368164064,164.76902770996094,169.64776000976562,173.44754028320312,176.76628875732422,179.85105895996094,183.076904296875,186.77200012207032,192.35353088378906,346.6041564941406,204.00943,3.0,test_data/Useful/Validation/sharp sand at 2ft/20241020_172340_070.jpg,62.0,45.0,64.621518346728
54,0.0,0.0,0.0,0.0,0.0,0.0,0.0,0.0,0.0,0.0,0.0,0.0,0.0,0.0,0.0,0.0,0.0,0.0,0.0,0.0,0.0,0.0,0.0,0.0,0.0,0.0,0.0,0.0,0.0,0.0,0.0,0.0,0.0,0.0,0.0,0.0,0.0,0.0,0.0,0.0,0.0,0.0,0.0,0.0,0.0,0.0,0.0,0.0,0.0,0.0,0.0,0.0,0.0,0.0,0.0,0.0,0.0,0.0,0.0,0.0,0.0,0.0,0.0,0.0,0.0,0.0,0.0,0.0,0.0,0.0,0.0,0.0,0.0,0.0,0.0,0.0,0.0,0.0,0.0,0.0,0.0,0.0,1.0,2.0,4.0,6.0,7.0,9.0,10.110000000000127,12.0,14.090000000000146,17.0,19.0,21.0,23.0,25.039999999999964,28.029999999999745,32.0,35.0,40.0,0.0,1000.6627451181412,1000.7019608020782,1000.7294117808342,1000.7529411911964,1000.772549033165,1000.7921568751335,1000.811764717102,1000.839215695858,1000.8823529481888,2001.0,157.1638641357422,164.853515625,169.69851684570312,173.53158569335938,176.87124633789062,180.042724609375,183.2005157470703,186.9248809814453,192.62413024902344,346.6096496582031,204.20876,3.0,test_data/Useful/Validation/sharp sand at 2ft/20241020_172340_071.jpg,58.0,44.0,64.2353668544311
55,0.0,0.0,0.0,0.0,0.0,0.0,0.0,0.0,0.0,0.0,0.0,0.0,0.0,0.0,0.0,0.0,0.0,0.0,0.0,0.0,0.0,0.0,0.0,0.0,0.0,0.0,0.0,0.0,0.0,0.0,0.0,0.0,0.0,0.0,0.0,0.0,0.0,0.0,0.0,0.0,0.0,0.0,0.0,0.0,0.0,0.0,0.0,0.0,0.0,0.0,0.0,0.0,0.0,0.0,0.0,0.0,0.0,0.0,0.0,0.0,0.0,0.0,0.0,0.0,0.0,0.0,0.0,0.0,0.0,0.0,0.0,0.0,0.0,0.0,0.0,0.0,0.0,0.0,0.0,0.0,0.0,0.0,0.0,0.0,0.0,0.0,1.0,3.119999999999891,5.110000000000127,8.0,11.0,13.0,15.0,17.0,20.0,24.0,27.0,29.0,32.00999999999976,43.0,0.0,1000.6627451181412,1000.705882370472,1000.7294117808342,1000.7529411911964,1000.772549033165,1000.7921568751335,1000.8156862854958,1000.839215695858,1000.8823529481888,3001.0,157.3026885986328,164.9090576171875,169.75433349609375,173.55575561523438,176.84400939941406,179.9842987060547,183.19219970703125,186.9638214111328,192.54598999023438,346.6160583496094,203.79274,3.0,test_data/Useful/Validation/sharp sand at 2ft/20241020_172340_072.jpg,59.0,39.0,64.96621998968094
56,0.0,0.0,0.0,0.0,0.0,0.0,0.0,0.0,0.0,0.0,0.0,0.0,0.0,0.0,0.0,0.0,0.0,0.0,0.0,0.0,0.0,0.0,0.0,0.0,0.0,0.0,0.0,0.0,0.0,0.0,0.0,0.0,0.0,0.0,0.0,0.0,0.0,0.0,0.0,0.0,0.0,0.0,0.0,0.0,0.0,0.0,0.0,0.0,0.0,0.0,0.0,0.0,0.0,0.0,0.0,0.0,0.0,0.0,0.0,0.0,0.0,0.0,0.0,0.0,0.0,0.0,0.0,0.0,0.0,0.0,0.0,0.0,0.0,0.0,0.0,0.0,0.0,0.0,0.0,0.0,0.0,0.0,0.0,0.0,0.0,0.0,0.0,0.0,0.0,0.0,2.0,4.0,6.0,10.059999999999945,16.0,18.039999999999964,23.0,28.0,33.00999999999976,42.0,0.0,1000.6627451181412,1000.7019608020782,1000.7294117808342,1000.7490196228027,1000.772549033165,1000.7921568751335,1000.8156862854958,1000.8431372642517,1000.8862745165825,3001.0,157.4591262817383,165.12975158691407,169.9466110229492,173.7390930175781,177.05359649658203,180.20651245117188,183.4287109375,187.1145782470703,192.67303771972655,346.62451171875,203.83795,3.0,test_data/Useful/Validation/sharp sand at 2ft/20241020_172340_073.jpg,44.0,24.0,55.960370751849766
57,0.0,0.0,0.0,0.0,0.0,0.0,0.0,0.0,0.0,0.0,0.0,0.0,0.0,0.0,0.0,0.0,0.0,0.0,0.0,0.0,0.0,0.0,0.0,0.0,0.0,0.0,0.0,0.0,0.0,0.0,0.0,0.0,0.0,0.0,0.0,0.0,0.0,0.0,0.0,0.0,0.0,0.0,0.0,0.0,0.0,0.0,0.0,0.0,0.0,0.0,0.0,0.0,0.0,0.0,0.0,0.0,0.0,0.0,0.0,0.0,0.0,0.0,0.0,0.0,0.0,0.0,0.0,0.0,0.0,0.0,0.0,0.0,0.0,0.0,0.0,0.0,0.0,0.0,0.0,0.0,0.0,0.0,0.0,0.0,0.0,0.0,0.0,1.0,2.1100000000001273,4.0,6.0,9.0,12.0,16.0,19.0,22.0,25.029999999999745,30.0,35.0,43.0,0.0,1000.6627451181412,1000.7019608020782,1000.7294117808342,1000.7490196228027,1000.772549033165,1000.7921568751335,1000.8156862854958,1000.8431372642517,1000.8862745165825,3001.0,157.5119873046875,165.17770385742188,170.08029174804688,173.8345489501953,177.17478942871094,180.29961547851562,183.52728118896485,187.2254638671875,192.81297302246094,346.6047668457031,203.68564,3.0,test_data/Useful/Validation/sharp sand at 2ft/20241020_172340_074.jpg,51.0,31.0,56.339648285625216
58,0.0,0.0,0.0,0.0,0.0,0.0,0.0,0.0,0.0,0.0,0.0,0.0,0.0,0.0,0.0,0.0,0.0,0.0,0.0,0.0,0.0,0.0,0.0,0.0,0.0,0.0,0.0,0.0,0.0,0.0,0.0,0.0,0.0,0.0,0.0,0.0,0.0,0.0,0.0,0.0,0.0,0.0,0.0,0.0,0.0,0.0,0.0,0.0,0.0,0.0,0.0,0.0,0.0,0.0,0.0,0.0,0.0,0.0,0.0,0.0,0.0,0.0,0.0,0.0,0.0,0.0,0.0,0.0,0.0,0.0,0.0,0.0,0.0,0.0,0.0,0.0,0.0,0.0,0.0,0.0,0.0,0.0,0.0,0.0,0.0,0.0,0.0,2.0,3.0,5.0,6.0900000000001455,10.0,13.0,16.0,19.0,21.039999999999964,24.029999999999745,29.0,34.0,44.0,0.0,1000.6627451181412,1000.7019608020782,1000.7294117808342,1000.7490196228027,1000.772549033165,1000.7921568751335,1000.8156862854958,1000.8431372642517,1000.8901960849762,3001.0,157.83421783447267,165.30822143554687,170.15916442871094,173.91348266601562,177.21520233154297,180.356005859375,183.55887908935546,187.24974060058594,192.81602478027344,346.60687255859375,203.64464,3.0,test_data/Useful/Validation/sharp sand at 2ft/20241020_172340_075.jpg,50.0,33.0,57.66068563557298
59,0.0,0.0,0.0,0.0,0.0,0.0,0.0,0.0,0.0,0.0,0.0,0.0,0.0,0.0,0.0,0.0,0.0,0.0,0.0,0.0,0.0,0.0,0.0,0.0,0.0,0.0,0.0,0.0,0.0,0.0,0.0,0.0,0.0,0.0,0.0,0.0,0.0,0.0,0.0,0.0,0.0,0.0,0.0,0.0,0.0,0.0,0.0,0.0,0.0,0.0,0.0,0.0,0.0,0.0,0.0,0.0,0.0,0.0,0.0,0.0,0.0,0.0,0.0,0.0,0.0,0.0,0.0,0.0,0.0,0.0,0.0,0.0,0.0,0.0,0.0,0.0,0.0,0.0,0.0,0.0,0.0,0.0,0.0,0.0,0.0,0.0,0.0,1.0,2.0,3.0,6.0,8.0,12.0,15.059999999999945,20.0,23.0,28.0,30.0,33.0,44.0,0.0,1000.6588235497475,1000.7019608020782,1000.7294117808342,1000.7490196228027,1000.772549033165,1000.7921568751335,1000.8156862854958,1000.8470588326454,1000.8901960849762,3001.0,157.58203125,165.32992553710938,170.1809844970703,174.0029754638672,177.3336181640625,180.46780395507812,183.65432739257812,187.3432647705078,192.87552490234376,346.5989990234375,203.65587,3.0,test_data/Useful/Validation/sharp sand at 2ft/20241020_172340_076.jpg,46.0,31.0,63.81535222910318
60,0.0,0.0,0.0,0.0,0.0,0.0,0.0,0.0,0.0,0.0,0.0,0.0,0.0,0.0,0.0,0.0,0.0,0.0,0.0,0.0,0.0,0.0,0.0,0.0,0.0,0.0,0.0,0.0,0.0,0.0,0.0,0.0,0.0,0.0,0.0,0.0,0.0,0.0,0.0,0.0,0.0,0.0,0.0,0.0,0.0,0.0,0.0,0.0,0.0,0.0,0.0,0.0,0.0,0.0,0.0,0.0,0.0,0.0,0.0,0.0,0.0,0.0,0.0,0.0,0.0,1.0,2.0,2.0,3.0,4.0,4.0,6.0,7.0,8.0,9.0,10.0,11.0,12.0,13.0,14.0,15.0,17.0,18.0,19.0,20.0,22.0,23.0,24.0,25.0,26.0,28.0,29.0,30.0,31.0,32.0,33.039999999999964,35.0,36.0,39.0,44.0,0.0,1000.6823529601097,1000.7215686440468,1000.7490196228027,1000.772549033165,1000.7960784435272,1000.8156862854958,1000.839215695858,1000.8705882430077,1000.9176470637321,3001.0,157.66571044921875,165.41958923339843,170.24488830566406,174.0727996826172,177.38807678222656,180.50137329101562,183.70004272460938,187.42784118652344,193.0952606201172,346.69500732421875,205.94696,3.0,test_data/Useful/Validation/sharp sand at 2ft/20241020_172410_013.jpg,116.0,90.0,68.07798893563617
61,0.0,0.0,0.0,0.0,0.0,0.0,0.0,0.0,0.0,0.0,0.0,0.0,0.0,0.0,0.0,0.0,0.0,0.0,0.0,0.0,0.0,0.0,0.0,0.0,0.0,0.0,0.0,0.0,0.0,0.0,0.0,0.0,0.0,0.0,0.0,0.0,0.0,0.0,0.0,0.0,0.0,0.0,0.0,0.0,0.0,0.0,0.0,0.0,0.0,0.0,0.0,0.0,0.0,0.0,0.0,0.0,0.0,0.0,0.0,0.0,0.0,0.0,0.0,0.0,0.0,0.0,0.0,0.0,0.0,0.0,1.0,1.0,2.0,3.0,4.0,5.0,6.0,7.220000000000027,8.0,9.0,11.0,12.0,13.0,15.0,16.0,18.0,20.0,21.0,22.0,24.0,25.0,27.0,28.0,29.0,30.0,32.0,33.0,35.0,38.0,45.0,0.0,1000.6823529601097,1000.7215686440468,1000.7529411911964,1000.772549033165,1000.7960784435272,1000.8196078538895,1000.8431372642517,1000.8745098114014,1000.9215686321259,3001.0,157.8426513671875,165.38230895996094,170.31256103515625,174.15072631835938,177.4564208984375,180.61331176757812,183.80502319335938,187.61419677734375,193.22567749023438,346.7042541503906,205.5662,3.0,test_data/Useful/Validation/sharp sand at 2ft/20241020_172410_014.jpg,99.0,68.0,58.326102305868055
62,0.0,0.0,0.0,0.0,0.0,0.0,0.0,0.0,0.0,0.0,0.0,0.0,0.0,0.0,0.0,0.0,0.0,0.0,0.0,0.0,0.0,0.0,0.0,0.0,0.0,0.0,0.0,0.0,0.0,0.0,0.0,0.0,0.0,0.0,0.0,0.0,0.0,0.0,0.0,0.0,0.0,0.0,0.0,0.0,0.0,0.0,0.0,0.0,0.0,0.0,0.0,0.0,0.0,0.0,0.0,0.0,0.0,0.0,0.0,0.0,0.0,0.0,0.0,0.0,0.0,0.0,0.0,0.0,0.0,0.0,1.0,1.0,2.0,4.0,5.0,5.0,7.0,8.0,9.0,10.0,11.0,13.0,14.0,15.159999999999854,17.0,19.0,20.0,21.0,23.0,24.0,26.0,27.0,28.0,29.0,31.0,32.0,34.0,36.0,38.0,43.0,0.0,1000.6705882549286,1000.7176470756531,1000.7490196228027,1000.772549033165,1000.7960784435272,1000.8196078538895,1000.8470588326454,1000.8823529481888,1000.9372549057007,3001.0,158.18688354492187,165.85625610351562,170.72621002197266,174.522314453125,177.83489227294922,180.92152709960936,184.1393783569336,187.82083129882812,193.46517333984377,346.6800537109375,205.20462,3.0,test_data/Useful/Validation/sharp sand at 2ft/20241020_172410_015.jpg,106.0,77.0,57.10011469180833
63,0.0,0.0,0.0,0.0,0.0,0.0,0.0,0.0,0.0,0.0,0.0,0.0,0.0,0.0,0.0,0.0,0.0,0.0,0.0,0.0,0.0,0.0,0.0,0.0,0.0,0.0,0.0,0.0,0.0,0.0,0.0,0.0,0.0,0.0,0.0,0.0,0.0,0.0,0.0,0.0,0.0,0.0,0.0,0.0,0.0,0.0,0.0,0.0,0.0,0.0,0.0,0.0,0.0,0.0,0.0,0.0,0.0,0.0,0.0,0.0,0.0,0.0,0.0,0.0,0.0,0.0,0.0,1.0,2.0,3.0,4.0,5.0,6.0,7.0,8.25,10.0,11.0,11.0,13.0,14.0,16.0,17.0,19.0,19.0,21.0,22.0,23.0,24.0,26.0,28.0,29.0,30.0,31.0,32.0,33.0,34.0,35.0,37.0,39.0,45.0,0.0,1000.6745098233223,1000.7215686440468,1000.7490196228027,1000.772549033165,1000.7960784435272,1000.8196078538895,1000.8431372642517,1000.8784313797951,1000.933333337307,3001.0,158.10060119628906,165.7096710205078,170.599365234375,174.38695068359374,177.67102813720703,180.80523071289062,184.03890991210938,187.74288940429688,193.44805908203125,346.6923828125,205.29921,3.0,test_data/Useful/Validation/sharp sand at 2ft/20241020_172410_016.jpg,96.0,70.0,57.08138044524854
64,0.0,0.0,0.0,0.0,0.0,0.0,0.0,0.0,0.0,0.0,0.0,0.0,0.0,0.0,0.0,0.0,0.0,0.0,0.0,0.0,0.0,0.0,0.0,0.0,0.0,0.0,0.0,0.0,0.0,0.0,0.0,0.0,0.0,0.0,0.0,0.0,0.0,0.0,0.0,0.0,0.0,0.0,0.0,0.0,0.0,0.0,0.0,0.0,0.0,0.0,0.0,0.0,0.0,0.0,0.0,0.0,0.0,0.0,0.0,0.0,0.0,0.0,0.0,0.0,0.0,0.0,0.0,1.0,1.0,2.0,3.0,4.0,4.0,5.0,6.0,7.0,8.0,9.0,10.0,11.0,12.190000000000055,14.0,16.0,16.159999999999854,18.0,19.0,21.0,23.0,24.0,25.0,26.0,28.0,29.0,30.0,32.0,33.0,35.0,37.0,39.0,45.0,0.0,1000.6745098233223,1000.7215686440468,1000.7490196228027,1000.772549033165,1000.7960784435272,1000.8196078538895,1000.8470588326454,1000.8784313797951,1000.933333337307,3001.0,158.2420654296875,165.8556335449219,170.71380920410155,174.4809997558594,177.802001953125,180.90045776367188,184.05470275878906,187.8100128173828,193.45831298828125,346.69757080078125,205.03262,3.0,test_data/Useful/Validation/sharp sand at 2ft/20241020_172410_017.jpg,131.0,90.0,59.89376571075094
65,0.0,0.0,0.0,0.0,0.0,0.0,0.0,0.0,0.0,0.0,0.0,0.0,0.0,0.0,0.0,0.0,0.0,0.0,0.0,0.0,0.0,0.0,0.0,0.0,0.0,0.0,0.0,0.0,0.0,0.0,0.0,0.0,0.0,0.0,0.0,0.0,0.0,0.0,0.0,0.0,0.0,0.0,0.0,0.0,0.0,0.0,0.0,0.0,0.0,0.0,0.0,0.0,0.0,0.0,0.0,0.0,0.0,0.0,0.0,0.0,0.0,0.0,0.0,0.0,0.0,0.0,0.0,0.0,0.0,1.0,2.0,2.0,3.0,4.0,5.0,7.0,8.0,9.0,11.0,12.0,14.0,15.0,17.0,18.0,19.0,21.0,22.13000000000011,23.0,25.0,26.0,28.0,29.0,30.0,31.0,33.0,34.0,35.0,36.0,38.0,45.0,0.0,1000.6705882549286,1000.7176470756531,1000.7490196228027,1000.772549033165,1000.7960784435272,1000.8196078538895,1000.8470588326454,1000.8823529481888,1000.9411764740944,3001.0,158.2677459716797,165.9397735595703,170.7960205078125,174.56951904296875,177.87802124023438,181.01873779296875,184.2219696044922,187.9007568359375,193.46859741210938,346.6897277832031,205.04904,3.0,test_data/Useful/Validation/sharp sand at 2ft/20241020_172410_018.jpg,113.0,73.0,60.96461252240602
66,0.0,0.0,0.0,0.0,0.0,0.0,0.0,0.0,0.0,0.0,0.0,0.0,0.0,0.0,0.0,0.0,0.0,0.0,0.0,0.0,0.0,0.0,0.0,0.0,0.0,0.0,0.0,0.0,0.0,0.0,0.0,0.0,0.0,0.0,0.0,0.0,0.0,0.0,0.0,0.0,0.0,0.0,0.0,0.0,0.0,0.0,0.0,0.0,0.0,0.0,0.0,0.0,0.0,0.0,0.0,0.0,0.0,0.0,0.0,0.0,0.0,0.0,0.0,0.0,0.0,0.0,0.0,0.0,0.0,0.0,0.0,0.0,1.0,2.0,3.0,4.0,5.0,7.0,8.0,9.0,11.0,13.0,14.0,15.0,17.0,18.0,19.0,21.0,22.0,24.0,25.0,26.079999999999927,28.0,29.0,31.0,32.0,34.0,36.0,38.0,45.0,0.0,1000.678431391716,1000.7215686440468,1000.7529411911964,1000.7764706015587,1000.8000000119209,1000.8235294222832,1000.8470588326454,1000.8784313797951,1000.933333337307,3001.0,158.26930236816406,165.82834167480468,170.6552978515625,174.4335723876953,177.75760650634766,180.87798767089845,184.1063690185547,187.82131652832032,193.41554260253906,346.7007141113281,204.72154,3.0,test_data/Useful/Validation/sharp sand at 2ft/20241020_172410_019.jpg,89.0,68.0,59.437885339188604
67,0.0,0.0,0.0,0.0,0.0,0.0,0.0,0.0,0.0,0.0,0.0,0.0,0.0,0.0,0.0,0.0,0.0,0.0,0.0,0.0,0.0,0.0,0.0,0.0,0.0,0.0,0.0,0.0,0.0,0.0,0.0,0.0,0.0,0.0,0.0,0.0,0.0,0.0,0.0,0.0,0.0,0.0,0.0,0.0,0.0,0.0,0.0,0.0,0.0,0.0,0.0,0.0,0.0,0.0,0.0,0.0,0.0,0.0,0.0,0.0,0.0,0.0,0.0,0.0,0.0,0.0,0.0,0.0,0.0,0.0,0.0,0.0,0.0,0.0,0.0,0.0,1.0,2.0,4.0,5.0,6.0,8.0,10.0,11.0,13.0,14.0,16.0,17.11999999999989,19.0,21.0,23.0,24.0,26.0,28.0,29.0,31.0,32.0,35.0,38.0,45.0,0.0,1000.6862745285034,1000.7294117808342,1000.7568627595901,1000.7803921699524,1000.8000000119209,1000.8235294222832,1000.8470588326454,1000.8784313797951,1000.9254902005196,3001.0,157.78256225585938,165.51266479492188,170.3461456298828,174.11404418945312,177.3891143798828,180.54439392089844,183.75717010498047,187.4678924560547,193.06504821777344,346.72552490234375,204.58061,3.0,test_data/Useful/Validation/sharp sand at 2ft/20241020_172410_020.jpg,76.0,47.0,58.246402076785174
68,0.0,0.0,0.0,0.0,0.0,0.0,0.0,0.0,0.0,0.0,0.0,0.0,0.0,0.0,0.0,0.0,0.0,0.0,0.0,0.0,0.0,0.0,0.0,0.0,0.0,0.0,0.0,0.0,0.0,0.0,0.0,0.0,0.0,0.0,0.0,0.0,0.0,0.0,0.0,0.0,0.0,0.0,0.0,0.0,0.0,0.0,0.0,0.0,0.0,0.0,0.0,0.0,0.0,0.0,0.0,0.0,0.0,0.0,0.0,0.0,0.0,0.0,0.0,0.0,0.0,0.0,0.0,0.0,0.0,0.0,0.0,0.0,0.0,0.0,0.0,0.0,0.0,0.0,0.0,0.0,0.0,0.0,0.0,1.0,2.0,3.0,5.0,6.0,8.0,10.0,12.0,14.0,16.0,18.0,20.0,23.0,26.0,29.0,33.0,42.0,0.0,1000.6823529601097,1000.7254902124405,1000.7529411911964,1000.7764706015587,1000.7960784435272,1000.8156862854958,1000.8352941274643,1000.8588235378265,1000.8980392217636,3001.0,156.67507934570312,164.2154083251953,169.03640747070312,172.8374481201172,176.14967346191406,179.31646118164062,182.50550384521483,186.20059204101562,191.95664978027344,346.68658447265625,204.40411,3.0,test_data/Useful/Validation/sharp sand at 2ft/20241020_172410_065.jpg,68.0,48.0,61.69006451254543
69,0.0,0.0,0.0,0.0,0.0,0.0,0.0,0.0,0.0,0.0,0.0,0.0,0.0,0.0,0.0,0.0,0.0,0.0,0.0,0.0,0.0,0.0,0.0,0.0,0.0,0.0,0.0,0.0,0.0,0.0,0.0,0.0,0.0,0.0,0.0,0.0,0.0,0.0,0.0,0.0,0.0,0.0,0.0,0.0,0.0,0.0,0.0,0.0,0.0,0.0,0.0,0.0,0.0,0.0,0.0,0.0,0.0,0.0,0.0,0.0,0.0,0.0,0.0,0.0,0.0,0.0,0.0,0.0,0.0,0.0,0.0,0.0,0.0,0.0,0.0,0.0,0.0,0.0,0.0,0.0,0.0,0.0,0.0,1.0,3.0,4.0,5.130000000000109,7.0,9.110000000000127,11.0,13.0,15.0,18.0,20.0,24.0,26.0,29.0,32.0,35.0,43.0,0.0,1000.6862745285034,1000.7294117808342,1000.7529411911964,1000.7764706015587,1000.7960784435272,1000.811764717102,1000.8313725590706,1000.8549019694328,1000.8901960849762,3001.0,156.25367736816406,163.8898468017578,168.78363647460938,172.58843688964845,175.90878295898438,179.04483032226562,182.30780029296875,186.02679443359375,191.73468017578125,346.7037353515625,204.66388,3.0,test_data/Useful/Validation/sharp sand at 2ft/20241020_172410_066.jpg,66.0,43.0,61.649228359250884
70,0.0,0.0,0.0,0.0,0.0,0.0,0.0,0.0,0.0,0.0,0.0,0.0,0.0,0.0,0.0,0.0,0.0,0.0,0.0,0.0,0.0,0.0,0.0,0.0,0.0,0.0,0.0,0.0,0.0,0.0,0.0,0.0,0.0,0.0,0.0,0.0,0.0,0.0,0.0,0.0,0.0,0.0,0.0,0.0,0.0,0.0,0.0,0.0,0.0,0.0,0.0,0.0,0.0,0.0,0.0,0.0,0.0,0.0,0.0,0.0,0.0,0.0,0.0,0.0,0.0,0.0,0.0,0.0,0.0,0.0,0.0,0.0,0.0,0.0,0.0,0.0,0.0,0.0,0.0,1.0,2.0,3.0,4.0,5.0,6.150000000000091,9.0,10.0,12.0,13.0,15.0,16.0,18.079999999999927,20.070000000000164,23.0,24.0,27.0,30.0,32.01999999999998,35.0,41.0,0.0,1000.6901960968971,1000.7294117808342,1000.7529411911964,1000.7764706015587,1000.7921568751335,1000.811764717102,1000.8313725590706,1000.8549019694328,1000.8901960849762,3001.0,156.22808074951172,163.8164520263672,168.67468872070313,172.48418579101562,175.79813385009766,178.86099853515626,182.0796356201172,185.84365844726562,191.66029357910156,346.6992492675781,204.93233,3.0,test_data/Useful/Validation/sharp sand at 2ft/20241020_172410_067.jpg,76.0,55.0,57.29560787413702
71,0.0,0.0,0.0,0.0,0.0,0.0,0.0,0.0,0.0,0.0,0.0,0.0,0.0,0.0,0.0,0.0,0.0,0.0,0.0,0.0,0.0,0.0,0.0,0.0,0.0,0.0,0.0,0.0,0.0,0.0,0.0,0.0,0.0,0.0,0.0,0.0,0.0,0.0,0.0,0.0,0.0,0.0,0.0,0.0,0.0,0.0,0.0,0.0,0.0,0.0,0.0,0.0,0.0,0.0,0.0,0.0,0.0,0.0,0.0,0.0,0.0,0.0,0.0,0.0,0.0,0.0,0.0,0.0,0.0,0.0,0.0,0.0,0.0,0.0,0.0,0.0,0.0,0.0,0.0,0.0,0.0,0.0,0.0,2.0,2.0,4.0,5.0,8.0,10.0,12.0,14.0,15.0,17.0,19.059999999999945,22.0,24.0,27.029999999999745,30.019999999999982,35.0,50.0,0.0,1000.6823529601097,1000.7254902124405,1000.7529411911964,1000.772549033165,1000.7921568751335,1000.811764717102,1000.8313725590706,1000.8588235378265,1000.8941176533699,3001.0,156.47828674316406,164.0880889892578,168.98570861816407,172.7677001953125,176.0672149658203,179.249755859375,182.40745544433594,186.10934448242188,191.8791961669922,346.69390869140625,204.64537,3.0,test_data/Useful/Validation/sharp sand at 2ft/20241020_172410_068.jpg,70.0,46.0,57.58038669867128
72,0.0,0.0,0.0,0.0,0.0,0.0,0.0,0.0,0.0,0.0,0.0,0.0,0.0,0.0,0.0,0.0,0.0,0.0,0.0,0.0,0.0,0.0,0.0,0.0,0.0,0.0,0.0,0.0,0.0,0.0,0.0,0.0,0.0,0.0,0.0,0.0,0.0,0.0,0.0,0.0,0.0,0.0,0.0,0.0,0.0,0.0,0.0,0.0,0.0,0.0,0.0,0.0,0.0,0.0,0.0,0.0,0.0,0.0,0.0,0.0,0.0,0.0,0.0,0.0,0.0,0.0,0.0,0.0,0.0,0.0,0.0,0.0,0.0,0.0,0.0,0.0,0.0,0.0,0.0,1.0,1.0,3.0,4.0,5.0,7.0,9.0,10.0,13.0,15.0,17.0,19.0,20.0,22.0,24.0,26.0,28.0,30.0,33.0,35.0,45.0,0.0,1000.6862745285034,1000.7294117808342,1000.7529411911964,1000.7764706015587,1000.7921568751335,1000.811764717102,1000.8313725590706,1000.8588235378265,1000.8941176533699,3001.0,156.32394409179688,163.9476745605469,168.80705871582032,172.58869323730468,175.90335083007812,179.02059936523438,182.25003051757812,185.99026489257812,191.7669235229492,346.7030334472656,204.65814,3.0,test_data/Useful/Validation/sharp sand at 2ft/20241020_172410_069.jpg,60.0,45.0,62.299368227743926
73,0.0,0.0,0.0,0.0,0.0,0.0,0.0,0.0,0.0,0.0,0.0,0.0,0.0,0.0,0.0,0.0,0.0,0.0,0.0,0.0,0.0,0.0,0.0,0.0,0.0,0.0,0.0,0.0,0.0,0.0,0.0,0.0,0.0,0.0,0.0,0.0,0.0,0.0,0.0,0.0,0.0,0.0,0.0,0.0,0.0,0.0,0.0,0.0,0.0,0.0,0.0,0.0,0.0,0.0,0.0,0.0,0.0,0.0,0.0,0.0,0.0,0.0,0.0,0.0,0.0,0.0,0.0,0.0,0.0,0.0,0.0,0.0,0.0,0.0,0.0,0.0,0.0,0.0,0.0,0.0,0.0,0.0,1.0,2.0,3.0,5.0,6.0,8.0,9.0,12.0,14.0,15.0,17.0,19.0,22.0,25.0,28.0,31.0,35.0,42.0,0.0,1000.6901960968971,1000.7333333492279,1000.7568627595901,1000.7764706015587,1000.7960784435272,1000.811764717102,1000.8313725590706,1000.8549019694328,1000.8901960849762,3001.0,156.04173278808594,163.68057250976562,168.56949462890626,172.33273315429688,175.66790771484375,178.77462768554688,182.0437469482422,185.7990264892578,191.6197509765625,346.71636962890625,205.08286,3.0,test_data/Useful/Validation/sharp sand at 2ft/20241020_172410_070.jpg,83.0,50.0,64.59817926201313
74,0.0,0.0,0.0,0.0,0.0,0.0,0.0,0.0,0.0,0.0,0.0,0.0,0.0,0.0,0.0,0.0,0.0,0.0,0.0,0.0,0.0,0.0,0.0,0.0,0.0,0.0,0.0,0.0,0.0,0.0,0.0,0.0,0.0,0.0,0.0,0.0,0.0,0.0,0.0,0.0,0.0,0.0,0.0,0.0,0.0,0.0,0.0,0.0,0.0,0.0,0.0,0.0,0.0,0.0,0.0,0.0,0.0,0.0,0.0,0.0,0.0,0.0,0.0,0.0,0.0,0.0,0.0,0.0,0.0,0.0,0.0,0.0,0.0,0.0,0.0,0.0,0.0,1.0,2.0,3.0,4.0,5.0,7.0,8.0,10.0,11.0,12.0,14.0,15.0,17.0,19.0,21.0,23.0,25.0,27.0,29.0,31.0,33.0,37.0,45.0,0.0,1000.6980392336845,1000.7372549176216,1000.7607843279839,1000.7803921699524,1000.7960784435272,1000.8156862854958,1000.8313725590706,1000.8549019694328,1000.8862745165825,3001.0,155.57928771972655,163.06402282714845,167.93822326660157,171.7688720703125,175.08975219726562,178.23095703125,181.49964904785156,185.3218200683594,191.37343750000002,346.7300109863281,205.47119,3.0,test_data/Useful/Validation/sharp sand at 2ft/20241020_172410_071.jpg,93.0,65.0,59.497880500384646
75,0.0,0.0,0.0,0.0,0.0,0.0,0.0,0.0,0.0,0.0,0.0,0.0,0.0,0.0,0.0,0.0,0.0,0.0,0.0,0.0,0.0,0.0,0.0,0.0,0.0,0.0,0.0,0.0,0.0,0.0,0.0,0.0,0.0,0.0,0.0,0.0,0.0,0.0,0.0,0.0,0.0,0.0,0.0,0.0,0.0,0.0,0.0,0.0,0.0,0.0,0.0,0.0,0.0,0.0,0.0,0.0,0.0,0.0,0.0,0.0,0.0,0.0,0.0,0.0,0.0,0.0,0.0,0.0,0.0,0.0,0.0,0.0,0.0,0.0,0.0,0.0,0.0,1.0,2.0,3.0,4.0,6.0,7.0,8.159999999999854,10.0,11.0,12.0,14.0,15.0,17.0,18.0,20.0,21.0,23.059999999999945,26.0,27.0,30.0,32.0,34.0,43.0,0.0,1000.7019608020782,1000.7372549176216,1000.7607843279839,1000.7803921699524,1000.7960784435272,1000.8156862854958,1000.8313725590706,1000.8549019694328,1000.8862745165825,3001.0,155.15108489990234,162.91236267089843,167.7686569213867,171.57837829589843,174.85455322265625,177.98992919921875,181.2438751220703,185.04007568359376,191.01886444091798,346.72882080078125,205.54451,3.0,test_data/Useful/Validation/sharp sand at 2ft/20241020_172410_072.jpg,77.0,53.0,62.0250935414482
76,0.0,0.0,0.0,0.0,0.0,0.0,0.0,0.0,0.0,0.0,0.0,0.0,0.0,0.0,0.0,0.0,0.0,0.0,0.0,0.0,0.0,0.0,0.0,0.0,0.0,0.0,0.0,0.0,0.0,0.0,0.0,0.0,0.0,0.0,0.0,0.0,0.0,0.0,0.0,0.0,0.0,0.0,0.0,0.0,0.0,0.0,0.0,0.0,0.0,0.0,0.0,0.0,0.0,0.0,0.0,0.0,0.0,0.0,0.0,0.0,0.0,0.0,0.0,0.0,0.0,0.0,0.0,0.0,0.0,0.0,0.0,0.0,0.0,0.0,0.0,0.0,0.0,0.0,0.0,0.0,0.0,0.0,0.0,0.0,0.0,0.0,2.0,3.0,4.110000000000127,7.0,9.0,12.0,14.070000000000164,17.0,20.0,23.0,26.0,29.0,33.00999999999976,42.0,0.0,1000.6941176652908,1000.7372549176216,1000.7607843279839,1000.7843137383461,1000.8000000119209,1000.8196078538895,1000.839215695858,1000.8588235378265,1000.8941176533699,3001.0,155.6832733154297,163.33080139160157,168.2595428466797,172.08147888183595,175.36508178710938,178.49444580078125,181.70016479492188,185.41635131835938,191.393798828125,346.7166442871094,204.91281,3.0,test_data/Useful/Validation/sharp sand at 2ft/20241020_172410_075.jpg,71.0,42.0,61.85208047325311
77,0.0,0.0,0.0,0.0,0.0,0.0,0.0,0.0,0.0,0.0,0.0,0.0,0.0,0.0,0.0,0.0,0.0,0.0,0.0,0.0,0.0,0.0,0.0,0.0,0.0,0.0,0.0,0.0,0.0,0.0,0.0,0.0,0.0,0.0,0.0,0.0,0.0,0.0,0.0,0.0,0.0,0.0,0.0,0.0,0.0,0.0,0.0,0.0,0.0,0.0,0.0,0.0,0.0,0.0,0.0,0.0,0.0,0.0,0.0,0.0,0.0,0.0,0.0,0.0,0.0,0.0,0.0,0.0,0.0,0.0,0.0,0.0,0.0,0.0,0.0,0.0,0.0,0.0,0.0,0.0,1.0,2.0,3.0,4.0,6.0,8.0,9.0,11.0,13.0,15.0,16.0,17.079999999999927,20.0,22.0,24.049999999999727,26.039999999999964,28.0,31.0,34.0,41.0,0.0,1000.7019608020782,1000.7411764860153,1000.7647058963776,1000.7843137383461,1000.8039215803146,1000.8196078538895,1000.839215695858,1000.8588235378265,1000.8862745165825,3001.0,154.7719467163086,162.38150024414062,167.29682464599608,171.09718322753906,174.37120056152344,177.44093322753906,180.72369384765625,184.53508911132812,190.73423767089844,346.7410888671875,205.12073,3.0,test_data/Useful/Validation/sharp sand at 2ft/20241020_172410_076.jpg,84.0,54.0,57.72994404376414
78,0.0,0.0,0.0,0.0,0.0,0.0,0.0,0.0,0.0,0.0,0.0,0.0,0.0,0.0,0.0,0.0,0.0,0.0,0.0,0.0,0.0,0.0,0.0,0.0,0.0,0.0,0.0,0.0,0.0,0.0,0.0,0.0,0.0,0.0,0.0,0.0,0.0,0.0,0.0,0.0,0.0,0.0,0.0,0.0,0.0,0.0,0.0,0.0,0.0,0.0,0.0,0.0,0.0,0.0,0.0,0.0,0.0,0.0,0.0,0.0,0.0,0.0,0.0,0.0,0.0,0.0,0.0,0.0,0.0,0.0,0.0,0.0,0.0,0.0,0.0,0.0,0.0,0.0,0.0,0.0,1.0,2.0,3.0,4.0,6.0,7.0,9.0,10.0,12.0,13.099999999999909,16.0,17.0,19.0,21.0,23.0,25.039999999999964,27.0,30.0,34.0,43.0,0.0,1000.7019608020782,1000.7411764860153,1000.7647058963776,1000.7882353067398,1000.8039215803146,1000.8196078538895,1000.839215695858,1000.8588235378265,1000.8862745165825,3001.0,154.76719970703124,162.38594970703124,167.20428314208985,170.9756591796875,174.2627182006836,177.39771728515626,180.6493377685547,184.478759765625,190.6803741455078,346.734619140625,205.41562,3.0,test_data/Useful/Validation/sharp sand at 2ft/20241020_172410_077.jpg,77.0,52.0,57.00637158871179
79,0.0,0.0,0.0,0.0,0.0,0.0,0.0,0.0,0.0,0.0,0.0,0.0,0.0,0.0,0.0,0.0,0.0,0.0,0.0,0.0,0.0,0.0,0.0,0.0,0.0,0.0,0.0,0.0,0.0,0.0,0.0,0.0,0.0,0.0,0.0,0.0,0.0,0.0,0.0,0.0,0.0,0.0,0.0,0.0,0.0,0.0,0.0,0.0,0.0,0.0,0.0,0.0,0.0,0.0,0.0,0.0,0.0,0.0,0.0,0.0,0.0,0.0,0.0,0.0,0.0,0.0,0.0,0.0,0.0,0.0,0.0,0.0,0.0,0.0,0.0,0.0,0.0,1.0,1.0,2.0,3.0,4.0,6.0,6.1599999999998545,8.0,9.0,10.0,12.0,13.0,15.0,17.0,19.0,20.0,22.0,24.0,26.0,28.0,30.0,33.0,45.0,0.0,1000.705882370472,1000.745098054409,1000.7686274647713,1000.7882353067398,1000.8039215803146,1000.8196078538895,1000.839215695858,1000.8588235378265,1000.8862745165825,3001.0,154.41738891601562,162.12577209472656,166.9577438354492,170.77354736328124,174.1097869873047,177.27261352539062,180.5570877075195,184.3977478027344,190.62924194335938,346.7481994628906,205.6134,3.0,test_data/Useful/Validation/sharp sand at 2ft/20241020_172410_078.jpg,80.0,56.0,59.62171982836858
80,0.0,0.0,0.0,0.0,0.0,0.0,0.0,0.0,0.0,0.0,0.0,0.0,0.0,0.0,0.0,0.0,0.0,0.0,0.0,0.0,0.0,0.0,0.0,0.0,0.0,0.0,0.0,0.0,0.0,0.0,0.0,0.0,0.0,0.0,0.0,0.0,0.0,0.0,0.0,0.0,0.0,0.0,0.0,0.0,0.0,0.0,0.0,0.0,0.0,0.0,0.0,0.0,0.0,0.0,0.0,0.0,0.0,0.0,0.0,0.0,0.0,0.0,0.0,0.0,0.0,0.0,0.0,0.0,0.0,0.0,0.0,0.0,0.0,0.0,0.0,0.0,0.0,0.0,1.0,2.0,2.0,3.0,5.0,6.0,7.0,8.0,10.0,11.0,12.0,14.0,16.0,18.0,19.0,22.0,24.0,27.0,29.0,31.0,34.0,43.0,0.0,1000.7098039388657,1000.7490196228027,1000.7686274647713,1000.7882353067398,1000.8039215803146,1000.8196078538895,1000.839215695858,1000.8549019694328,1000.8823529481888,3000.972549021244,153.69740600585936,161.3536834716797,166.25547790527344,170.1128387451172,173.42604064941406,176.61832580566406,179.9283203125,183.92136840820314,190.67334747314453,346.7721252441406,206.45384,3.0,test_data/Useful/Validation/sharp sand at 2ft/20241020_172410_079.jpg,96.0,61.0,58.35270963163345
81,0.0,0.0,0.0,0.0,0.0,0.0,0.0,0.0,0.0,0.0,0.0,0.0,0.0,0.0,0.0,0.0,0.0,0.0,0.0,0.0,0.0,0.0,0.0,0.0,0.0,0.0,0.0,0.0,0.0,0.0,0.0,0.0,0.0,0.0,0.0,0.0,0.0,0.0,0.0,0.0,0.0,0.0,0.0,0.0,0.0,0.0,0.0,0.0,0.0,0.0,0.0,0.0,0.0,0.0,0.0,0.0,0.0,0.0,0.0,0.0,0.0,0.0,0.0,0.0,0.0,0.0,0.0,0.0,0.0,0.0,0.0,0.0,0.0,0.0,0.0,0.0,0.0,1.0,2.0,3.0,4.0,6.0,7.0,9.0,10.0,11.0,12.0,14.0,15.0,16.09999999999991,17.090000000000146,19.0,21.0,22.0,24.0,26.0,28.029999999999745,31.0,34.0,42.0,0.0,1000.7098039388657,1000.745098054409,1000.7686274647713,1000.7882353067398,1000.8078431487083,1000.8235294222832,1000.839215695858,1000.8588235378265,1000.8862745165825,3001.0,154.94549560546875,162.50271606445312,167.25357055664062,171.07237243652344,174.32814025878906,177.49346923828125,180.778564453125,184.65428161621094,190.9493408203125,346.7624206542969,205.87885,3.0,test_data/Useful/Validation/sharp sand at 2ft/20241020_172410_080.jpg,95.0,67.0,62.17760870431153
82,0.0,0.0,0.0,0.0,0.0,0.0,0.0,0.0,0.0,0.0,0.0,0.0,0.0,0.0,0.0,0.0,0.0,0.0,0.0,0.0,0.0,0.0,0.0,0.0,0.0,0.0,0.0,0.0,0.0,0.0,0.0,0.0,0.0,0.0,0.0,0.0,0.0,0.0,0.0,0.0,0.0,0.0,0.0,0.0,0.0,0.0,0.0,0.0,0.0,0.0,0.0,0.0,0.0,0.0,0.0,0.0,0.0,0.0,0.0,0.0,0.0,0.0,0.0,0.0,0.0,0.0,0.0,0.0,0.0,0.0,0.0,0.0,0.0,0.0,0.0,0.0,1.0,1.0,2.0,3.0,4.0,5.0,6.0,7.0,9.0,10.0,12.0,13.0,14.0,15.0,17.0,20.0,21.0,23.0,25.0,27.0,29.0,31.019999999999982,35.0,44.0,0.0,1000.7098039388657,1000.7490196228027,1000.772549033165,1000.7921568751335,1000.8078431487083,1000.8235294222832,1000.839215695858,1000.8627451062202,1000.8901960849762,3000.988235294819,155.65281677246094,163.27772521972656,168.13848876953125,171.91351318359375,175.2540740966797,178.4050750732422,181.67849578857422,185.44495849609376,191.4395294189453,346.7840270996094,206.28462,3.0,test_data/Useful/Validation/sharp sand at 2ft/20241020_172410_081.jpg,94.0,62.0,55.383617809298656
83,0.0,0.0,0.0,0.0,0.0,0.0,0.0,0.0,0.0,0.0,0.0,0.0,0.0,0.0,0.0,0.0,0.0,0.0,0.0,0.0,0.0,0.0,0.0,0.0,0.0,0.0,0.0,0.0,0.0,0.0,0.0,0.0,0.0,0.0,0.0,0.0,0.0,0.0,0.0,0.0,0.0,0.0,0.0,0.0,0.0,0.0,0.0,0.0,0.0,0.0,0.0,0.0,0.0,0.0,0.0,0.0,0.0,0.0,0.0,0.0,0.0,0.0,0.0,0.0,0.0,0.0,0.0,0.0,0.0,0.0,0.0,0.0,0.0,0.0,0.0,0.0,0.0,0.0,0.0,1.0,1.1900000000000546,3.0,3.0,4.0,6.0,7.0,8.0,10.0,12.0,13.0,15.0,17.0,18.070000000000164,20.0,22.049999999999727,25.0,27.0,30.0,35.0,42.0,0.0,1000.7137255072594,1000.7490196228027,1000.772549033165,1000.7921568751335,1000.8078431487083,1000.8235294222832,1000.839215695858,1000.8588235378265,1000.8901960849762,3000.972549021244,155.66726837158203,163.322412109375,168.18738250732423,171.97669677734376,175.27306365966797,178.451220703125,181.65243682861328,185.494921875,191.44379119873048,346.7938537597656,206.11569,3.0,test_data/Useful/Validation/sharp sand at 2ft/20241020_172410_082.jpg,91.0,56.0,58.88163870849117
84,0.0,0.0,0.0,0.0,0.0,0.0,0.0,0.0,0.0,0.0,0.0,0.0,0.0,0.0,0.0,0.0,0.0,0.0,0.0,0.0,0.0,0.0,0.0,0.0,0.0,0.0,0.0,0.0,0.0,0.0,0.0,0.0,0.0,0.0,0.0,0.0,0.0,0.0,0.0,0.0,0.0,0.0,0.0,0.0,0.0,0.0,0.0,0.0,0.0,0.0,0.0,0.0,0.0,0.0,0.0,0.0,0.0,0.0,0.0,0.0,0.0,0.0,0.0,0.0,0.0,0.0,0.0,0.0,0.0,0.0,0.0,0.0,0.0,0.0,0.0,0.0,0.0,0.0,1.0,2.0,3.0,5.0,6.0,8.0,10.0,11.139999999999873,13.0,15.0,18.0,19.0,21.0,23.0,25.0,27.0,29.0,30.0,32.0,34.0,37.0,43.0,0.0,1000.584313750267,1000.6352941393852,1000.6705882549286,1000.6980392336845,1000.7215686440468,1000.7490196228027,1000.7764706015587,1000.8156862854958,1000.8705882430077,3001.0,158.18948364257812,165.77676391601562,170.55068969726562,174.37396240234375,177.69513702392578,180.8026123046875,184.0483459472656,187.7829772949219,193.46450958251953,346.4081115722656,205.04846,3.0,test_data/Useful/Validation/sharp sand at 2ft/20241020_172526_071.jpg,85.0,55.0,62.35931329587624
85,0.0,0.0,0.0,0.0,0.0,0.0,0.0,0.0,0.0,0.0,0.0,0.0,0.0,0.0,0.0,0.0,0.0,0.0,0.0,0.0,0.0,0.0,0.0,0.0,0.0,0.0,0.0,0.0,0.0,0.0,0.0,0.0,0.0,0.0,0.0,0.0,0.0,0.0,0.0,0.0,0.0,0.0,0.0,0.0,0.0,0.0,0.0,0.0,0.0,0.0,0.0,0.0,0.0,0.0,0.0,0.0,0.0,0.0,0.0,0.0,0.0,0.0,0.0,0.0,0.0,0.0,0.0,0.0,0.0,0.0,0.0,0.0,0.0,0.0,0.0,0.0,0.0,1.0,2.0,3.2000000000000455,5.0,6.0,7.0,9.0,11.0,13.0,15.0,16.0,18.110000000000127,20.0,22.0,23.079999999999927,25.070000000000164,28.0,30.0,31.0,34.0,35.0,38.0,44.0,0.0,1000.5803921818733,1000.6352941393852,1000.6666666865349,1000.6980392336845,1000.7215686440468,1000.7490196228027,1000.7764706015587,1000.8156862854958,1000.8745098114014,3001.0,158.26715087890625,165.87852478027344,170.71519622802734,174.49382629394532,177.83856201171875,180.96578979492188,184.17852783203125,187.84654235839844,193.354248046875,346.3975524902344,204.53,3.0,test_data/Useful/Validation/sharp sand at 2ft/20241020_172526_072.jpg,71.0,50.0,59.515647552370474
86,0.0,0.0,0.0,0.0,0.0,0.0,0.0,0.0,0.0,0.0,0.0,0.0,0.0,0.0,0.0,0.0,0.0,0.0,0.0,0.0,0.0,0.0,0.0,0.0,0.0,0.0,0.0,0.0,0.0,0.0,0.0,0.0,0.0,0.0,0.0,0.0,0.0,0.0,0.0,0.0,0.0,0.0,0.0,0.0,0.0,0.0,0.0,0.0,0.0,0.0,0.0,0.0,0.0,0.0,0.0,0.0,0.0,0.0,0.0,0.0,0.0,0.0,0.0,0.0,0.0,0.0,0.0,0.0,0.0,0.0,0.0,0.0,1.0,1.0,2.0,3.0,4.0,5.0,6.0,8.0,9.0,10.0,12.0,13.0,15.0,16.0,18.0,19.0,21.0,22.0,24.0,25.0,27.0,28.0,30.0,31.0,33.0,35.0,37.0,43.0,0.0,1000.5803921818733,1000.6352941393852,1000.6666666865349,1000.6980392336845,1000.7215686440468,1000.7490196228027,1000.7764706015587,1000.8156862854958,1000.8705882430077,3001.0,158.3030242919922,165.9242401123047,170.72068786621094,174.47933959960938,177.8322982788086,180.95331115722655,184.19552612304688,187.9463348388672,193.4760284423828,346.4197082519531,204.64178,3.0,test_data/Useful/Validation/sharp sand at 2ft/20241020_172526_073.jpg,90.0,64.0,59.53528324451884
87,0.0,0.0,0.0,0.0,0.0,0.0,0.0,0.0,0.0,0.0,0.0,0.0,0.0,0.0,0.0,0.0,0.0,0.0,0.0,0.0,0.0,0.0,0.0,0.0,0.0,0.0,0.0,0.0,0.0,0.0,0.0,0.0,0.0,0.0,0.0,0.0,0.0,0.0,0.0,0.0,0.0,0.0,0.0,0.0,0.0,0.0,0.0,0.0,0.0,0.0,0.0,0.0,0.0,0.0,0.0,0.0,0.0,0.0,0.0,0.0,0.0,0.0,0.0,0.0,0.0,0.0,0.0,0.0,0.0,0.0,0.0,0.0,0.0,0.0,1.0,2.0,2.0,4.0,5.0,6.0,8.0,9.0,10.170000000000073,12.0,14.0,15.0,17.0,18.0,20.0,21.09999999999991,24.0,25.0,27.0,29.0,30.0,32.0,34.0,35.0,38.0,44.0,0.0,1000.5764706134796,1000.6313725709915,1000.6666666865349,1000.6941176652908,1000.7215686440468,1000.7490196228027,1000.7764706015587,1000.811764717102,1000.8705882430077,3001.0,158.20301818847656,165.8768310546875,170.75588989257812,174.605712890625,177.916015625,181.04591369628906,184.2636260986328,187.96041870117188,193.51962280273438,346.40191650390625,204.50096,3.0,test_data/Useful/Validation/sharp sand at 2ft/20241020_172526_074.jpg,89.0,65.0,59.76928168345009
88,0.0,0.0,0.0,0.0,0.0,0.0,0.0,0.0,0.0,0.0,0.0,0.0,0.0,0.0,0.0,0.0,0.0,0.0,0.0,0.0,0.0,0.0,0.0,0.0,0.0,0.0,0.0,0.0,0.0,0.0,0.0,0.0,0.0,0.0,0.0,0.0,0.0,0.0,0.0,0.0,0.0,0.0,0.0,0.0,0.0,0.0,0.0,0.0,0.0,0.0,0.0,0.0,0.0,0.0,0.0,0.0,0.0,0.0,0.0,0.0,0.0,0.0,0.0,0.0,0.0,0.0,0.0,0.0,0.0,0.0,0.0,0.0,1.0,2.0,2.0,3.0,4.0,5.220000000000027,6.0,7.0,9.0,10.0,11.0,13.0,15.0,16.0,18.0,20.0,21.0,22.0,24.0,26.0,27.0,28.0,30.0,32.0,33.0,35.0,37.00999999999976,44.0,0.0,1000.5725490450859,1000.6274510025978,1000.6627451181412,1000.6941176652908,1000.7176470756531,1000.745098054409,1000.7764706015587,1000.811764717102,1000.8705882430077,3001.0,158.30661010742188,165.99798583984375,170.8340606689453,174.5792999267578,177.87838745117188,181.02069091796875,184.26307678222656,187.9978485107422,193.55575866699218,346.38092041015625,204.26926,3.0,test_data/Useful/Validation/sharp sand at 2ft/20241020_172526_075.jpg,86.0,61.0,59.29828883521518
89,0.0,0.0,0.0,0.0,0.0,0.0,0.0,0.0,0.0,0.0,0.0,0.0,0.0,0.0,0.0,0.0,0.0,0.0,0.0,0.0,0.0,0.0,0.0,0.0,0.0,0.0,0.0,0.0,0.0,0.0,0.0,0.0,0.0,0.0,0.0,0.0,0.0,0.0,0.0,0.0,0.0,0.0,0.0,0.0,0.0,0.0,0.0,0.0,0.0,0.0,0.0,0.0,0.0,0.0,0.0,0.0,0.0,0.0,0.0,0.0,0.0,0.0,0.0,0.0,0.0,0.0,0.0,0.0,0.0,0.0,0.0,0.0,1.0,2.0,3.0,4.0,5.0,6.0,7.0,8.0,9.0,11.0,12.0,14.0,15.0,16.0,17.0,19.0,21.0,23.0,24.0,25.0,27.0,28.0,30.0,32.0,34.0,36.0,37.00999999999976,48.0,0.0,1000.5686274766922,1000.6235294342041,1000.6588235497475,1000.6901960968971,1000.7176470756531,1000.745098054409,1000.7764706015587,1000.8156862854958,1000.8745098114014,3001.0,158.32437133789062,166.0189208984375,170.8661651611328,174.62887573242188,177.92039489746094,181.07748413085938,184.30950927734375,187.99639892578125,193.59647369384766,346.3816833496094,204.4354,3.0,test_data/Useful/Validation/sharp sand at 2ft/20241020_172526_076.jpg,91.0,63.0,59.40896848549224
90,0.0,0.0,0.0,0.0,0.0,0.0,0.0,0.0,0.0,0.0,0.0,0.0,0.0,0.0,0.0,0.0,0.0,0.0,0.0,0.0,0.0,0.0,0.0,0.0,0.0,0.0,0.0,0.0,0.0,0.0,0.0,0.0,0.0,0.0,0.0,0.0,0.0,0.0,0.0,0.0,0.0,0.0,0.0,0.0,0.0,0.0,0.0,0.0,0.0,0.0,0.0,0.0,0.0,0.0,0.0,0.0,0.0,0.0,0.0,0.0,0.0,0.0,0.0,0.0,0.0,0.0,0.0,0.0,0.0,0.0,0.0,0.0,0.0,1.0,2.0,2.240000000000009,4.0,5.0,7.0,8.0,9.0,11.0,13.0,15.0,16.0,17.0,19.0,20.11999999999989,22.0,24.0,25.0,27.0,28.0,29.0,30.0,32.0,33.029999999999745,36.0,38.0,46.0,0.0,1000.5725490450859,1000.6274510025978,1000.6627451181412,1000.6901960968971,1000.7176470756531,1000.745098054409,1000.772549033165,1000.811764717102,1000.866666674614,3001.0,158.15249633789062,165.86508178710938,170.76449584960938,174.5850830078125,177.91900634765625,181.0704803466797,184.27396545410156,187.94565124511718,193.50135803222656,346.3883056640625,204.46893,3.0,test_data/Useful/Validation/sharp sand at 2ft/20241020_172526_077.jpg,100.0,65.0,60.37137225033823
91,0.0,0.0,0.0,0.0,0.0,0.0,0.0,0.0,0.0,0.0,0.0,0.0,0.0,0.0,0.0,0.0,0.0,0.0,0.0,0.0,0.0,0.0,0.0,0.0,0.0,0.0,0.0,0.0,0.0,0.0,0.0,0.0,0.0,0.0,0.0,0.0,0.0,0.0,0.0,0.0,0.0,0.0,0.0,0.0,0.0,0.0,0.0,0.0,0.0,0.0,0.0,0.0,0.0,0.0,0.0,0.0,0.0,0.0,0.0,0.0,0.0,0.0,0.0,0.0,0.0,0.0,0.0,0.0,0.0,0.0,0.0,0.0,0.0,0.0,1.0,2.0,2.0,3.0,4.0,6.0,7.0,8.0,10.0,12.0,14.0,15.0,17.0,19.0,20.110000000000127,22.0,23.090000000000146,25.0,27.0,28.0,30.0,31.0,33.0,35.0,38.0,45.0,0.0,1000.5803921818733,1000.6313725709915,1000.6627451181412,1000.6901960968971,1000.7176470756531,1000.7411764860153,1000.7686274647713,1000.8039215803146,1000.8588235378265,3001.0,158.11341552734376,165.77565002441406,170.72543334960938,174.47572326660156,177.82228088378906,180.95872497558594,184.18348693847656,187.87889099121094,193.43256225585938,346.3849182128906,204.5755,3.0,test_data/Useful/Validation/sharp sand at 2ft/20241020_172526_078.jpg,83.0,59.0,60.04475394317092
92,0.0,0.0,0.0,0.0,0.0,0.0,0.0,0.0,0.0,0.0,0.0,0.0,0.0,0.0,0.0,0.0,0.0,0.0,0.0,0.0,0.0,0.0,0.0,0.0,0.0,0.0,0.0,0.0,0.0,0.0,0.0,0.0,0.0,0.0,0.0,0.0,0.0,0.0,0.0,0.0,0.0,0.0,0.0,0.0,0.0,0.0,0.0,0.0,0.0,0.0,0.0,0.0,0.0,0.0,0.0,0.0,0.0,0.0,0.0,0.0,0.0,0.0,0.0,0.0,0.0,0.0,0.0,0.0,0.0,0.0,0.0,0.0,0.0,0.0,0.0,1.0,2.0,3.0,4.0,6.0,7.0,8.0,10.0,11.0,13.0,14.0,16.0,18.0,19.0,21.0,23.0,24.0,26.0,27.0,29.0,31.0,33.0,35.0,38.0,44.0,0.0,1000.5803921818733,1000.6313725709915,1000.6627451181412,1000.6901960968971,1000.7137255072594,1000.7411764860153,1000.7647058963776,1000.8000000119209,1000.8509804010391,3001.0,158.11739959716797,165.8181182861328,170.74740600585938,174.5379638671875,177.8099822998047,180.93017578125,184.13789825439454,187.8570770263672,193.46826171875,346.38916015625,204.66208,3.0,test_data/Useful/Validation/sharp sand at 2ft/20241020_172526_081.jpg,96.0,64.0,57.311651934435744
93,0.0,0.0,0.0,0.0,0.0,0.0,0.0,0.0,0.0,0.0,0.0,0.0,0.0,0.0,0.0,0.0,0.0,0.0,0.0,0.0,0.0,0.0,0.0,0.0,0.0,0.0,0.0,0.0,0.0,0.0,0.0,0.0,0.0,0.0,0.0,0.0,0.0,0.0,0.0,0.0,0.0,0.0,0.0,0.0,0.0,0.0,0.0,0.0,0.0,0.0,0.0,0.0,0.0,0.0,0.0,0.0,0.0,0.0,0.0,0.0,0.0,0.0,0.0,0.0,0.0,0.0,0.0,0.0,0.0,0.0,0.0,0.0,0.0,0.0,1.0,2.0,3.0,4.0,7.0,9.0,10.0,11.0,13.0,14.0,16.0,18.0,20.0,21.0,23.0,24.0,26.0,27.0,29.0,30.0,32.0,33.0,34.029999999999745,36.0,39.0,44.0,0.0,1000.5647059082985,1000.6196078658104,1000.6588235497475,1000.6862745285034,1000.7137255072594,1000.7411764860153,1000.772549033165,1000.8078431487083,1000.866666674614,3001.0,158.37538146972656,165.9622344970703,170.88165283203125,174.69158935546875,177.99050903320312,181.09793090820312,184.29962158203125,187.9514129638672,193.56504821777344,346.37127685546875,204.318,3.0,test_data/Useful/Validation/sharp sand at 2ft/20241020_172526_082.jpg,88.0,58.0,63.78127517453255
94,0.0,0.0,0.0,0.0,0.0,0.0,0.0,0.0,0.0,0.0,0.0,0.0,0.0,0.0,0.0,0.0,0.0,0.0,0.0,0.0,0.0,0.0,0.0,0.0,0.0,0.0,0.0,0.0,0.0,0.0,0.0,0.0,0.0,0.0,0.0,0.0,0.0,0.0,0.0,0.0,0.0,0.0,0.0,0.0,0.0,0.0,0.0,0.0,0.0,0.0,0.0,0.0,0.0,0.0,0.0,0.0,0.0,0.0,0.0,0.0,0.0,0.0,0.0,0.0,0.0,0.0,0.0,0.0,0.0,0.0,0.0,0.0,0.0,0.0,0.0,1.0,2.0,3.0,4.0,6.0,6.190000000000055,8.0,9.0,11.0,13.0,15.0,16.0,18.0,19.0,20.0,22.0,24.0,25.0,26.0,28.0,30.0,31.0,34.0,36.0,44.0,0.0,1000.6039215922356,1000.6549019813538,1000.6862745285034,1000.7098039388657,1000.7372549176216,1000.7607843279839,1000.7843137383461,1000.8196078538895,1000.8705882430077,3001.0,158.01141815185548,165.6676513671875,170.56639556884767,174.35277099609374,177.66999053955078,180.82549438476562,184.06951904296875,187.7701202392578,193.3307357788086,346.4742736816406,204.62076,3.0,test_data/Useful/Validation/sharp sand at 2ft/20241020_172526_083.jpg,94.0,75.0,60.17387936259337
95,0.0,0.0,0.0,0.0,0.0,0.0,0.0,0.0,0.0,0.0,0.0,0.0,0.0,0.0,0.0,0.0,0.0,0.0,0.0,0.0,0.0,0.0,0.0,0.0,0.0,0.0,0.0,0.0,0.0,0.0,0.0,0.0,0.0,0.0,0.0,0.0,0.0,0.0,0.0,0.0,0.0,0.0,0.0,0.0,0.0,0.0,0.0,0.0,0.0,0.0,0.0,0.0,0.0,0.0,0.0,0.0,0.0,0.0,0.0,0.0,0.0,0.0,0.0,0.0,0.0,0.0,0.0,0.0,0.0,0.0,0.0,0.0,0.0,0.2599999999999909,1.0,2.0,3.0,4.0,5.0,6.0,8.0,9.0,10.0,12.0,14.0,15.0,17.0,19.0,20.0,22.0,24.0,26.0,27.0,29.0,30.0,32.0,33.0,35.0,38.0,44.0,0.0,1000.6039215922356,1000.6588235497475,1000.6941176652908,1000.7254902124405,1000.7490196228027,1000.7764706015587,1000.8078431487083,1000.8431372642517,1000.9019607901573,3001.0,158.35486602783203,165.94453125,170.74639892578125,174.59990844726562,177.92361450195312,181.0633087158203,184.26025390625,187.9439697265625,193.55242919921875,346.5138244628906,204.34547,3.0,test_data/Useful/Validation/sharp sand at 2ft/20241020_172526_084.jpg,95.0,65.0,61.376412695571176
96,0.0,0.0,0.0,0.0,0.0,0.0,0.0,0.0,0.0,0.0,0.0,0.0,0.0,0.0,0.0,0.0,0.0,0.0,0.0,0.0,0.0,0.0,0.0,0.0,0.0,0.0,0.0,0.0,0.0,0.0,0.0,0.0,0.0,0.0,0.0,0.0,0.0,0.0,0.0,0.0,0.0,0.0,0.0,0.0,0.0,0.0,0.0,0.0,0.0,0.0,0.0,0.0,0.0,0.0,0.0,0.0,0.0,0.0,0.0,0.0,0.0,0.0,0.0,0.0,0.0,0.0,0.0,0.0,0.0,0.0,0.0,0.0,0.0,1.0,2.0,3.0,4.0,5.0,6.0,7.0,9.0,11.0,12.0,14.0,15.150000000000091,17.0,18.0,19.0,21.0,22.0,23.0,25.0,27.0,28.0,30.0,32.0,34.0,36.0,37.0,43.0,0.0,1000.65098041296,1000.6980392336845,1000.7254902124405,1000.7490196228027,1000.772549033165,1000.7921568751335,1000.8196078538895,1000.8470588326454,1000.8941176533699,3001.0,158.0365447998047,165.56763916015626,170.50518493652345,174.28607788085938,177.59943389892578,180.71267700195312,183.89147644042967,187.62141723632814,193.2219253540039,346.609619140625,205.0699,3.0,test_data/Useful/Validation/sharp sand at 2ft/20241020_172526_085.jpg,96.0,63.0,56.902162360399004
97,0.0,0.0,0.0,0.0,0.0,0.0,0.0,0.0,0.0,0.0,0.0,0.0,0.0,0.0,0.0,0.0,0.0,0.0,0.0,0.0,0.0,0.0,0.0,0.0,0.0,0.0,0.0,0.0,0.0,0.0,0.0,0.0,0.0,0.0,0.0,0.0,0.0,0.0,0.0,0.0,0.0,0.0,0.0,0.0,0.0,0.0,0.0,0.0,0.0,0.0,0.0,0.0,0.0,0.0,0.0,0.0,0.0,0.0,0.0,0.0,0.0,0.0,0.0,0.0,0.0,0.0,0.0,0.0,0.0,0.0,0.0,0.0,0.0,0.0,0.0,1.0,2.0,3.0,4.0,6.0,6.0,8.0,9.0,10.0,11.0,13.0,15.0,16.0,18.0,20.0,22.0,23.0,24.0,27.0,29.0,30.0,32.0,34.0,37.0,44.0,0.0,1000.6352941393852,1000.6862745285034,1000.7215686440468,1000.7490196228027,1000.772549033165,1000.8000000119209,1000.8274509906769,1000.8627451062202,1000.9176470637321,3001.0,158.2968292236328,165.88253784179688,170.74990844726562,174.5738067626953,177.86908721923828,181.0295166015625,184.23346252441405,187.92787170410156,193.51622009277344,346.5973205566406,204.68668,3.0,test_data/Useful/Validation/sharp sand at 2ft/20241020_172526_086.jpg,90.0,58.0,54.40655259701418
98,0.0,0.0,0.0,0.0,0.0,0.0,0.0,0.0,0.0,0.0,0.0,0.0,0.0,0.0,0.0,0.0,0.0,0.0,0.0,0.0,0.0,0.0,0.0,0.0,0.0,0.0,0.0,0.0,0.0,0.0,0.0,0.0,0.0,0.0,0.0,0.0,0.0,0.0,0.0,0.0,0.0,0.0,0.0,0.0,0.0,0.0,0.0,0.0,0.0,0.0,0.0,0.0,0.0,0.0,0.0,0.0,0.0,0.0,0.0,0.0,0.0,0.0,0.0,0.0,0.0,0.0,0.0,0.0,0.0,0.0,0.0,0.0,0.0,0.0,1.0,2.0,3.0,3.0,4.0,5.2000000000000455,7.0,8.0,9.0,10.159999999999854,12.0,14.0,16.0,17.0,19.0,20.0,22.0,23.0,25.0,26.0,28.0,29.0,31.0,33.01999999999998,36.0,45.0,0.0,1000.6549019813538,1000.6980392336845,1000.7294117808342,1000.7529411911964,1000.772549033165,1000.7960784435272,1000.8235294222832,1000.8509804010391,1000.8980392217636,3001.0,157.8726791381836,165.53057556152345,170.46078491210938,174.24765014648438,177.60446166992188,180.74203186035157,183.88769989013673,187.58755493164062,193.2012939453125,346.6189270019531,205.20486,3.0,test_data/Useful/Validation/sharp sand at 2ft/20241020_172526_087.jpg,88.0,66.0,59.2280944793222
99,0.0,0.0,0.0,0.0,0.0,0.0,0.0,0.0,0.0,0.0,0.0,0.0,0.0,0.0,0.0,0.0,0.0,0.0,0.0,0.0,0.0,0.0,0.0,0.0,0.0,0.0,0.0,0.0,0.0,0.0,0.0,0.0,0.0,0.0,0.0,0.0,0.0,0.0,0.0,0.0,0.0,0.0,0.0,0.0,0.0,0.0,0.0,0.0,0.0,0.0,0.0,0.0,0.0,0.0,0.0,0.0,0.0,0.0,0.0,0.0,0.0,0.0,0.0,0.0,0.0,0.0,0.0,0.0,0.0,0.0,0.0,0.0,0.0,0.0,0.0,0.0,0.0,0.0,0.0,0.0,1.0,2.0,3.0,5.0,6.0,8.0,10.0,11.0,12.0,14.099999999999909,16.0,19.0,21.0,22.0,25.0,27.0,29.0,32.0,35.0,43.0,0.0,1000.6627451181412,1000.705882370472,1000.7333333492279,1000.7529411911964,1000.7764706015587,1000.7960784435272,1000.8196078538895,1000.8470588326454,1000.8901960849762,3001.0,157.80921325683593,165.38204956054688,170.21669006347656,174.01196899414063,177.30449676513672,180.43720397949218,183.6672119140625,187.32872314453124,193.04938049316408,346.6419982910156,205.1081,3.0,test_data/Useful/Validation/sharp sand at 2ft/20241020_172526_088.jpg,86.0,53.0,61.77777294916237
100,0.0,0.0,0.0,0.0,0.0,0.0,0.0,0.0,0.0,0.0,0.0,0.0,0.0,0.0,0.0,0.0,0.0,0.0,0.0,0.0,0.0,0.0,0.0,0.0,0.0,0.0,0.0,0.0,0.0,0.0,0.0,0.0,0.0,0.0,0.0,0.0,0.0,0.0,0.0,0.0,0.0,0.0,0.0,0.0,0.0,0.0,0.0,0.0,0.0,0.0,0.0,0.0,0.0,0.0,0.0,0.0,0.0,0.0,0.0,0.0,0.0,0.0,0.0,0.0,0.0,0.0,0.0,0.0,0.0,0.0,0.0,0.0,0.0,0.0,0.0,0.0,0.0,0.22000000000002728,1.0,2.0,3.0,5.0,6.0,7.0,9.0,11.0,13.0,15.0,16.0,18.0,19.0,21.0,23.0,25.0,27.0,30.0,32.0,35.0,38.0,43.0,0.0,1000.6549019813538,1000.7019608020782,1000.7294117808342,1000.7529411911964,1000.7764706015587,1000.7960784435272,1000.8196078538895,1000.8509804010391,1000.8980392217636,3001.0,157.78201141357422,165.39617614746095,170.27345275878906,174.05337524414062,177.42633056640625,180.51815795898438,183.76766967773438,187.47544860839844,193.09994506835938,346.6387939453125,205.03873,3.0,test_data/Useful/Validation/sharp sand at 2ft/20241020_172526_091.jpg,91.0,61.0,54.86472513697116
101,0.0,0.0,0.0,0.0,0.0,0.0,0.0,0.0,0.0,0.0,0.0,0.0,0.0,0.0,0.0,0.0,0.0,0.0,0.0,0.0,0.0,0.0,0.0,0.0,0.0,0.0,0.0,0.0,0.0,0.0,0.0,0.0,0.0,0.0,0.0,0.0,0.0,0.0,0.0,0.0,0.0,0.0,0.0,0.0,0.0,0.0,0.0,0.0,0.0,0.0,0.0,0.0,0.0,0.0,0.0,0.0,0.0,0.0,0.0,0.0,0.0,0.0,0.0,0.0,0.0,0.0,0.0,0.0,0.0,0.0,0.0,0.0,0.0,0.0,0.0,0.0,0.0,0.0,1.0,2.0,4.0,5.0,7.0,8.0,10.0,11.139999999999873,13.0,14.0,16.0,17.0,19.0,21.0,23.0,24.0,27.0,29.0,31.029999999999745,34.0,36.0,44.0,0.0,1000.6470588445663,1000.6941176652908,1000.7254902124405,1000.7529411911964,1000.7764706015587,1000.8000000119209,1000.8274509906769,1000.8588235378265,1000.9098039269447,3001.0,158.02593994140625,165.64541625976562,170.48886108398438,174.27117919921875,177.5659942626953,180.703125,183.93421173095703,187.58707275390628,193.27554779052736,346.62408447265625,204.87576,3.0,test_data/Useful/Validation/sharp sand at 2ft/20241020_172526_092.jpg,98.0,62.0,57.24204365440316
102,0.0,0.0,0.0,0.0,0.0,0.0,0.0,0.0,0.0,0.0,0.0,0.0,0.0,0.0,0.0,0.0,0.0,0.0,0.0,0.0,0.0,0.0,0.0,0.0,0.0,0.0,0.0,0.0,0.0,0.0,0.0,0.0,0.0,0.0,0.0,0.0,0.0,0.0,0.0,0.0,0.0,0.0,0.0,0.0,0.0,0.0,0.0,0.0,0.0,0.0,0.0,0.0,0.0,0.0,0.0,0.0,0.0,0.0,0.0,0.0,0.0,0.0,0.0,0.0,0.0,0.0,0.0,0.0,0.0,0.0,0.0,0.0,0.0,1.0,2.0,2.0,3.0,5.0,6.0,7.0,8.0,9.0,10.0,12.0,14.0,16.0,17.0,18.0,20.0,22.0,23.0,25.0,26.0,28.0,30.0,31.0,33.0,34.0,37.0,45.0,0.0,1000.6392157077789,1000.6901960968971,1000.7254902124405,1000.7529411911964,1000.7764706015587,1000.8039215803146,1000.8313725590706,1000.8627451062202,1000.9176470637321,3001.0,158.0639862060547,165.70330810546875,170.59251403808594,174.40443420410156,177.71315002441406,180.83009338378906,184.0762481689453,187.75753784179688,193.4259796142578,346.61370849609375,204.84436,3.0,test_data/Useful/Validation/sharp sand at 2ft/20241020_172526_093.jpg,100.0,64.0,58.365996888705276
103,0.0,0.0,0.0,0.0,0.0,0.0,0.0,0.0,0.0,0.0,0.0,0.0,0.0,0.0,0.0,0.0,0.0,0.0,0.0,0.0,0.0,0.0,0.0,0.0,0.0,0.0,0.0,0.0,0.0,0.0,0.0,0.0,0.0,0.0,0.0,0.0,0.0,0.0,0.0,0.0,0.0,0.0,0.0,0.0,0.0,0.0,0.0,0.0,0.0,0.0,0.0,0.0,0.0,0.0,0.0,0.0,0.0,0.0,0.0,0.0,0.0,0.0,0.0,0.0,0.0,0.0,0.0,0.0,0.0,0.0,0.0,0.0,0.0,0.0,0.0,1.0,2.0,3.0,4.0,5.0,6.0,7.0,8.0,9.0,11.0,13.0,14.0,16.0,17.0,19.0,20.0,22.0,24.0,26.0,28.0,30.0,32.0,35.0,37.0,43.0,0.0,1000.65098041296,1000.6980392336845,1000.7294117808342,1000.7529411911964,1000.7764706015587,1000.8000000119209,1000.8274509906769,1000.8588235378265,1000.905882358551,3001.0,157.8256072998047,165.53689575195312,170.47579956054688,174.27142333984375,177.6168975830078,180.74169921875,183.92489624023438,187.61915588378906,193.2178497314453,346.6283874511719,204.79587,3.0,test_data/Useful/Validation/sharp sand at 2ft/20241020_172526_094.jpg,97.0,62.0,63.3264496139432
104,0.0,0.0,0.0,0.0,0.0,0.0,0.0,0.0,0.0,0.0,0.0,0.0,0.0,0.0,0.0,0.0,0.0,0.0,0.0,0.0,0.0,0.0,0.0,0.0,0.0,0.0,0.0,0.0,0.0,0.0,0.0,0.0,0.0,0.0,0.0,0.0,0.0,0.0,0.0,0.0,0.0,0.0,0.0,0.0,0.0,0.0,0.0,0.0,0.0,0.0,0.0,0.0,0.0,0.0,0.0,0.0,0.0,0.0,0.0,0.0,0.0,0.0,0.0,0.0,0.0,0.0,0.0,0.0,0.0,0.0,0.0,0.0,0.0,1.0,1.25,2.0,3.0,4.0,5.0,6.0,7.0,9.0,10.0,11.0,12.0,14.0,15.0,17.0,18.0,20.0,22.090000000000146,24.0,26.0,27.0,29.0,31.0,33.0,35.0,38.0,44.0,0.0,1000.6431372761726,1000.6941176652908,1000.7254902124405,1000.7529411911964,1000.7764706015587,1000.8000000119209,1000.8274509906769,1000.8627451062202,1000.9137254953384,3001.0,157.85266571044923,165.6028564453125,170.4660186767578,174.30606079101562,177.6422119140625,180.78468322753906,183.96356201171875,187.71621704101562,193.3630523681641,346.62255859375,204.89178,3.0,test_data/Useful/Validation/sharp sand at 2ft/20241020_172526_095.jpg,93.0,71.0,66.46116770324437
0,0.0,0.0,0.0,0.0,0.0,0.0,0.0,0.0,0.0,0.0,0.0,0.0,0.0,0.0,0.0,0.0,0.0,0.0,0.0,0.0,0.0,0.0,0.0,0.0,0.0,0.0,0.0,0.0,0.0,0.0,0.0,0.0,1.0,1.0,2.0,3.0,3.0,4.0,4.0,5.0,5.0,6.0,6.0,7.0,8.0,8.0,9.0,9.0,10.0,11.0,11.0,12.0,12.0,13.0,13.0,14.0,14.0,15.0,15.0,16.0,16.0,17.0,17.0,18.0,18.0,19.0,19.0,19.0,20.0,21.0,21.0,22.0,22.0,23.0,24.0,24.0,24.0,25.0,26.0,26.0,27.0,27.0,28.0,28.0,28.0,29.0,29.0,30.0,30.0,31.0,31.0,32.0,32.0,33.0,34.0,34.0,35.0,36.0,38.0,45.0,0.0,1000.4000000059605,1000.486274510622,1000.5568627715111,1000.6431372761726,1000.7843137383461,2000.4705882370472,2000.623529434204,2000.8039215803146,3000.584313750267,3001.0,146.52188110351562,154.2266082763672,159.22402954101562,163.20877685546876,166.8313446044922,170.3742889404297,174.28223419189453,179.58603210449218,191.8172607421875,346.170166015625,214.17725,2.0,test_data/Useful/Validation/Stone Dust at 1 ft/IMG_9353.jpg,334.0,177.0,25.318943673949043
1,0.0,0.0,0.0,0.0,0.0,0.0,0.0,0.0,0.0,0.0,0.0,0.0,0.0,0.0,0.0,0.0,0.0,0.0,0.0,0.0,0.0,0.0,0.0,0.0,0.0,0.0,0.0,0.0,0.0,0.0,0.0,0.0,0.0,0.0,1.0,2.0,2.0,3.0,4.0,4.0,5.0,6.0,6.0,7.0,8.0,8.0,9.0,10.0,10.0,10.0,11.0,11.0,12.0,12.0,13.0,14.0,14.0,15.0,15.0,16.0,16.0,17.0,17.0,18.0,18.0,19.0,19.0,20.0,21.0,21.0,22.0,22.0,22.0,23.0,23.0,24.0,24.0,25.0,25.0,26.0,27.0,27.0,28.0,28.0,29.0,29.0,30.0,30.0,31.0,31.0,32.0,32.0,33.0,33.0,34.0,35.0,35.0,36.0,38.0,45.0,0.0,1000.3450980484486,1000.4313725531101,1000.4980392158031,1000.5568627715111,1000.6196078658104,1000.678431391716,1000.7411764860153,1000.8627451062202,2000.6705882549286,3001.0,144.75677337646485,152.4890869140625,157.6547378540039,161.84362182617187,165.52813720703125,169.3746337890625,173.7271728515625,179.8209228515625,192.64808654785156,345.30560302734375,215.17229,2.0,test_data/Useful/Validation/Stone Dust at 1 ft/IMG_9354.jpg,347.0,203.0,29.90706718957888
2,0.0,2.0,5.0,7.0,8.950000000000003,10.0,11.0,12.0,13.0,13.0,14.0,15.0,16.0,17.0,17.0,18.0,18.0,18.0,19.0,19.0,20.0,20.0,20.0,21.0,21.0,22.0,22.0,22.0,23.0,23.0,23.0,24.0,24.0,24.0,24.0,25.0,25.0,25.0,25.0,25.0,26.0,26.0,26.0,26.0,27.0,27.0,27.0,27.0,27.0,28.0,28.0,28.0,28.0,29.0,29.0,29.0,29.0,29.0,30.0,30.0,30.0,30.0,30.0,31.0,31.0,31.0,31.0,31.0,32.0,32.0,32.0,32.0,32.0,32.0,33.0,33.0,33.0,33.0,33.0,34.0,34.0,34.0,34.0,35.0,35.0,35.0,35.0,36.0,36.0,36.0,36.0,37.0,37.0,37.0,38.0,38.0,39.0,40.0,41.0,45.0,32.0,1000.3568627536297,1000.5607843399048,1000.6980392336845,1000.8274509906769,2000.06274510175,2000.3568627536297,2000.6000000238419,2000.7960784435272,3000.0784313753247,3001.0,150.3245849609375,158.16519165039062,163.1937255859375,167.218994140625,170.81056213378906,174.39016723632812,178.41302490234375,183.96902465820312,196.8818359375,345.6607666015625,221.66537,2.0,test_data/Useful/Validation/Stone Dust at 1 ft/WhatsApp Image 2024-09-05 at 17.06.47 (2).jpeg,324.0,109.0,28.137214728358597
3,0.0,3.0,5.0,7.0,9.0,10.939999999999998,11.0,13.0,13.0,14.0,15.0,15.0,16.0,16.0,17.0,18.0,18.0,19.0,19.0,19.0,20.0,20.0,21.0,21.0,22.0,22.0,22.0,23.0,23.0,23.0,24.0,24.0,24.0,24.0,25.0,25.0,25.0,26.0,26.0,26.0,26.0,26.0,27.0,27.0,27.0,27.0,27.0,28.0,28.0,28.0,28.0,28.0,28.0,29.0,29.0,29.0,29.0,29.0,30.0,30.0,30.0,30.0,30.0,31.0,31.0,31.0,31.0,31.0,31.309999999999945,32.0,32.0,32.0,32.0,33.0,33.0,33.0,33.0,33.0,34.0,34.0,34.0,34.0,34.0,35.0,35.0,35.0,35.0,36.0,36.0,36.0,37.0,37.0,37.0,38.0,38.0,39.0,39.0,40.0,41.0,44.0,28.0,1000.3803921639919,1000.5921568870544,1000.7333333492279,1000.8784313797951,2000.1529411822557,2000.458823531866,2000.678431391716,2000.866666674614,3000.133333340287,3001.0,150.81208038330078,158.6087432861328,163.5794219970703,167.63310546875,171.24356842041016,174.85313415527344,178.8233642578125,184.28866577148438,196.89617919921875,345.73260498046875,221.83499,2.0,test_data/Useful/Validation/Stone Dust at 1 ft/WhatsApp Image 2024-09-05 at 17.06.47.jpeg,333.0,117.0,25.606258544395175
4,1.0,5.0,7.0,9.0,10.950000000000003,12.0,13.0,14.0,15.0,16.0,16.0,17.0,18.0,18.0,18.0,19.0,19.0,19.0,20.0,20.0,21.0,21.0,22.0,22.0,22.0,23.0,23.0,23.0,23.0,24.0,24.0,24.0,25.0,25.0,25.0,25.0,26.0,26.0,26.0,26.0,26.0,27.0,27.0,27.0,27.0,27.539999999999964,28.0,28.0,28.0,28.0,28.0,29.0,29.0,29.0,29.0,29.0,29.0,30.0,30.0,30.0,30.0,30.0,31.0,31.0,31.0,31.0,31.0,31.0,32.0,32.0,32.0,32.0,32.0,33.0,33.0,33.0,33.0,33.0,33.210000000000036,34.0,34.0,34.0,34.0,34.0,35.0,35.0,35.0,35.0,36.0,36.0,37.0,37.0,37.0,38.0,38.0,39.0,39.0,40.0,42.0,47.0,33.0,1000.3803921639919,1000.5882353186607,1000.7254902124405,1000.866666674614,2000.1176470592618,2000.4039215743542,2000.6313725709915,2000.8196078538895,3000.101960785687,3001.0,150.98602905273438,158.81615295410157,163.78731994628907,167.78390502929688,171.35147094726562,174.89828491210938,178.812744140625,184.2608215332031,196.90362548828125,345.71075439453125,221.28792,2.0,test_data/Useful/Validation/Stone Dust at 1 ft/WhatsApp Image 2024-09-05 at 17.06.48 (1).jpeg,284.0,103.0,34.235838365360614
5,1.990000000000002,4.0,7.0,9.0,10.0,11.0,12.930000000000007,13.0,14.0,15.0,16.0,16.0,17.0,17.0,18.0,18.0,19.0,19.0,20.0,20.0,20.0,21.0,21.0,21.0,22.0,22.0,22.0,23.0,23.0,23.0,23.0,24.0,24.0,24.0,24.0,25.0,25.0,25.0,25.0,26.0,26.0,26.0,26.0,27.0,27.0,27.0,27.0,27.0,28.0,28.0,28.0,28.0,28.0,29.0,29.0,29.0,29.0,29.0,30.0,30.0,30.0,30.0,30.0,31.0,31.0,31.0,31.0,31.0,32.0,32.0,32.0,32.0,32.0,33.0,33.0,33.0,33.0,33.0,33.210000000000036,34.0,34.0,34.0,34.0,34.0,35.0,35.0,35.0,35.0,36.0,36.0,36.0,37.0,37.0,37.0,38.0,38.0,39.0,40.0,41.0,46.0,34.0,1000.3764705955982,1000.5803921818733,1000.7215686440468,1000.8509804010391,2000.1058823540807,2000.4313725531101,2000.6705882549286,2000.8745098114014,3000.133333340287,3001.0,150.3582000732422,158.117236328125,163.11705780029297,167.13941955566406,170.75894927978516,174.35003356933595,178.33323822021484,183.83993530273438,196.93533325195312,345.7330017089844,221.5968,2.0,test_data/Useful/Validation/Stone Dust at 1 ft/WhatsApp Image 2024-09-05 at 17.06.48 (2).jpeg,330.0,126.0,28.569803569566147
6,0.0,3.980000000000004,6.0,8.0,10.0,11.0,12.0,13.0,14.0,14.900000000000006,15.0,16.0,16.0,17.0,18.0,18.0,19.0,19.0,19.0,20.0,20.0,21.0,21.0,21.0,21.0,22.0,22.0,22.0,23.0,23.0,23.0,23.680000000000064,24.0,24.0,24.0,25.0,25.0,25.0,25.0,26.0,26.0,26.0,26.0,26.0,27.0,27.0,27.0,27.0,28.0,28.0,28.0,28.0,28.0,29.0,29.0,29.0,29.0,29.0,29.0,30.0,30.0,30.0,30.0,30.0,31.0,31.0,31.0,31.0,31.0,32.0,32.0,32.0,32.0,32.0,32.0,33.0,33.0,33.0,33.0,34.0,34.0,34.0,34.0,34.0,35.0,35.0,35.0,35.0,36.0,36.0,36.0,37.0,37.0,37.0,38.0,38.0,39.0,40.0,41.0,45.0,32.0,1000.3725490272045,1000.584313750267,1000.7215686440468,1000.8509804010391,2000.0823529437184,2000.4156862795353,2000.6627451181412,2000.866666674614,3000.1294117718935,3001.0,150.9560348510742,158.7080047607422,163.68026733398438,167.6729461669922,171.23622131347656,174.83257141113282,178.7846450805664,184.04989624023438,196.80322265625,345.7430725097656,221.30449,2.0,test_data/Useful/Validation/Stone Dust at 1 ft/WhatsApp Image 2024-09-05 at 17.06.48 (3).jpeg,330.0,127.0,27.658592358310052
7,0.0,3.0,6.0,8.0,9.950000000000003,11.0,12.0,12.0,13.0,14.0,14.0,15.0,16.0,17.0,17.0,17.0,18.0,18.0,19.0,19.0,20.0,20.0,20.769999999999982,21.0,21.0,22.0,22.0,22.0,23.0,23.0,23.0,24.0,24.0,24.0,25.0,25.0,25.0,25.0,26.0,26.0,26.0,26.0,27.0,27.0,27.0,27.0,27.0,27.0,28.0,28.0,28.0,28.0,28.0,29.0,29.0,29.0,29.0,30.0,30.0,30.0,30.0,30.0,30.0,31.0,31.0,31.0,31.0,31.0,31.0,32.0,32.0,32.0,32.0,32.0,33.0,33.0,33.0,33.0,33.0,33.0,34.0,34.0,34.0,34.0,35.0,35.0,35.0,35.0,36.0,36.0,36.0,37.0,37.0,37.0,38.0,38.0,39.0,39.0,41.0,44.0,31.0,1000.3882353007793,1000.6000000238419,1000.7411764860153,1000.8941176533699,2000.1607843190432,2000.4549019634724,2000.6705882549286,2000.8588235378265,3000.113725490868,3001.0,150.43603515625,158.3282653808594,163.38021087646484,167.3659423828125,170.9949493408203,174.549560546875,178.52499389648438,183.96151733398438,196.972900390625,345.7160949707031,221.84958,2.0,test_data/Useful/Validation/Stone Dust at 1 ft/WhatsApp Image 2024-09-05 at 17.06.48.jpeg,327.0,127.0,33.21080320543906
8,1.0,3.0,6.0,8.0,9.0,11.0,11.0,12.0,13.0,14.0,15.0,15.0,16.0,17.0,17.0,17.840000000000032,18.0,19.0,19.0,20.0,20.0,20.0,21.0,21.0,21.0,22.0,22.0,22.0,23.0,23.0,23.0,24.0,24.0,24.0,24.0,25.0,25.0,25.0,25.0,26.0,26.0,26.0,26.0,27.0,27.0,27.0,27.0,28.0,28.0,28.0,28.0,28.0,29.0,29.0,29.0,29.0,29.0,29.0,30.0,30.0,30.0,30.0,30.0,30.0,31.0,31.0,31.0,31.0,31.0,32.0,32.0,32.0,32.0,32.0,32.0,32.0,33.0,33.0,33.0,33.0,34.0,34.0,34.0,34.0,34.15000000000009,35.0,35.0,35.0,36.0,36.0,36.0,37.0,37.0,38.0,38.0,38.0,39.0,39.01999999999998,41.0,45.0,32.0,1000.3411764800549,1000.5411764979362,1000.678431391716,1000.7960784435272,2000.0039215688594,2000.3176470696926,2000.5921568870544,2000.811764717102,3000.117647059262,3001.0,150.62344360351562,158.37110900878906,163.39572448730468,167.4190643310547,171.0114517211914,174.516845703125,178.4330596923828,183.87908935546875,196.54847717285156,345.6860656738281,221.52069,2.0,test_data/Useful/Validation/Stone Dust at 1 ft/WhatsApp Image 2024-09-05 at 17.06.49 (1).jpeg,322.0,133.0,26.15312221233145
9,1.0,3.980000000000004,6.0,8.0,10.0,11.0,12.0,13.0,14.0,14.0,15.0,16.0,16.0,17.0,17.0,18.0,19.0,19.0,19.0,20.0,20.0,20.779999999999973,21.0,21.0,22.0,22.0,22.0,23.0,23.0,23.0,24.0,24.0,24.0,24.0,25.0,25.0,25.0,25.0,25.0,26.0,26.0,26.0,26.0,27.0,27.0,27.0,27.0,27.0,28.0,28.0,28.0,28.0,28.0,28.0,29.0,29.0,29.0,29.0,29.0,30.0,30.0,30.0,30.0,30.0,31.0,31.0,31.0,31.0,31.0,32.0,32.0,32.0,32.0,32.0,33.0,33.0,33.0,33.0,33.0,34.0,34.0,34.0,34.0,35.0,35.0,35.0,35.0,36.0,36.0,36.0,36.0,37.0,37.0,38.0,38.0,38.0,39.0,40.0,41.0,45.0,29.0,1000.3215686380863,1000.5294117927551,1000.6666666865349,1000.7803921699524,1000.933333337307,2000.2627451121807,2000.5803921818733,2000.8196078538895,3000.1215686276555,3001.0,150.5821273803711,158.30093078613282,163.3470001220703,167.38278198242188,170.96408081054688,174.5596160888672,178.5208984375,183.81298828125,196.7053985595703,345.70721435546875,221.40105,2.0,test_data/Useful/Validation/Stone Dust at 1 ft/WhatsApp Image 2024-09-05 at 17.06.49 (2).jpeg,288.0,118.0,26.017563296915416
10,1.0,5.0,6.0,8.0,9.0,10.0,11.0,12.0,13.0,14.0,15.0,15.0,16.0,17.0,17.0,18.0,18.0,19.0,19.0,20.0,20.0,20.0,21.0,21.0,21.0,22.0,22.0,22.0,23.0,23.0,23.0,23.0,24.0,24.0,24.0,24.0,25.0,25.0,25.0,25.0,26.0,26.0,26.0,26.0,27.0,27.0,27.0,27.0,27.0,28.0,28.0,28.0,28.0,28.0,29.0,29.0,29.0,29.0,29.0,30.0,30.0,30.0,30.0,30.0,31.0,31.0,31.0,31.0,31.0,32.0,32.0,32.0,32.0,32.0,33.0,33.0,33.0,33.0,33.0,33.0,34.0,34.0,34.0,34.0,35.0,35.0,35.0,35.0,36.0,36.0,36.0,37.0,37.0,38.0,38.0,39.0,39.0,40.0,40.00999999999976,45.0,33.0,1000.3294117748737,1000.5333333611488,1000.6705882549286,1000.7803921699524,1000.9450980424881,2000.2745098173618,2000.572549045086,2000.8078431487083,3000.113725490868,3001.0,150.45999145507812,158.2379608154297,163.28717041015625,167.31396484375,170.9505615234375,174.47525024414062,178.419677734375,183.759033203125,196.81405639648438,345.6935119628906,221.51222,2.0,test_data/Useful/Validation/Stone Dust at 1 ft/WhatsApp Image 2024-09-05 at 17.06.49 (3).jpeg,290.0,88.0,30.379012918762356
11,1.990000000000002,4.0,6.0,8.960000000000008,10.0,11.0,12.0,13.0,14.0,15.0,16.0,16.0,17.0,18.0,18.0,18.0,19.0,19.0,20.0,20.0,21.0,21.0,22.0,22.0,22.0,23.0,23.0,23.0,24.0,24.0,24.0,24.0,24.0,25.0,25.0,25.0,25.0,26.0,26.0,26.0,26.0,27.0,27.0,27.0,27.0,27.0,27.0,28.0,28.0,28.0,28.0,28.0,29.0,29.0,29.0,29.0,29.0,29.0,30.0,30.0,30.0,30.0,30.0,30.0,31.0,31.0,31.0,31.0,31.0,32.0,32.0,32.0,32.0,32.0,32.0,33.0,33.0,33.0,33.0,33.0,34.0,34.0,34.0,34.0,35.0,35.0,35.0,35.0,36.0,36.0,36.0,37.0,37.0,37.0,38.0,38.0,39.0,39.0,40.00999999999976,44.0,30.0,1000.3607843220234,1000.5647059082985,1000.705882370472,1000.8470588326454,2000.1529411822557,2000.4509803950787,2000.6705882549286,2000.8627451062202,3000.1411764770746,3001.0,150.3612060546875,158.08218383789062,163.10760498046875,167.16201782226562,170.77981567382812,174.3026580810547,178.25843811035156,183.7698211669922,196.6600799560547,345.67730712890625,221.80876,2.0,test_data/Useful/Validation/Stone Dust at 1 ft/WhatsApp Image 2024-09-05 at 17.06.49.jpeg,314.0,127.0,32.58658114636261
12,2.990000000000002,5.0,7.0,9.0,11.0,12.0,13.0,14.0,15.0,16.0,16.0,17.0,17.0,18.0,18.0,19.0,19.0,20.0,20.0,20.0,21.0,21.0,21.0,21.0,22.0,22.0,23.0,23.0,23.0,23.0,24.0,24.0,24.0,24.0,25.0,25.0,25.0,25.0,26.0,26.0,26.0,26.0,26.0,27.0,27.0,27.0,27.0,27.0,28.0,28.0,28.0,28.0,28.0,29.0,29.0,29.0,29.0,29.0,29.0,30.0,30.0,30.0,30.0,30.0,31.0,31.0,31.0,31.0,31.0,32.0,32.0,32.0,32.0,32.0,33.0,33.0,33.0,33.0,33.0,33.200000000000045,34.0,34.0,34.0,34.0,35.0,35.0,35.0,35.0,36.0,36.0,36.0,37.0,37.0,37.0,38.0,38.0,39.0,39.0,41.0,44.0,29.0,1000.3137255012989,1000.517647087574,1000.6588235497475,1000.7686274647713,1000.9019607901573,2000.203921571374,2000.5490196347237,2000.811764717102,3000.1215686276555,3001.0,150.86263122558594,158.5373779296875,163.6227767944336,167.59085693359376,171.15222930908203,174.72906494140625,178.6408233642578,183.96868896484375,196.70578002929688,345.71563720703125,221.32338,2.0,test_data/Useful/Validation/Stone Dust at 1 ft/WhatsApp Image 2024-09-05 at 17.06.50 (1).jpeg,320.0,147.0,32.09021089172924
13,2.0,5.0,7.0,9.0,10.0,12.0,13.0,13.0,14.0,15.0,15.0,16.0,16.0,17.0,17.0,18.0,18.0,19.0,19.0,19.0,20.0,20.0,21.0,21.0,21.0,22.0,22.0,22.0,23.0,23.0,23.0,23.0,24.0,24.0,24.0,24.0,25.0,25.0,25.0,25.0,26.0,26.0,26.0,26.0,27.0,27.0,27.0,27.0,27.0,27.0,28.0,28.0,28.0,28.0,28.0,29.0,29.0,29.0,29.0,30.0,30.0,30.0,30.0,30.0,30.0,31.0,31.0,31.0,31.0,31.0,31.0,32.0,32.0,32.0,32.0,32.0,33.0,33.0,33.0,33.0,34.0,34.0,34.0,34.0,34.0,35.0,35.0,35.0,35.0,36.0,36.0,36.0,37.0,37.0,37.0,38.0,39.0,39.01999999999998,40.00999999999976,44.0,31.0,1000.2980392277241,1000.5019608139992,1000.6392157077789,1000.745098054409,1000.8509804010391,2000.0352941192687,2000.5215686559677,2000.878431379795,3000.1568627506495,3001.0,151.1416778564453,158.88426208496094,163.93093872070312,167.94906311035157,171.5058822631836,174.987646484375,178.8751495361328,184.1280975341797,196.61175537109375,345.7445068359375,221.01396,2.0,test_data/Useful/Validation/Stone Dust at 1 ft/WhatsApp Image 2024-09-05 at 17.06.50 (2).jpeg,295.0,114.0,28.996304445313893
14,1.0,4.0,6.0,8.0,10.0,11.0,12.930000000000007,13.0,14.0,14.900000000000006,15.0,16.0,16.0,17.0,17.0,18.0,19.0,19.0,19.0,20.0,20.0,20.0,21.0,21.0,21.0,22.0,22.0,23.0,23.0,23.0,23.0,24.0,24.0,24.0,24.0,25.0,25.0,25.0,25.0,26.0,26.0,26.0,26.0,26.0,27.0,27.0,27.0,27.0,27.0,28.0,28.0,28.0,28.0,28.460000000000036,29.0,29.0,29.0,29.0,29.0,30.0,30.0,30.0,30.0,30.0,30.0,31.0,31.0,31.0,31.0,31.0,32.0,32.0,32.0,32.0,32.0,33.0,33.0,33.0,33.0,34.0,34.0,34.0,34.0,34.0,35.0,35.0,35.0,35.0,36.0,36.0,36.0,36.0,37.0,37.0,38.0,38.0,39.0,40.0,41.0,45.0,30.0,1000.352941185236,1000.5607843399048,1000.6980392336845,1000.8235294222832,2000.0274509806186,2000.3411764800549,2000.6078431606293,2000.8156862854958,3000.101960785687,3001.0,150.44244384765625,158.16778564453125,163.21180267333983,167.229638671875,170.84716796875,174.42613220214844,178.37075805664062,183.74783325195312,196.77487182617188,345.72509765625,221.87355,2.0,test_data/Useful/Validation/Stone Dust at 1 ft/WhatsApp Image 2024-09-05 at 17.06.50.jpeg,327.0,134.0,27.0074218071434
15,0.990000000000002,3.0,5.969999999999999,8.0,9.0,11.0,12.0,13.0,13.0,14.0,15.0,16.0,16.0,17.0,17.0,18.0,18.0,19.0,19.0,20.0,20.0,20.779999999999973,21.0,21.0,22.0,22.0,22.0,23.0,23.0,23.0,23.0,24.0,24.0,24.0,24.0,24.0,25.0,25.0,25.0,25.600000000000023,26.0,26.0,26.0,26.0,27.0,27.0,27.0,27.0,27.0,28.0,28.0,28.0,28.0,28.0,28.0,29.0,29.0,29.0,29.0,29.0,30.0,30.0,30.0,30.0,30.0,31.0,31.0,31.0,31.0,31.0,31.0,32.0,32.0,32.0,32.0,32.0,32.0,33.0,33.0,33.0,34.0,34.0,34.0,34.0,34.0,35.0,35.0,35.0,35.0,36.0,36.0,36.0,37.0,37.0,37.0,38.0,39.0,39.0,41.0,47.0,28.0,1000.3058823645115,1000.5137255191803,1000.65098041296,1000.7647058963776,1000.8941176533699,2000.1921568661928,2000.5529412031174,2000.8274509906769,3000.1294117718935,3001.0,150.66236877441406,158.32125244140624,163.35257110595703,167.32260131835938,170.9274444580078,174.45021057128906,178.36538696289062,183.70790100097656,196.56808471679688,345.70733642578125,221.467,2.0,test_data/Useful/Validation/Stone Dust at 1 ft/WhatsApp Image 2024-09-05 at 17.06.51 (1).jpeg,323.0,127.0,34.79672488168404
16,1.0,4.0,8.0,9.0,11.0,12.0,13.930000000000007,15.0,16.0,16.0,17.0,18.0,18.0,19.0,20.0,20.0,21.0,21.0,22.0,22.0,23.0,23.0,23.0,24.0,24.0,24.0,25.0,25.0,25.0,25.0,26.0,26.0,26.0,27.0,27.0,27.0,27.0,28.0,28.0,28.0,28.0,28.0,29.0,29.0,29.0,29.0,29.0,29.519999999999982,30.0,30.0,30.0,30.0,30.0,30.0,31.0,31.0,31.0,31.0,31.0,32.0,32.0,32.0,32.0,32.0,32.0,33.0,33.0,33.0,33.0,33.0,33.0,34.0,34.0,34.0,34.0,34.0,34.0,35.0,35.0,35.0,35.0,35.0,36.0,36.0,36.0,36.0,36.0,37.0,37.0,37.0,37.0,38.0,38.0,38.0,39.0,39.0,40.0,41.0,42.0,46.0,32.0,1000.3215686380863,1000.5294117927551,1000.6549019813538,1000.7529411911964,1000.9294117689133,2000.5294117927551,2000.733333349228,3000.0705882385373,3000.274509817362,3001.0,150.84095001220703,158.52798767089843,163.58201293945314,167.6962127685547,171.3001251220703,174.9320068359375,178.94534912109376,184.45809936523438,197.6892852783203,345.8504638671875,220.73346,2.0,test_data/Useful/Validation/Stone Dust at 1 ft/WhatsApp Image 2024-09-05 at 17.06.51 (2).jpeg,312.0,102.0,39.94222603653624
17,0.0,4.980000000000004,7.0,9.0,11.0,12.0,13.0,14.0,15.0,16.0,16.889999999999986,17.0,18.0,19.0,19.0,20.0,20.0,21.0,21.0,22.0,22.0,22.0,23.0,23.0,23.0,24.0,24.0,24.0,25.0,25.0,25.0,25.0,26.0,26.0,26.0,27.0,27.0,27.0,27.0,28.0,28.0,28.0,28.0,28.0,29.0,29.0,29.0,29.0,29.0,30.0,30.0,30.0,30.0,30.0,31.0,31.0,31.0,31.0,31.0,31.0,32.0,32.0,32.0,32.0,32.0,32.0,33.0,33.0,33.0,33.0,33.0,33.0,34.0,34.0,34.0,34.0,34.0,34.0,35.0,35.0,35.0,35.0,35.0,36.0,36.0,36.0,36.0,37.0,37.0,37.0,38.0,38.0,38.0,39.0,39.0,39.0,40.0,41.0,42.0,45.0,32.0,1000.3333333432674,1000.5411764979362,1000.6666666865349,1000.772549033165,2000.1176470592618,2000.5686274766922,2000.7490196228027,3000.0823529437184,3000.2823529541492,3001.0,150.81264953613282,158.4316864013672,163.52821350097656,167.5810302734375,171.2617416381836,174.93202209472656,178.996826171875,184.53884887695312,197.64517211914062,345.8392028808594,220.67831,2.0,test_data/Useful/Validation/Stone Dust at 1 ft/WhatsApp Image 2024-09-05 at 17.06.51 (3).jpeg,365.0,119.0,32.963311383106124
18,2.0,5.0,7.0,9.0,11.0,12.0,12.0,13.0,14.0,15.0,15.889999999999986,16.0,17.0,17.0,18.0,18.0,19.0,19.0,19.0,20.0,20.0,21.0,21.0,21.0,22.0,22.0,22.0,22.0,23.0,23.0,23.0,23.0,24.0,24.0,24.0,24.0,25.0,25.0,25.0,25.0,26.0,26.0,26.0,26.0,27.0,27.0,27.0,27.0,27.0,28.0,28.0,28.0,28.0,28.0,29.0,29.0,29.0,29.0,29.0,30.0,30.0,30.0,30.0,30.0,31.0,31.0,31.0,31.0,31.0,31.0,32.0,32.0,32.0,32.0,33.0,33.0,33.0,33.0,33.0,34.0,34.0,34.0,34.0,34.159999999999854,35.0,35.0,35.0,35.0,36.0,36.0,36.0,36.0,37.0,37.0,38.0,38.0,39.0,40.0,41.0,48.0,31.0,1000.3176470696926,1000.5215686559677,1000.6588235497475,1000.7686274647713,1000.8823529481888,2000.1686274558306,2000.623529434204,2001.0,3000.1803921610117,3001.0,150.8935333251953,158.638330078125,163.6241455078125,167.56246948242188,171.18711853027344,174.66646728515624,178.63099670410156,183.98374328613284,196.66708374023438,345.74908447265625,221.59503,2.0,test_data/Useful/Validation/Stone Dust at 1 ft/WhatsApp Image 2024-09-05 at 17.06.51.jpeg,282.0,112.0,30.371598772481658
19,1.0,5.0,8.0,10.0,11.0,13.0,14.0,15.0,16.0,16.900000000000006,17.0,18.0,18.870000000000005,19.0,20.0,20.0,21.0,21.0,22.0,22.0,23.0,23.0,23.0,24.0,24.0,24.0,24.0,25.0,25.0,25.0,26.0,26.0,26.0,26.0,27.0,27.0,27.0,27.0,28.0,28.0,28.0,28.0,28.0,29.0,29.0,29.0,29.0,30.0,30.0,30.0,30.0,30.0,30.0,31.0,31.0,31.0,31.0,31.0,31.409999999999854,32.0,32.0,32.0,32.0,32.0,32.0,33.0,33.0,33.0,33.0,33.0,33.0,33.0,34.0,34.0,34.0,34.0,34.0,35.0,35.0,35.0,35.0,35.0,36.0,36.0,36.0,36.0,37.0,37.0,37.0,37.0,38.0,38.0,38.0,39.0,39.0,40.0,40.0,41.0,42.00999999999976,46.0,33.0,1000.3372549116611,1000.54509806633,1000.6705882549286,1000.7686274647713,2000.074509806931,2000.5647059082985,2000.7568627595901,3000.101960785687,3000.301960796118,3001.0,150.8151397705078,158.56667785644532,163.66452026367188,167.72683715820312,171.3817138671875,175.03884887695312,179.02362670898438,184.53903503417968,197.78482055664062,345.8608703613281,220.78337,2.0,test_data/Useful/Validation/Stone Dust at 1 ft/WhatsApp Image 2024-09-05 at 17.06.52 (1).jpeg,367.0,135.0,32.228356178867685
20,1.0,5.0,7.969999999999999,9.0,11.0,12.0,13.0,15.0,16.0,16.0,17.0,18.0,19.0,19.860000000000014,20.0,20.0,21.0,21.0,22.0,22.0,23.0,23.0,23.0,24.0,24.0,24.0,24.0,25.0,25.0,25.0,26.0,26.0,26.0,26.0,27.0,27.0,27.0,27.0,27.0,28.0,28.0,28.0,28.0,28.0,29.0,29.0,29.0,29.0,29.0,30.0,30.0,30.0,30.0,31.0,31.0,31.0,31.0,31.0,31.0,31.0,32.0,32.0,32.0,32.0,32.0,32.0,33.0,33.0,33.0,33.0,33.0,33.0,34.0,34.0,34.0,34.0,34.0,35.0,35.0,35.0,35.0,35.0,36.0,36.0,36.0,36.13999999999987,37.0,37.0,37.0,38.0,38.0,38.0,39.0,39.0,39.0,40.0,40.0,41.0,42.0,48.0,33.0,1000.4627451002598,1000.6549019813538,1000.7960784435272,2000.203921571374,2000.4431372582912,2000.6039215922356,2000.7137255072594,2000.8431372642517,3000.2000000029802,3001.0,149.8843963623047,157.74892883300782,162.7894302368164,166.860205078125,170.58099365234375,174.2493408203125,178.43289184570312,184.08282470703125,197.96780395507812,345.8460998535156,220.86967,2.0,test_data/Useful/Validation/Stone Dust at 1 ft/WhatsApp Image 2024-09-05 at 17.06.52 (2).jpeg,359.0,122.0,28.818132447836234
21,2.0,6.0,8.0,9.0,11.0,13.0,14.0,15.0,16.0,17.0,18.0,18.0,19.0,20.0,20.0,21.0,21.0,22.0,22.0,22.0,23.0,23.0,23.0,24.0,24.0,24.0,25.0,25.0,25.0,25.0,26.0,26.0,26.0,27.0,27.0,27.0,27.0,27.0,28.0,28.0,28.0,28.0,29.0,29.0,29.0,29.0,29.0,29.0,30.0,30.0,30.0,30.0,30.0,30.0,31.0,31.0,31.0,31.0,31.0,31.0,32.0,32.0,32.0,32.0,32.0,32.0,33.0,33.0,33.0,33.0,33.0,34.0,34.0,34.0,34.0,34.0,35.0,35.0,35.0,35.0,35.0,35.0,36.0,36.0,36.0,36.0,37.0,37.0,37.0,37.0,38.0,38.0,38.0,39.0,39.0,39.0,40.0,41.0,42.0,46.0,30.0,1000.4313725531101,1000.6274510025978,1000.7490196228027,2000.0666666701436,2000.3686274588108,2000.572549045086,2000.7019608020782,2000.8352941274643,3000.192156866193,3001.0,149.89013214111327,157.7406768798828,162.86302947998047,167.0031982421875,170.65444946289062,174.3712615966797,178.51202392578125,184.21820068359375,197.82839965820312,345.85870361328125,220.80981,2.0,test_data/Useful/Validation/Stone Dust at 1 ft/WhatsApp Image 2024-09-05 at 17.06.52 (3).jpeg,350.0,117.0,30.444347453307287
22,3.0,7.980000000000004,9.0,11.0,12.0,13.0,14.0,15.0,16.0,17.0,18.0,18.0,19.0,20.0,20.0,21.0,21.0,21.0,22.0,22.0,22.0,23.0,23.0,23.0,24.0,24.0,25.0,25.0,25.0,25.0,26.0,26.0,26.0,26.0,27.0,27.0,27.0,27.0,28.0,28.0,28.0,28.0,28.0,28.0,29.0,29.0,29.0,29.0,29.0,30.0,30.0,30.0,30.0,30.0,31.0,31.0,31.0,31.0,31.0,31.0,32.0,32.0,32.0,32.0,32.0,32.0,33.0,33.0,33.0,33.0,33.0,33.0,34.0,34.0,34.0,34.0,34.0,34.0,35.0,35.0,35.0,35.0,36.0,36.0,36.0,36.0,36.0,37.0,37.0,37.0,38.0,38.0,38.0,39.0,39.0,40.0,40.0,41.0,42.0,47.0,33.0,1000.4705882370472,1000.6627451181412,1000.8235294222832,2000.3333333432674,2000.5607843399048,2000.678431391716,2000.7803921699524,3000.113725490868,3000.3294117748737,3001.0,150.55841979980468,158.35147705078126,163.34852905273436,167.3601043701172,171.0124282836914,174.5897186279297,178.60939025878906,184.2223358154297,197.85935974121094,345.856201171875,220.98463,2.0,test_data/Useful/Validation/Stone Dust at 1 ft/WhatsApp Image 2024-09-05 at 17.07.01 (1).jpeg,303.0,101.0,28.763296641607973
23,3.0,7.0,9.0,11.0,13.0,14.0,14.0,15.0,16.0,17.0,18.0,18.0,19.0,19.860000000000014,20.0,20.0,21.0,21.0,21.0,22.0,22.0,23.0,23.0,23.0,24.0,24.0,24.0,25.0,25.0,25.0,25.0,26.0,26.0,26.0,26.0,26.0,27.0,27.0,27.0,27.0,27.0,28.0,28.0,28.0,28.0,28.0,29.0,29.0,29.0,29.0,30.0,30.0,30.0,30.0,30.0,30.0,31.0,31.0,31.0,31.0,31.0,32.0,32.0,32.0,32.0,32.0,32.0,33.0,33.0,33.0,33.0,33.0,33.0,34.0,34.0,34.0,34.0,34.0,34.0,35.0,35.0,35.0,35.0,35.0,36.0,36.0,36.0,36.0,37.0,37.0,37.0,38.0,38.0,38.0,39.0,39.0,40.0,41.0,42.0,46.0,32.0,1000.4431372582912,1000.6313725709915,1000.7568627595901,2000.188235297799,2000.5254902243614,2000.6705882549286,2000.7882353067398,3000.133333340287,3000.341176480055,3001.0,150.72562255859376,158.66481018066406,163.7452865600586,167.78778991699218,171.39524841308594,175.00264892578124,179.02670288085938,184.48394775390625,197.82980346679688,345.8607177734375,220.86685,2.0,test_data/Useful/Validation/Stone Dust at 1 ft/WhatsApp Image 2024-09-05 at 17.07.01 (2).jpeg,284.0,89.0,29.517854816967358
24,2.0,6.0,9.0,10.0,12.0,13.0,14.0,15.0,16.0,17.0,18.0,18.0,19.0,19.0,20.0,20.0,21.0,21.0,22.0,22.0,23.0,23.0,23.0,24.0,24.0,24.0,25.0,25.0,25.0,25.0,26.0,26.0,26.0,26.0,27.0,27.0,27.0,27.0,27.0,28.0,28.0,28.0,28.0,28.0,29.0,29.0,29.0,29.0,29.0,29.0,30.0,30.0,30.0,30.0,30.0,31.0,31.0,31.0,31.0,32.0,32.0,32.0,32.0,32.0,32.0,33.0,33.0,33.0,33.0,33.0,33.0,34.0,34.0,34.0,34.0,34.0,35.0,35.0,35.0,35.0,35.0,36.0,36.0,36.0,36.0,36.0,37.0,37.0,37.0,37.0,37.090000000000146,38.0,38.0,39.0,39.0,39.0,40.0,41.0,42.0,47.0,29.0,1000.4235294163227,1000.611764729023,1000.7254902124405,1000.9843137264252,2000.4509803950787,2000.6352941393852,2000.7490196228027,3000.0941176488996,3000.3176470696926,3001.0,150.95445251464844,158.69239807128906,163.67471313476562,167.73947143554688,171.41876220703125,175.07659912109375,179.09262084960938,184.58802795410156,197.85175323486328,345.8619384765625,220.28873,2.0,test_data/Useful/Validation/Stone Dust at 1 ft/WhatsApp Image 2024-09-05 at 17.07.01.jpeg,298.0,102.0,30.418594424296558
25,1.0,4.0,5.0,7.960000000000008,9.0,10.0,10.930000000000007,11.0,12.0,13.0,14.0,14.0,15.0,16.0,16.0,17.0,17.0,17.0,18.0,18.0,18.0,19.0,19.0,19.75999999999999,20.0,20.0,20.0,21.0,21.0,21.0,22.0,22.0,22.0,23.0,23.0,23.0,23.0,24.0,24.0,24.0,24.0,25.0,25.0,25.0,25.0,25.539999999999964,26.0,26.0,26.0,27.0,27.0,27.0,27.0,27.0,28.0,28.0,28.0,28.0,28.0,29.0,29.0,29.0,29.0,30.0,30.0,30.0,30.0,30.0,31.0,31.0,31.0,31.0,31.0,32.0,32.0,32.0,32.0,32.0,33.0,33.0,33.0,33.0,33.0,34.0,34.0,34.0,35.0,35.0,35.0,35.0,36.0,36.0,37.0,37.0,37.0,38.0,38.0,39.0,40.00999999999976,47.0,27.0,1000.4352941215038,1000.6235294342041,1000.7215686440468,1000.8274509906769,2000.2509804069996,2000.584313750267,2000.745098054409,3000.0705882385373,3000.2784313857555,3001.0,149.5265625,157.33699951171874,162.30236206054687,166.3377716064453,169.982421875,173.58009338378906,177.58367919921875,183.2794952392578,197.19773864746094,345.8624572753906,221.9625,2.0,test_data/Useful/Validation/Stone Dust at 1 ft/WhatsApp Image 2024-09-05 at 17.07.02 (1).jpeg,348.0,126.0,30.85640810599372
26,1.0,3.0,5.0,7.0,8.950000000000003,10.0,11.0,12.0,12.0,13.0,14.0,14.0,15.0,16.0,16.0,16.0,17.0,17.0,18.0,18.0,19.0,19.0,19.0,20.0,20.0,20.74000000000001,21.0,21.0,21.0,22.0,22.0,22.0,23.0,23.0,23.0,23.0,24.0,24.0,24.0,25.0,25.0,25.0,25.0,25.0,26.0,26.0,26.0,26.0,26.0,27.0,27.0,27.0,27.0,27.0,28.0,28.0,28.0,28.0,28.0,29.0,29.0,29.0,29.0,29.0,30.0,30.0,30.0,30.0,30.0,31.0,31.0,31.0,31.0,31.0,32.0,32.0,32.0,32.0,33.0,33.0,33.0,33.0,33.0,34.0,34.0,34.0,35.0,35.0,35.0,36.0,36.0,36.0,37.0,37.0,37.0,38.0,39.0,40.0,41.0,47.0,30.0,1000.4431372582912,1000.6352941393852,1000.7333333492279,1000.8274509906769,2000.137254908681,2000.5921568870544,2000.7803921699524,3000.0941176488996,3000.309803932905,3001.0,149.51722717285156,157.37135314941406,162.3971710205078,166.44005737304687,170.08346557617188,173.75939331054687,177.808544921875,183.3571990966797,197.09945678710938,345.9246826171875,222.22969,2.0,test_data/Useful/Validation/Stone Dust at 1 ft/WhatsApp Image 2024-09-05 at 17.07.02 (2).jpeg,347.0,131.0,29.156214022177352
27,0.0,2.0,4.0,7.0,8.0,9.0,10.0,11.0,12.0,13.0,14.0,14.0,15.0,15.0,15.0,16.0,17.0,17.0,18.0,18.0,18.0,19.0,19.0,20.0,20.0,20.0,20.730000000000018,21.0,21.0,21.0,22.0,22.0,22.0,23.0,23.0,23.0,23.0,24.0,24.0,24.0,24.0,25.0,25.0,25.0,25.549999999999955,26.0,26.0,26.0,26.0,27.0,27.0,27.0,27.0,27.0,28.0,28.0,28.0,28.0,28.409999999999854,29.0,29.0,29.0,29.0,29.0,30.0,30.0,30.0,30.0,30.0,31.0,31.0,31.0,31.0,32.0,32.0,32.0,32.0,32.0,33.0,33.0,33.0,33.0,34.0,34.0,34.0,34.0,35.0,35.0,35.0,35.0,36.0,36.0,37.0,37.0,37.0,38.0,39.0,39.0,41.0,44.0,30.0,1000.4313725531101,1000.6235294342041,1000.7254902124405,1000.8196078538895,2000.1843137294054,2000.5647059082985,2000.7411764860153,3000.058823529631,3000.2823529541492,3001.0,150.18124237060547,157.81277465820312,162.78826904296875,166.8311309814453,170.51490783691406,174.1339874267578,178.17320251464844,183.6646728515625,197.3361358642578,345.89556884765625,221.7522,2.0,test_data/Useful/Validation/Stone Dust at 1 ft/WhatsApp Image 2024-09-05 at 17.07.02 (3).jpeg,345.0,119.0,35.132721948231314
28,0.0,1.980000000000004,4.0,6.0,7.0,8.0,9.0,10.0,11.0,12.0,13.0,14.0,14.0,15.0,15.0,16.0,16.0,17.0,17.0,18.0,18.0,18.0,19.0,19.0,20.0,20.0,20.0,21.0,21.0,21.0,21.0,22.0,22.0,22.0,23.0,23.0,23.0,23.0,24.0,24.0,24.0,25.0,25.0,25.0,25.0,25.0,26.0,26.0,26.0,26.0,26.0,27.0,27.0,27.0,27.0,28.0,28.0,28.0,28.0,28.0,29.0,29.0,29.0,29.0,30.0,30.0,30.0,30.0,30.0,31.0,31.0,31.0,31.0,31.0,32.0,32.0,32.0,32.0,32.0,33.0,33.0,33.0,33.0,34.0,34.0,34.0,35.0,35.0,35.0,35.09999999999991,36.0,36.0,37.0,37.0,37.0,38.0,38.0,39.0,40.0,45.0,32.0,1000.4156862795353,1000.6196078658104,1000.7254902124405,1000.8196078538895,2000.176470592618,2000.6039215922356,2000.772549033165,3000.086274512112,3000.3058823645115,3001.0,150.0870819091797,157.9436492919922,162.94607543945312,167.00796508789062,170.63125610351562,174.22987365722656,178.2019485473633,183.71536865234376,197.27789306640625,345.9243469238281,221.626,2.0,test_data/Useful/Validation/Stone Dust at 1 ft/WhatsApp Image 2024-09-05 at 17.07.02.jpeg,370.0,128.0,29.550700083069643
29,0.0,2.0,4.0,6.0,8.0,10.0,10.0,11.0,12.0,12.0,13.0,14.0,14.0,15.0,15.0,16.0,16.0,17.0,18.0,18.0,18.0,19.0,19.0,19.0,20.0,20.0,20.0,21.0,21.0,22.0,22.0,22.0,23.0,23.0,23.0,23.0,24.0,24.0,24.0,24.0,25.0,25.0,25.0,25.0,26.0,26.0,26.0,26.0,26.0,27.0,27.0,27.0,27.0,28.0,28.0,28.0,28.0,28.0,28.409999999999854,29.0,29.0,29.0,29.0,29.0,30.0,30.0,30.0,30.0,30.0,31.0,31.0,31.0,31.0,31.0,31.0,32.0,32.0,32.0,32.0,33.0,33.0,33.0,33.0,34.0,34.0,34.0,34.0,35.0,35.0,35.0,36.0,36.0,36.0,37.0,37.0,38.0,39.0,40.0,41.00999999999976,46.0,30.0,1000.4313725531101,1000.6235294342041,1000.7215686440468,1000.8196078538895,2000.203921571374,2000.572549045086,2000.745098054409,3000.058823529631,3000.2784313857555,3001.0,149.8129852294922,157.49306945800782,162.57018432617187,166.62237548828125,170.2479705810547,173.82450256347656,177.88094329833984,183.48562622070312,197.15103149414062,345.87701416015625,221.95255,2.0,test_data/Useful/Validation/Stone Dust at 1 ft/WhatsApp Image 2024-09-05 at 17.07.03 (1).jpeg,359.0,132.0,32.070920154353146
30,0.0,2.980000000000004,5.0,6.0,8.0,9.0,10.0,11.0,12.0,13.0,13.0,14.0,14.0,15.0,15.0,16.0,16.0,17.0,17.0,18.0,18.0,18.0,19.0,19.0,19.0,20.0,20.0,20.0,21.0,21.0,21.0,22.0,22.0,22.0,22.0,23.0,23.0,23.0,23.0,24.0,24.0,24.0,24.569999999999936,25.0,25.0,25.0,26.0,26.0,26.0,26.0,26.0,27.0,27.0,27.0,27.0,28.0,28.0,28.0,28.0,28.0,29.0,29.0,29.0,29.0,30.0,30.0,30.0,30.0,30.0,31.0,31.0,31.0,31.0,32.0,32.0,32.0,32.0,32.0,33.0,33.0,33.0,33.0,34.0,34.0,34.0,34.0,35.0,35.0,35.0,36.0,36.0,36.0,37.0,37.0,38.0,38.0,39.0,40.0,41.0,45.0,28.0,1000.4313725531101,1000.6274510025978,1000.7254902124405,1000.8196078538895,2000.1568627506495,2000.5882353186607,2000.7686274647713,3000.086274512112,3000.301960796118,3001.0,149.94124755859374,157.77532348632812,162.8541488647461,166.94064025878907,170.5880889892578,174.17955017089844,178.19293212890625,183.7088165283203,197.20449829101562,345.907470703125,221.80469,2.0,test_data/Useful/Validation/Stone Dust at 1 ft/WhatsApp Image 2024-09-05 at 17.07.03 (2).jpeg,350.0,115.0,33.28562853707929
31,0.0,3.0,5.0,7.0,8.0,9.0,10.0,11.0,12.0,13.0,14.0,14.0,15.0,15.0,16.0,17.0,17.0,17.819999999999993,18.0,18.0,19.0,19.0,19.0,20.0,20.0,20.0,21.0,21.0,21.0,22.0,22.0,22.0,23.0,23.0,23.0,23.0,24.0,24.0,24.0,24.0,25.0,25.0,25.0,25.0,26.0,26.0,26.0,26.0,26.0,27.0,27.0,27.0,27.0,27.0,28.0,28.0,28.0,28.0,28.0,29.0,29.0,29.0,29.0,29.0,30.0,30.0,30.0,30.0,30.0,31.0,31.0,31.0,31.0,32.0,32.0,32.0,32.0,32.0,33.0,33.0,33.0,33.0,34.0,34.0,34.0,34.0,35.0,35.0,35.0,35.0,36.0,36.0,37.0,37.0,37.0,38.0,38.0,39.0,41.0,45.0,28.0,1000.4392156898975,1000.6392157077789,1000.7411764860153,1000.8431372642517,2000.2823529541492,2000.6274510025978,2000.7803921699524,3000.086274512112,3000.3058823645115,3001.0,149.810710144043,157.7383270263672,162.76419067382812,166.83509521484376,170.4785919189453,174.07525634765625,178.06635589599608,183.6685272216797,197.38314819335938,345.91748046875,221.73407,2.0,test_data/Useful/Validation/Stone Dust at 1 ft/WhatsApp Image 2024-09-05 at 17.07.03 (3).jpeg,367.0,141.0,34.01522610965132
32,0.0,3.0,5.0,6.0,8.0,9.0,10.0,11.0,12.0,13.0,13.0,14.0,14.0,15.0,15.0,16.0,17.0,17.0,17.0,18.0,18.0,19.0,19.0,20.0,20.0,20.0,20.0,21.0,21.0,21.0,22.0,22.0,22.0,22.0,23.0,23.0,23.0,23.0,24.0,24.0,24.0,25.0,25.0,25.0,25.0,25.0,26.0,26.0,26.0,26.0,27.0,27.0,27.0,27.0,27.0,28.0,28.0,28.0,28.0,29.0,29.0,29.0,29.0,29.0,30.0,30.0,30.0,30.0,30.0,31.0,31.0,31.0,31.0,31.0,32.0,32.0,32.0,32.0,32.0,32.0,33.0,33.0,33.0,34.0,34.0,34.0,34.0,35.0,35.0,35.0,36.0,36.0,36.0,37.0,37.0,38.0,38.0,39.0,41.0,47.0,31.0,1000.4431372582912,1000.6313725709915,1000.7254902124405,1000.8196078538895,2000.1254902034998,2000.5803921818733,2000.7764706015587,3000.0980392172933,3000.309803932905,3001.0,149.87548065185547,157.51353454589844,162.55250549316406,166.53805541992188,170.1753692626953,173.79584045410155,177.78202209472656,183.30545654296876,197.01231384277344,345.9088134765625,222.12674,2.0,test_data/Useful/Validation/Stone Dust at 1 ft/WhatsApp Image 2024-09-05 at 17.07.03.jpeg,362.0,123.0,25.893054995132506
33,1.0,3.0,5.0,6.0,8.0,9.0,11.0,12.0,12.0,13.0,14.0,14.0,15.0,15.0,16.0,16.0,17.0,17.0,17.0,18.0,18.0,19.0,19.0,19.0,20.0,20.0,20.0,21.0,21.0,21.0,21.0,22.0,22.0,22.0,22.0,23.0,23.0,23.0,24.0,24.0,24.0,25.0,25.0,25.0,25.0,26.0,26.0,26.0,26.0,27.0,27.0,27.0,27.0,28.0,28.0,28.0,28.0,28.0,29.0,29.0,29.0,29.0,29.0,29.0,30.0,30.0,30.0,30.0,30.0,31.0,31.0,31.0,31.0,31.0,32.0,32.0,32.0,32.0,33.0,33.0,33.0,33.0,33.0,34.0,34.0,34.0,34.0,35.0,35.0,35.0,36.0,36.0,36.0,37.0,37.0,38.0,39.0,39.0,40.0,49.0,30.0,1000.4392156898975,1000.6352941393852,1000.7372549176216,1000.839215695858,2000.2745098173618,2000.611764729023,2000.7686274647713,3000.0784313753247,3000.298039227724,3001.0,150.09383087158204,157.82037048339845,162.8090072631836,166.82658996582032,170.47476959228516,174.10202026367188,178.13226318359375,183.61618041992188,197.14926147460938,345.9034729003906,221.74094,2.0,test_data/Useful/Validation/Stone Dust at 1 ft/WhatsApp Image 2024-09-05 at 17.07.04 (1).jpeg,346.0,126.0,31.45928288255949
34,0.0,3.0,5.0,7.0,8.0,9.0,10.0,11.0,12.0,12.0,13.0,14.0,14.0,15.0,15.0,16.0,16.0,17.0,17.0,17.0,18.0,18.0,19.0,19.0,19.0,20.0,20.0,20.0,21.0,21.0,21.0,22.0,22.0,22.0,22.0,23.0,23.0,23.0,24.0,24.0,24.0,24.0,25.0,25.0,25.0,25.0,25.0,26.0,26.0,26.0,26.0,27.0,27.0,27.0,27.0,27.0,28.0,28.0,28.0,28.0,28.389999999999873,29.0,29.0,29.0,29.0,30.0,30.0,30.0,30.0,30.0,31.0,31.0,31.0,31.0,32.0,32.0,32.0,32.0,32.0,33.0,33.0,33.0,33.0,33.0,34.0,34.0,34.0,35.0,35.0,35.0,35.090000000000146,36.0,36.0,37.0,37.0,38.0,39.0,39.0,41.0,46.0,30.0,1000.4431372582912,1000.6352941393852,1000.7333333492279,1000.839215695858,2000.2509804069996,2000.6078431606293,2000.7764706015587,3000.090196080506,3000.298039227724,3001.0,149.373681640625,157.2084533691406,162.3285675048828,166.32758178710938,169.94557189941406,173.57186889648438,177.5802764892578,183.14166259765625,196.94076538085938,345.8839111328125,222.56636,2.0,test_data/Useful/Validation/Stone Dust at 1 ft/WhatsApp Image 2024-09-05 at 17.07.04 (2).jpeg,373.0,150.0,32.26056503873656
35,1.0,4.0,6.0,7.0,8.0,10.0,11.0,12.0,13.0,13.0,14.0,15.0,15.0,16.0,16.0,17.0,17.0,18.0,18.0,18.0,19.0,19.0,19.0,20.0,20.0,20.0,20.730000000000018,21.0,21.0,21.0,22.0,22.0,23.0,23.0,23.0,23.0,24.0,24.0,24.0,24.0,25.0,25.0,25.0,25.0,25.0,26.0,26.0,26.0,26.0,27.0,27.0,27.0,27.0,28.0,28.0,28.0,28.0,28.0,28.0,29.0,29.0,29.0,29.0,29.0,30.0,30.0,30.0,30.0,31.0,31.0,31.0,31.0,31.0,32.0,32.0,32.0,32.0,32.0,33.0,33.0,33.0,33.0,34.0,34.0,34.0,35.0,35.0,35.0,35.0,36.0,36.0,36.0,37.0,37.0,38.0,38.0,39.0,40.0,41.0,44.0,32.0,1000.4313725531101,1000.6274510025978,1000.7254902124405,1000.8313725590706,2000.258823543787,2000.5960784554482,2000.7529411911964,3000.06274510175,3000.274509817362,3001.0,149.37148895263672,157.40995178222656,162.440380859375,166.5121337890625,170.1689453125,173.85336303710938,177.8798065185547,183.42557067871093,197.4326934814453,345.8747863769531,221.88785,2.0,test_data/Useful/Validation/Stone Dust at 1 ft/WhatsApp Image 2024-09-05 at 17.07.04 (3).jpeg,340.0,115.0,31.09039378070167
36,0.0,2.0,5.0,6.960000000000008,8.0,9.0,10.0,11.0,12.0,13.0,14.0,14.879999999999995,15.0,15.0,16.0,16.0,17.0,17.0,18.0,18.0,18.0,19.0,19.0,20.0,20.0,20.0,20.0,21.0,21.0,21.0,21.0,22.0,22.0,22.0,23.0,23.0,23.0,23.0,24.0,24.0,24.0,24.0,25.0,25.0,25.0,25.0,26.0,26.0,26.0,26.0,26.0,27.0,27.0,27.0,27.0,28.0,28.0,28.0,28.0,28.0,28.0,29.0,29.0,29.0,29.0,30.0,30.0,30.0,30.0,30.0,31.0,31.0,31.0,31.0,32.0,32.0,32.0,32.0,32.0,33.0,33.0,33.0,33.0,34.0,34.0,34.0,34.0,35.0,35.0,35.0,36.0,36.0,36.0,37.0,37.0,38.0,38.029999999999745,39.0,41.0,48.0,26.0,1000.4588235318661,1000.6470588445663,1000.7490196228027,1000.8627451062202,2000.3176470696926,2000.6313725709915,2000.7803921699524,3000.086274512112,3000.301960796118,3001.0,149.81262512207033,157.65003051757813,162.6783706665039,166.70758361816405,170.35706329345703,173.97576904296875,177.99384155273438,183.55995178222656,197.37863159179688,345.913330078125,221.96967,2.0,test_data/Useful/Validation/Stone Dust at 1 ft/WhatsApp Image 2024-09-05 at 17.07.04.jpeg,345.0,116.0,29.055868557174257
37,0.0,3.0,6.0,7.0,8.0,9.0,10.0,11.0,12.0,12.0,13.0,14.0,14.0,15.0,15.0,16.0,16.0,17.0,17.0,17.0,18.0,18.0,19.0,19.0,19.0,20.0,20.0,20.0,21.0,21.0,21.0,22.0,22.0,22.0,23.0,23.0,23.0,23.0,24.0,24.0,24.0,24.0,25.0,25.0,25.0,25.0,25.0,26.0,26.0,26.0,26.0,27.0,27.0,27.0,27.0,27.0,28.0,28.0,28.0,28.0,28.0,29.0,29.0,29.0,29.0,29.0,30.0,30.0,30.0,30.0,31.0,31.0,31.0,31.0,31.0,32.0,32.0,32.0,32.0,32.0,33.0,33.0,33.0,33.0,34.0,34.0,34.0,34.0,35.0,35.0,35.0,36.0,36.0,37.0,37.0,37.0,38.0,39.0,40.0,46.0,32.0,1000.4352941215038,1000.6274510025978,1000.7254902124405,1000.8156862854958,2000.058823529631,2000.5764706134796,2000.7764706015587,3000.0980392172933,3000.309803932905,3001.0,149.67727661132812,157.46762084960938,162.52076721191406,166.56195068359375,170.15611267089844,173.74249267578125,177.82225036621094,183.35935974121094,197.1221923828125,345.9205627441406,222.36713,2.0,test_data/Useful/Validation/Stone Dust at 1 ft/WhatsApp Image 2024-09-05 at 17.07.05 (1).jpeg,330.0,101.0,34.11984350689984
38,1.0,3.0,5.0,7.0,8.0,10.0,10.0,11.0,12.0,12.0,13.0,14.0,14.0,15.0,15.0,16.0,16.0,17.0,17.0,18.0,18.0,19.0,19.0,19.0,20.0,20.0,20.730000000000018,21.0,21.0,22.0,22.0,22.0,22.0,23.0,23.0,23.0,23.0,24.0,24.0,24.0,24.0,25.0,25.0,25.0,25.0,26.0,26.0,26.0,26.0,27.0,27.0,27.0,27.0,27.0,27.0,28.0,28.0,28.0,28.0,29.0,29.0,29.0,29.0,29.0,30.0,30.0,30.0,30.0,30.0,31.0,31.0,31.0,31.0,31.0,32.0,32.0,32.0,32.0,32.0,33.0,33.0,33.0,33.0,34.0,34.0,34.0,35.0,35.0,35.0,35.0,36.0,36.0,36.0,37.0,37.0,38.0,38.0,39.0,40.0,44.0,29.0,1000.4549019634724,1000.6431372761726,1000.745098054409,1000.8509804010391,2000.3098039329052,2000.6352941393852,2000.784313738346,3000.086274512112,3000.3058823645115,3001.0,149.9281219482422,157.65046081542968,162.72406616210938,166.761962890625,170.3983917236328,173.9981231689453,178.0545196533203,183.56842041015625,197.2274932861328,345.9240417480469,222.13376,2.0,test_data/Useful/Validation/Stone Dust at 1 ft/WhatsApp Image 2024-09-05 at 17.07.05 (2).jpeg,357.0,126.0,28.126748508430243
39,1.0,3.0,6.0,7.0,8.0,10.0,10.930000000000007,11.0,12.0,13.0,13.889999999999986,14.0,15.0,15.0,16.0,16.0,17.0,17.0,17.0,18.0,18.0,19.0,19.0,19.0,20.0,20.0,20.0,21.0,21.0,22.0,22.0,22.0,22.0,23.0,23.0,23.0,23.0,24.0,24.0,24.0,24.0,25.0,25.0,25.0,25.0,26.0,26.0,26.0,26.0,26.0,27.0,27.0,27.0,27.0,28.0,28.0,28.0,28.0,28.0,29.0,29.0,29.0,29.0,29.0,30.0,30.0,30.0,30.0,30.0,31.0,31.0,31.0,31.0,31.0,32.0,32.0,32.0,32.0,32.210000000000036,33.0,33.0,33.0,33.0,34.0,34.0,34.0,34.0,35.0,35.0,35.0,36.0,36.0,36.0,37.0,37.0,38.0,39.0,39.0,41.0,47.0,30.0,1000.4313725531101,1000.6313725709915,1000.7294117808342,1000.8156862854958,1000.9607843160629,2000.5882353186607,2000.811764717102,3000.1215686276555,3000.337254911661,3001.0,149.99688415527345,157.7814727783203,162.81283569335938,166.86265563964844,170.47088623046875,174.08526611328125,178.09356689453125,183.5676727294922,197.11038208007812,345.96160888671875,222.18184,2.0,test_data/Useful/Validation/Stone Dust at 1 ft/WhatsApp Image 2024-09-05 at 17.07.05.jpeg,334.0,131.0,31.127261992356367
40,1.0,3.980000000000004,5.0,7.0,8.0,10.0,11.0,11.0,12.0,13.0,13.0,14.0,14.0,15.0,15.0,16.0,16.0,17.0,17.0,18.0,18.0,18.779999999999973,19.0,19.0,19.0,20.0,20.0,20.0,21.0,21.0,21.0,22.0,22.0,22.0,23.0,23.0,23.0,23.0,24.0,24.0,24.0,24.0,24.0,25.0,25.0,25.0,25.0,26.0,26.0,26.0,26.0,26.0,27.0,27.0,27.0,27.0,28.0,28.0,28.0,28.0,28.0,29.0,29.0,29.0,29.0,29.0,30.0,30.0,30.0,31.0,31.0,31.0,31.0,31.0,32.0,32.0,32.0,32.0,32.0,33.0,33.0,33.0,33.0,34.0,34.0,34.0,34.0,35.0,35.0,35.0,36.0,36.0,36.0,37.0,37.0,38.0,39.0,40.0,41.0,45.0,28.0,1000.419607847929,1000.6235294342041,1000.7294117808342,1000.8156862854958,2000.0274509806186,2000.6156862974167,2000.8039215803146,3000.1098039224744,3000.3215686380863,3001.0,149.78496246337892,157.5730712890625,162.66815185546875,166.69313049316406,170.29150390625,173.89779663085938,177.86141967773438,183.433349609375,197.0914306640625,345.93060302734375,222.0586,2.0,test_data/Useful/Validation/Stone Dust at 1 ft/WhatsApp Image 2024-09-05 at 17.07.06 (1).jpeg,333.0,132.0,29.398751054392047
41,0.0,1.980000000000004,4.0,6.0,7.0,8.0,9.0,10.0,11.0,12.0,13.0,13.879999999999995,14.0,15.0,15.0,16.0,16.0,17.0,17.0,18.0,18.0,18.0,19.0,19.0,19.0,20.0,20.0,20.0,21.0,21.0,21.0,21.0,22.0,22.0,22.0,23.0,23.0,23.0,23.0,24.0,24.0,24.0,24.0,25.0,25.0,25.0,25.0,26.0,26.0,26.0,26.0,27.0,27.0,27.0,27.0,27.0,28.0,28.0,28.0,28.0,29.0,29.0,29.0,29.0,29.0,30.0,30.0,30.0,30.0,30.0,31.0,31.0,31.0,31.0,31.0,32.0,32.0,32.0,32.0,33.0,33.0,33.0,33.0,34.0,34.0,34.0,35.0,35.0,35.0,35.0,36.0,36.0,36.0,37.0,37.0,38.0,39.0,39.0,40.0,44.0,30.0,1000.4431372582912,1000.6431372761726,1000.7490196228027,1000.8627451062202,2000.3490196168423,2000.6470588445663,2000.7921568751335,3000.090196080506,3000.309803932905,3001.0,149.99630737304688,157.7705078125,162.84974670410156,166.88768005371094,170.4927978515625,174.0702667236328,178.1116485595703,183.59779357910156,197.15625,345.91888427734375,221.97379,2.0,test_data/Useful/Validation/Stone Dust at 1 ft/WhatsApp Image 2024-09-05 at 17.07.06 (2).jpeg,334.0,124.0,32.22911418077669
42,0.0,0.0,0.0,1.0,2.0,3.0,4.0,5.0,6.0,6.0,7.0,8.0,9.0,9.0,10.0,10.0,11.0,11.0,11.0,12.0,12.0,13.0,13.0,14.0,14.0,14.0,15.0,15.0,15.0,16.0,16.0,16.0,17.0,17.0,17.0,17.0,18.0,18.0,18.0,18.0,19.0,19.0,19.0,19.0,20.0,20.0,20.0,20.0,21.0,21.0,21.0,21.0,22.0,22.0,22.0,22.0,23.0,23.0,23.0,23.0,24.0,24.0,24.0,24.0,24.0,25.0,25.0,25.0,25.0,26.0,26.0,26.0,26.0,27.0,27.0,27.0,27.0,28.0,28.0,28.0,29.0,29.0,29.0,30.0,30.0,30.0,30.0,31.0,31.0,31.0,32.0,32.0,33.0,33.0,34.0,34.0,35.0,36.0,38.0,43.0,24.0,1000.7411764860153,1001.0,2000.2941176593304,2000.4627451002598,2000.572549045086,2000.678431391716,2000.8274509906769,3000.3176470696926,3000.5764706134796,3001.0,147.6772018432617,155.56631469726562,160.5435791015625,164.54965209960938,168.1175994873047,171.61331481933593,175.47758026123046,180.79541015625,194.94406127929688,345.94110107421875,223.38657,2.0,test_data/Useful/Validation/Stone Dust at 1 ft/WhatsApp Image 2024-09-05 at 17.10.28 (1).jpeg,372.0,161.0,32.572085871704445
43,0.0,0.0,0.0,1.0,2.0,3.0,4.0,4.920000000000016,6.0,6.0,7.0,8.0,9.0,9.0,10.0,10.0,11.0,11.0,12.0,12.0,13.0,13.0,13.769999999999982,14.0,14.0,14.0,15.0,15.0,16.0,16.0,16.0,16.680000000000064,17.0,17.0,17.0,18.0,18.0,18.0,19.0,19.0,19.0,19.0,20.0,20.0,20.0,20.0,21.0,21.0,21.0,21.0,22.0,22.0,22.0,22.0,22.0,22.0,23.0,23.0,23.0,23.0,24.0,24.0,24.0,24.0,25.0,25.0,25.0,26.0,26.0,26.0,26.0,26.0,27.0,27.0,27.0,27.0,28.0,28.0,28.0,29.0,29.0,29.0,29.0,30.0,30.0,30.0,31.0,31.0,31.0,32.0,32.0,32.0,33.0,33.0,34.0,35.0,36.0,37.0,38.0,43.0,22.0,1000.7529411911964,2000.0078431377187,2000.3019607961178,2000.4549019634724,2000.5647059082985,2000.6705882549286,2000.8196078538895,3000.313725501299,3000.568627476692,3001.0,147.4334930419922,155.16542053222656,160.12551879882812,164.0986785888672,167.64351654052734,171.15267333984374,175.06535034179686,180.4771728515625,194.7589065551758,345.9051818847656,223.1424,2.0,test_data/Useful/Validation/Stone Dust at 1 ft/WhatsApp Image 2024-09-05 at 17.10.28 (2).jpeg,370.0,194.0,25.481432141401026
44,0.0,0.0,1.0,2.0,3.0,4.0,5.0,6.0,7.0,7.900000000000006,8.0,9.0,9.0,10.0,10.0,11.0,11.0,12.0,12.0,13.0,13.0,13.0,14.0,14.0,14.0,15.0,15.0,15.0,16.0,16.0,16.0,17.0,17.0,17.0,17.0,18.0,18.0,18.0,19.0,19.0,19.0,19.0,20.0,20.0,20.0,20.0,21.0,21.0,21.0,21.0,22.0,22.0,22.0,22.0,23.0,23.0,23.0,23.0,23.0,24.0,24.0,24.0,24.0,25.0,25.0,25.0,25.0,25.0,26.0,26.0,26.0,26.0,27.0,27.0,27.0,28.0,28.0,28.0,29.0,29.0,29.0,29.0,29.0,30.0,30.0,30.0,31.0,31.0,31.110000000000127,32.0,32.0,33.0,33.0,33.0,34.0,34.0,35.0,36.0,38.0,42.0,23.0,1000.7647058963776,2000.0039215688594,2000.2901960909367,2000.4509803950787,2000.5607843399048,2000.6627451181412,2000.7960784435272,3000.2784313857555,3000.5647059082985,3001.0,147.97842407226562,155.77464294433594,160.68338012695312,164.61203002929688,168.1960906982422,171.60952758789062,175.46227416992187,180.76629333496095,194.7089385986328,345.9233093261719,222.94287,2.0,test_data/Useful/Validation/Stone Dust at 1 ft/WhatsApp Image 2024-09-05 at 17.10.28 (3).jpeg,377.0,183.0,25.000943487621445
45,0.0,0.0,0.0,1.0,2.0,3.0,4.0,5.0,6.0,7.0,7.889999999999986,8.0,9.0,9.0,10.0,10.0,11.0,11.0,12.0,12.0,13.0,13.0,13.0,14.0,14.0,14.0,15.0,15.0,15.0,16.0,16.0,16.0,17.0,17.0,17.0,18.0,18.0,18.0,18.0,19.0,19.0,19.0,19.0,20.0,20.0,20.0,20.0,21.0,21.0,21.0,21.0,21.0,22.0,22.0,22.0,22.0,22.0,23.0,23.0,23.0,23.0,24.0,24.0,24.0,24.0,25.0,25.0,25.0,25.0,26.0,26.0,26.0,26.0,26.0,27.0,27.0,27.0,27.0,28.0,28.0,28.0,29.0,29.0,29.0,29.0,29.0,30.0,30.0,30.0,31.0,31.0,32.0,32.0,33.0,33.0,34.0,35.0,36.0,37.0,42.0,22.0,1000.7803921699524,2000.0117647061124,2000.3058823645115,2000.458823531866,2000.5647059082985,2000.6627451181412,2000.784313738346,3000.2352941185236,3000.5529412031174,3001.0,147.7415313720703,155.38621520996094,160.32894897460938,164.272216796875,167.821533203125,171.3486785888672,175.20214080810547,180.5250427246094,194.46209716796875,345.9240417480469,223.17924,2.0,test_data/Useful/Validation/Stone Dust at 1 ft/WhatsApp Image 2024-09-05 at 17.10.28.jpeg,400.0,191.0,29.34301559245506
46,0.0,0.0,2.0,3.960000000000008,6.0,7.0,8.0,9.0,10.0,11.0,11.0,12.0,13.0,13.0,13.0,14.0,14.0,14.0,15.0,15.0,16.0,16.0,16.0,17.0,17.0,18.0,18.0,18.0,19.0,19.0,19.0,20.0,20.0,20.0,21.0,21.0,21.0,21.0,22.0,22.0,22.0,22.0,23.0,23.0,23.0,24.0,24.0,24.0,24.0,25.0,25.0,25.0,25.0,25.0,25.0,26.0,26.0,26.0,26.0,26.0,27.0,27.0,27.0,27.0,28.0,28.0,28.0,28.0,28.0,29.0,29.0,29.0,29.0,29.0,30.0,30.0,30.0,31.0,31.0,31.0,31.0,31.0,32.0,32.0,32.0,33.0,33.0,33.0,33.0,34.0,34.0,34.0,35.0,35.0,36.0,36.0,37.0,38.0,39.0,43.0,25.0,1000.611764729023,2000.0392156876624,2000.286274522543,2000.419607847929,2000.5137255191803,2000.5882353186607,2000.6431372761726,2000.6980392336845,2000.7803921699524,3001.0,148.25135803222656,156.00669860839844,161.0254928588867,164.9775146484375,168.55742645263672,172.1181213378906,176.1200164794922,181.6234588623047,196.224365234375,345.9436340332031,223.66962,2.0,test_data/Useful/Validation/Stone Dust at 1 ft/WhatsApp Image 2024-09-05 at 17.10.29 (1).jpeg,354.0,153.0,28.923424712523676
47,0.0,0.0,2.0,4.0,5.0,6.0,7.930000000000007,9.0,10.0,10.0,11.0,12.0,12.0,13.0,13.0,14.0,14.0,15.0,15.0,16.0,16.0,16.0,17.0,17.0,18.0,18.0,18.0,19.0,19.0,19.0,19.68999999999994,20.0,20.0,20.0,21.0,21.0,21.0,21.0,22.0,22.0,22.0,22.0,23.0,23.0,23.0,23.0,24.0,24.0,24.0,24.0,25.0,25.0,25.0,25.0,25.0,26.0,26.0,26.0,26.0,26.0,27.0,27.0,27.0,27.0,28.0,28.0,28.0,28.0,28.0,29.0,29.0,29.0,29.0,30.0,30.0,30.0,30.0,31.0,31.0,31.0,31.0,32.0,32.0,32.0,32.0,33.0,33.0,33.0,33.0,34.0,34.0,35.0,35.0,35.0,36.0,36.0,37.0,38.0,40.0,46.0,28.0,1000.584313750267,2000.0039215688594,2000.2666666805744,2000.4156862795353,2000.5137255191803,2000.5882353186607,2000.6470588445663,2000.7019608020782,2000.800000011921,3001.0,148.0016067504883,155.7861328125,160.79168701171875,164.77943420410156,168.41433715820312,171.95639038085938,175.90553283691406,181.56968688964844,196.14187622070312,345.9512634277344,223.54129,2.0,test_data/Useful/Validation/Stone Dust at 1 ft/WhatsApp Image 2024-09-05 at 17.10.29 (2).jpeg,342.0,148.0,31.135583080926438
48,0.0,0.0,3.0,4.0,5.0,6.0,7.0,9.0,9.0,10.0,11.0,12.0,12.0,13.0,13.0,14.0,14.0,15.0,15.0,16.0,16.0,16.0,17.0,17.0,18.0,18.0,18.0,19.0,19.0,19.0,20.0,20.0,20.0,21.0,21.0,21.0,21.0,22.0,22.0,22.0,22.0,23.0,23.0,23.0,23.0,23.0,24.0,24.0,24.0,24.0,25.0,25.0,25.0,25.0,25.0,26.0,26.0,26.0,26.0,27.0,27.0,27.0,27.0,27.360000000000127,28.0,28.0,28.0,28.0,29.0,29.0,29.0,29.0,29.0,30.0,30.0,30.0,30.0,31.0,31.0,31.0,31.0,31.0,32.0,32.0,32.0,32.0,33.0,33.0,33.0,34.0,34.0,35.0,35.0,35.0,36.0,36.0,37.0,38.0,39.0,45.0,28.0,1000.6431372761726,2000.0666666701436,2000.3058823645115,2000.4352941215038,2000.5254902243614,2000.5960784554482,2000.65098041296,2000.705882370472,2000.800000011921,3001.0,147.4447479248047,155.2621307373047,160.3770751953125,164.43809509277344,168.14010620117188,171.78602600097656,175.87574005126953,181.49871826171875,196.26876831054688,345.9689025878906,223.74191,2.0,test_data/Useful/Validation/Stone Dust at 1 ft/WhatsApp Image 2024-09-05 at 17.10.29 (3).jpeg,349.0,163.0,32.05264609747849
49,0.0,0.0,1.0,2.0,3.0,4.0,5.0,6.0,7.0,8.0,9.0,9.0,10.0,10.0,11.0,11.0,12.0,12.0,13.0,13.0,14.0,14.0,14.0,15.0,15.0,15.0,16.0,16.0,16.0,17.0,17.0,17.0,17.0,18.0,18.0,18.0,18.0,19.0,19.0,19.0,19.0,20.0,20.0,20.0,20.0,21.0,21.0,21.0,21.0,22.0,22.0,22.0,22.0,23.0,23.0,23.0,23.0,24.0,24.0,24.0,24.0,25.0,25.0,25.0,25.0,25.0,26.0,26.0,26.0,26.0,27.0,27.0,27.0,27.0,28.0,28.0,28.0,28.0,29.0,29.0,29.0,29.0,30.0,30.0,30.0,31.0,31.0,31.0,32.0,32.0,32.0,33.0,33.0,34.0,34.0,35.0,36.0,37.0,38.0,44.0,19.0,1000.8000000119209,2000.0117647061124,2000.32549020648,2000.486274510622,2000.6000000238419,2000.7098039388657,2000.9019607901573,3000.376470595598,3000.6078431606293,3001.0,148.2761215209961,156.12133178710937,161.07876739501953,165.04381713867187,168.5969009399414,172.0895233154297,175.98794555664062,181.3006591796875,195.1439666748047,345.97515869140625,223.08275,2.0,test_data/Useful/Validation/Stone Dust at 1 ft/WhatsApp Image 2024-09-05 at 17.10.29.jpeg,378.0,174.0,26.496431797989736
50,0.0,0.0,1.0,3.0,4.0,6.0,7.0,8.0,9.0,9.0,10.0,11.0,11.0,12.0,12.0,13.0,13.0,14.0,14.0,15.0,15.0,16.0,16.0,17.0,17.0,17.0,18.0,18.0,18.0,19.0,19.0,19.0,20.0,20.0,20.0,21.0,21.0,21.0,21.0,22.0,22.0,22.0,22.0,23.0,23.0,23.0,23.0,24.0,24.0,24.0,24.0,24.0,25.0,25.0,25.0,25.0,26.0,26.0,26.0,26.0,26.0,27.0,27.0,27.0,27.0,28.0,28.0,28.0,28.0,28.0,29.0,29.0,29.0,29.0,30.0,30.0,30.0,30.0,31.0,31.0,31.0,31.0,32.0,32.0,32.0,33.0,33.0,33.0,33.0,34.0,34.0,34.0,35.0,35.0,36.0,37.0,37.0,38.0,40.0,45.0,27.0,1000.6196078658104,2000.0470588244498,2000.2901960909367,2000.4235294163227,2000.517647087574,2000.5882353186607,2000.6431372761726,2000.6941176652908,2000.7764706015587,3001.0,147.1882064819336,155.17557373046876,160.26898193359375,164.3117218017578,167.9241943359375,171.50144958496094,175.5259552001953,181.18911743164062,196.0894012451172,345.9603271484375,223.6119,2.0,test_data/Useful/Validation/Stone Dust at 1 ft/WhatsApp Image 2024-09-05 at 17.10.30 (1).jpeg,364.0,161.0,27.620350144029533
51,0.0,0.0,2.0,4.0,5.0,6.0,7.0,9.0,10.0,10.0,11.0,12.0,12.870000000000005,13.0,13.0,14.0,14.0,15.0,15.0,16.0,16.0,16.0,17.0,17.0,17.0,18.0,18.0,18.0,19.0,19.0,19.0,19.0,20.0,20.0,20.0,20.0,21.0,21.0,21.0,22.0,22.0,22.0,23.0,23.0,23.0,23.0,24.0,24.0,24.0,24.0,24.0,25.0,25.0,25.0,25.0,26.0,26.0,26.0,26.0,27.0,27.0,27.0,27.0,28.0,28.0,28.0,28.0,28.0,29.0,29.0,29.0,29.0,29.0,30.0,30.0,30.0,30.0,31.0,31.0,31.0,31.0,31.0,32.0,32.0,32.0,33.0,33.0,33.0,34.0,34.0,34.0,35.0,35.0,35.0,36.0,36.0,37.0,38.0,39.0,44.0,29.0,1000.5686274766922,1000.9137254953384,2000.2627451121807,2000.4313725531101,2000.5372549295425,2000.611764729023,2000.6666666865349,2000.7254902124405,2000.839215695858,3001.0,148.32391357421875,156.13919067382812,161.15342712402344,165.17771606445314,168.76094818115234,172.3218994140625,176.31829833984375,181.8270721435547,196.33090209960938,346.0180969238281,223.18459,2.0,test_data/Useful/Validation/Stone Dust at 1 ft/WhatsApp Image 2024-09-05 at 17.10.30 (2).jpeg,340.0,139.0,29.8834938111791
52,0.0,0.980000000000004,3.0,4.0,6.0,6.0,8.0,8.0,9.0,10.0,11.0,11.0,12.0,12.0,13.0,13.0,14.0,14.0,15.0,15.0,16.0,16.0,16.0,17.0,17.0,18.0,18.0,18.0,18.0,19.0,19.0,19.0,20.0,20.0,20.0,21.0,21.0,21.0,22.0,22.0,22.0,22.0,23.0,23.0,23.0,23.0,24.0,24.0,24.0,24.0,25.0,25.0,25.0,25.0,26.0,26.0,26.0,26.0,27.0,27.0,27.0,27.0,27.0,28.0,28.0,28.0,28.0,28.0,28.0,29.0,29.0,29.0,29.0,30.0,30.0,30.0,30.0,30.0,31.0,31.0,31.0,31.0,32.0,32.0,32.0,32.0,33.0,33.0,34.0,34.0,34.0,35.0,35.0,35.0,36.0,36.0,37.0,38.0,39.0,45.0,28.0,1000.5529412031174,1000.9098039269447,2000.23137255013,2000.3960784375668,2000.5019608139992,2000.5803921818733,2000.639215707779,2000.6941176652908,2000.784313738346,3001.0,148.0860595703125,155.85035705566406,160.84173583984375,164.81118774414062,168.37181091308594,171.97600708007812,175.95859069824218,181.46749267578124,196.0000762939453,345.95330810546875,223.27193,2.0,test_data/Useful/Validation/Stone Dust at 1 ft/WhatsApp Image 2024-09-05 at 17.10.30 (3).jpeg,362.0,165.0,38.11576497873719
53,0.0,0.0,2.0,3.0,4.0,6.0,7.0,8.0,9.0,10.0,10.889999999999986,11.0,12.0,12.0,13.0,13.0,14.0,14.0,15.0,15.0,16.0,16.0,16.0,17.0,17.0,18.0,18.0,18.0,19.0,19.0,19.0,20.0,20.0,20.0,20.0,21.0,21.0,21.0,21.0,22.0,22.0,22.0,22.0,23.0,23.0,23.0,23.0,24.0,24.0,24.0,24.0,25.0,25.0,25.0,25.0,26.0,26.0,26.0,26.0,27.0,27.0,27.0,27.0,27.0,28.0,28.0,28.0,28.0,28.0,29.0,29.0,29.0,29.0,30.0,30.0,30.0,30.0,30.0,31.0,31.0,31.0,31.0,32.0,32.0,32.0,33.0,33.0,33.0,34.0,34.0,35.0,35.0,36.0,36.0,36.0,37.0,38.0,38.0,39.0,45.0,29.0,1000.5882353186607,1001.0,2000.2627451121807,2000.4156862795353,2000.517647087574,2000.5921568870544,2000.6470588445663,2000.705882370472,2000.7960784435272,3000.9960784316063,148.10938568115233,155.89146423339844,160.89703369140625,164.95160827636718,168.55805206298828,172.1354736328125,176.07595825195312,181.63088989257812,196.26962280273438,345.9690856933594,223.5776,2.0,test_data/Useful/Validation/Stone Dust at 1 ft/WhatsApp Image 2024-09-05 at 17.10.30.jpeg,404.0,188.0,25.525834478232724
54,0.0,1.0,2.0,3.960000000000008,5.0,7.0,7.0,8.0,9.0,10.0,11.0,12.0,12.0,13.0,13.0,14.0,14.0,15.0,15.0,15.0,16.0,16.0,17.0,17.0,17.0,18.0,18.0,18.0,18.0,19.0,19.0,19.0,19.670000000000073,20.0,20.0,20.639999999999986,21.0,21.0,21.0,21.0,22.0,22.0,22.0,23.0,23.0,23.0,23.0,24.0,24.0,24.0,24.0,24.0,25.0,25.0,25.0,25.0,26.0,26.0,26.0,26.0,26.0,26.0,27.0,27.0,27.0,27.0,28.0,28.0,28.0,28.0,28.0,29.0,29.0,29.0,29.0,30.0,30.0,30.0,30.0,31.0,31.0,31.0,31.0,32.0,32.0,32.0,32.0,33.0,33.0,33.0,34.0,34.0,35.0,35.0,35.04999999999973,36.0,37.0,38.0,39.0,43.0,26.0,1000.6431372761726,2000.06274510175,2000.3058823645115,2000.4352941215038,2000.5294117927551,2000.5960784554482,2000.65098041296,2000.7098039388657,2000.800000011921,3001.0,147.8923110961914,155.73300170898438,160.7237548828125,164.7872314453125,168.36895751953125,171.9931182861328,175.94320678710938,181.53016662597656,196.0713348388672,345.97296142578125,223.41562,2.0,test_data/Useful/Validation/Stone Dust at 1 ft/WhatsApp Image 2024-09-05 at 17.10.31 (1).jpeg,369.0,159.0,30.287933796170506
55,0.0,0.0,2.0,3.0,5.0,6.0,7.0,8.0,9.0,10.0,10.0,11.0,12.0,12.0,13.0,13.0,14.0,14.0,14.0,15.0,15.0,16.0,16.0,16.75999999999999,17.0,17.0,18.0,18.0,18.0,19.0,19.0,19.0,19.0,20.0,20.0,20.0,20.0,21.0,21.0,21.0,21.0,22.0,22.0,22.0,22.0,23.0,23.0,23.0,24.0,24.0,24.0,24.0,25.0,25.0,25.0,25.0,25.0,26.0,26.0,26.0,26.0,26.0,27.0,27.0,27.0,27.0,28.0,28.0,28.0,28.0,28.0,29.0,29.0,29.0,29.0,30.0,30.0,30.0,30.0,30.0,31.0,31.0,31.0,32.0,32.0,32.0,32.0,33.0,33.0,33.0,34.0,34.0,34.0,35.0,35.0,36.0,36.0,37.0,39.0,46.0,26.0,1000.611764729023,2000.043137256056,2000.2823529541492,2000.4117647111416,2000.5058823823929,2000.5764706134796,2000.6313725709915,2000.6901960968971,2000.7882353067398,3001.0,147.93896484375,155.70553588867188,160.71290588378906,164.6907196044922,168.27557373046875,171.81524658203125,175.74876403808594,181.27586364746094,195.7601776123047,345.9120178222656,223.58386,2.0,test_data/Useful/Validation/Stone Dust at 1 ft/WhatsApp Image 2024-09-05 at 17.10.31 (2).jpeg,373.0,172.0,31.574060123698462
56,0.0,1.0,3.0,4.960000000000008,6.0,7.0,8.0,10.0,10.0,11.0,12.0,12.0,13.0,13.0,14.0,14.0,14.0,15.0,15.0,16.0,16.0,16.0,17.0,17.0,17.0,18.0,18.0,18.0,19.0,19.0,19.0,19.0,20.0,20.0,21.0,21.0,21.0,21.0,22.0,22.0,22.0,22.0,23.0,23.0,23.0,24.0,24.0,24.0,24.0,25.0,25.0,25.0,25.0,25.0,26.0,26.0,26.0,26.0,26.0,27.0,27.0,27.0,27.0,27.0,28.0,28.0,28.0,28.0,29.0,29.0,29.0,29.0,29.0,30.0,30.0,30.0,30.0,30.0,31.0,31.0,31.0,31.0,32.0,32.0,32.0,32.0,33.0,33.0,33.0,33.09999999999991,34.0,34.0,35.0,35.0,36.0,36.0,37.0,38.0,40.0,45.0,30.0,1000.5529412031174,1000.8980392217636,2000.2274509817362,2000.3960784375668,2000.5019608139992,2000.5803921818733,2000.639215707779,2000.6980392336845,2000.7882353067398,3001.0,148.02291870117188,155.81875610351562,160.9021957397461,164.8995819091797,168.53619384765625,172.08575744628905,176.06577758789064,181.58692016601566,196.14337158203125,345.9569091796875,223.39597,2.0,test_data/Useful/Validation/Stone Dust at 1 ft/WhatsApp Image 2024-09-05 at 17.10.31.jpeg,331.0,153.0,32.446996504212606
57,0.0,1.0,2.0,4.960000000000008,5.950000000000003,7.0,8.0,9.0,10.0,10.0,11.0,11.0,12.0,12.0,13.0,13.0,14.0,15.0,15.0,15.0,16.0,16.0,17.0,17.0,17.0,18.0,18.0,19.0,19.0,19.0,19.0,20.0,20.0,20.0,20.0,21.0,21.0,21.0,21.0,22.0,22.0,22.0,23.0,23.0,23.0,23.0,24.0,24.0,24.0,24.0,25.0,25.0,25.0,25.0,25.0,26.0,26.0,26.0,26.0,26.0,27.0,27.0,27.0,27.0,27.0,28.0,28.0,28.0,28.0,29.0,29.0,29.0,29.0,30.0,30.0,30.0,30.0,30.0,31.0,31.0,31.0,31.0,32.0,32.0,32.0,32.0,33.0,33.0,33.0,33.0,34.0,34.0,35.0,35.0,35.0,36.0,37.0,38.0,40.0,45.0,30.0,1000.6313725709915,2000.0470588244498,2000.286274522543,2000.419607847929,2000.5137255191803,2000.584313750267,2000.639215707779,2000.6980392336845,2000.7882353067398,3001.0,148.17315673828125,155.88101196289062,160.85089111328125,164.87203979492188,168.49295043945312,172.0775146484375,175.9892578125,181.54946899414062,195.99822998046875,345.95751953125,223.43483,2.0,test_data/Useful/Validation/Stone Dust at 1 ft/WhatsApp Image 2024-09-05 at 17.10.32 (1).jpeg,354.0,175.0,30.154517411546113
58,0.0,0.0,1.9699999999999989,3.0,5.0,6.0,8.0,9.0,10.0,10.0,11.0,12.0,13.0,13.0,14.0,14.0,15.0,15.0,15.0,16.0,16.0,17.0,17.0,17.0,18.0,18.0,18.0,19.0,19.0,19.0,20.0,20.0,20.0,21.0,21.0,21.0,21.0,22.0,22.0,22.0,22.0,23.0,23.0,23.0,23.0,24.0,24.0,24.0,24.0,24.0,25.0,25.0,25.0,25.0,26.0,26.0,26.0,26.0,26.0,27.0,27.0,27.0,27.0,27.0,28.0,28.0,28.0,28.0,29.0,29.0,29.0,29.0,29.0,30.0,30.0,30.0,30.0,31.0,31.0,31.0,31.0,32.0,32.0,32.0,32.0,33.0,33.0,33.0,34.0,34.0,34.0,35.0,35.0,35.0,36.0,36.0,37.0,38.0,39.0,44.0,24.0,1000.6156862974167,2000.0039215688594,2000.2627451121807,2000.4117647111416,2000.5098039507866,2000.5803921818733,2000.639215707779,2000.6901960968971,2000.7647058963776,3000.9960784316063,147.9052734375,155.7095733642578,160.825390625,164.81468200683594,168.4996337890625,172.03778076171875,176.0511474609375,181.59487915039062,196.07618713378906,345.98974609375,223.40393,2.0,test_data/Useful/Validation/Stone Dust at 1 ft/WhatsApp Image 2024-09-05 at 17.10.32 (2).jpeg,340.0,151.0,29.506333921255212
59,0.0,0.0,2.0,3.0,5.0,6.0,7.0,9.0,10.0,10.900000000000006,11.0,12.0,12.0,13.0,13.0,14.0,14.0,15.0,15.0,15.0,16.0,16.0,17.0,17.0,17.0,18.0,18.0,18.0,19.0,19.0,19.0,20.0,20.0,20.0,20.649999999999977,21.0,21.0,21.0,22.0,22.0,22.0,22.0,23.0,23.0,23.0,23.0,23.0,24.0,24.0,24.0,24.0,25.0,25.0,25.0,25.0,25.0,26.0,26.0,26.0,26.0,27.0,27.0,27.0,27.0,27.0,28.0,28.0,28.0,28.0,29.0,29.0,29.0,29.0,29.0,30.0,30.0,30.0,30.0,31.0,31.0,31.0,31.0,32.0,32.0,32.0,33.0,33.0,33.0,34.0,34.0,34.0,34.0,35.0,35.0,36.0,36.0,37.0,38.0,39.0,43.0,23.0,1000.6235294342041,2000.0078431377187,2000.2745098173618,2000.419607847929,2000.517647087574,2000.5882353186607,2000.6470588445663,2000.7019608020782,2000.7960784435272,3001.0,148.074462890625,155.8931121826172,160.89300537109375,164.94677734375,168.53573608398438,172.15411376953125,176.16925354003905,181.784423828125,196.40032958984375,345.9835205078125,223.47282,2.0,test_data/Useful/Validation/Stone Dust at 1 ft/WhatsApp Image 2024-09-05 at 17.10.32 (3).jpeg,368.0,170.0,30.834598249224456
60,0.0,0.0,2.0,4.0,5.0,6.0,7.0,8.0,9.0,10.0,11.0,11.0,12.0,12.0,13.0,13.0,14.0,14.0,15.0,15.0,16.0,16.0,16.0,17.0,17.0,17.0,18.0,18.0,18.709999999999923,19.0,19.0,19.0,20.0,20.0,20.0,21.0,21.0,21.0,21.0,22.0,22.0,22.0,22.0,23.0,23.0,23.0,23.0,23.0,24.0,24.0,24.0,24.0,24.0,25.0,25.0,25.0,25.0,26.0,26.0,26.0,26.0,27.0,27.0,27.0,27.0,28.0,28.0,28.0,28.0,28.0,29.0,29.0,29.0,29.0,30.0,30.0,30.0,30.0,31.0,31.0,31.0,31.0,32.0,32.0,32.0,32.0,33.0,33.0,33.0,34.0,34.0,35.0,35.0,36.0,36.0,36.0,37.0,38.0,40.0,43.0,23.0,1000.5568627715111,1000.8705882430077,2000.2352941185236,2000.4235294163227,2000.5372549295425,2000.6156862974167,2000.6745098233223,2000.7372549176216,2000.9882352948189,3001.0,148.40130615234375,156.17807006835938,161.14834594726562,165.22470092773438,168.7958984375,172.40586853027344,176.36441040039062,181.9149169921875,195.96153259277344,346.0287170410156,223.16307,2.0,test_data/Useful/Validation/Stone Dust at 1 ft/WhatsApp Image 2024-09-05 at 17.10.32.jpeg,388.0,154.0,30.261344105579425
61,0.0,0.0,0.0,0.0,0.0,0.0,0.0,1.0,2.0,3.0,3.0,4.0,5.0,6.0,7.0,7.0,8.0,9.0,9.0,10.0,10.0,11.0,11.0,12.0,12.0,13.0,13.0,13.0,14.0,14.0,15.0,15.0,15.0,16.0,16.0,16.0,16.629999999999995,17.0,17.0,18.0,18.0,18.0,19.0,19.0,19.0,20.0,20.0,20.0,20.0,21.0,21.0,21.0,22.0,22.0,22.0,22.0,23.0,23.0,23.0,23.0,24.0,24.0,24.0,24.0,25.0,25.0,25.0,25.0,26.0,26.0,26.0,26.0,27.0,27.0,27.0,27.0,28.0,28.0,28.0,29.0,29.0,29.0,30.0,30.0,30.0,30.0,31.0,31.0,32.0,32.0,33.0,33.0,34.0,35.0,35.0,36.0,37.0,38.0,39.0,45.0,0.0,1000.6078431606293,1000.7019608020782,1000.7490196228027,1000.7843137383461,1000.8235294222832,2000.4549019634724,3000.04705882445,3000.337254911661,3000.529411792755,3001.0,145.54693603515625,153.5061492919922,158.7231689453125,162.8914367675781,166.71405029296875,170.59800415039064,174.9891387939453,181.14521484375004,195.9984588623047,346.1618347167969,221.6578,2.0,test_data/Useful/Validation/Stone Dust at 1 ft/WhatsApp Image 2024-09-05 at 17.10.33 (1).jpeg,398.0,193.0,30.102805107531694
62,0.0,2.0,4.0,7.0,8.0,9.0,10.0,11.0,12.0,13.0,14.0,14.0,15.0,15.0,15.0,16.0,17.0,17.0,18.0,18.0,18.0,19.0,19.0,20.0,20.0,20.0,20.730000000000018,21.0,21.0,21.0,22.0,22.0,22.0,23.0,23.0,23.0,23.0,24.0,24.0,24.0,24.0,25.0,25.0,25.0,25.549999999999955,26.0,26.0,26.0,26.0,27.0,27.0,27.0,27.0,27.0,28.0,28.0,28.0,28.0,28.409999999999854,29.0,29.0,29.0,29.0,29.0,30.0,30.0,30.0,30.0,30.0,31.0,31.0,31.0,31.0,32.0,32.0,32.0,32.0,32.0,33.0,33.0,33.0,33.0,34.0,34.0,34.0,34.0,35.0,35.0,35.0,35.0,36.0,36.0,37.0,37.0,37.0,38.0,39.0,39.0,41.0,44.0,30.0,1000.4313725531101,1000.6235294342041,1000.7254902124405,1000.8196078538895,2000.1843137294054,2000.5647059082985,2000.7411764860153,3000.058823529631,3000.2823529541492,3001.0,150.18124237060547,157.81277465820312,162.78826904296875,166.8311309814453,170.51490783691406,174.1339874267578,178.17320251464844,183.6646728515625,197.3361358642578,345.89556884765625,221.7522,2.0,test_data/Useful/Validation/Stone Dust at 1 ft/WhatsApp Image 2024-09-05 at 17.30.38 (1).jpeg,345.0,119.0,32.23970674883423
63,0.0,1.980000000000004,4.0,6.0,7.0,8.0,9.0,10.0,11.0,12.0,13.0,14.0,14.0,15.0,15.0,16.0,16.0,17.0,17.0,18.0,18.0,18.0,19.0,19.0,20.0,20.0,20.0,21.0,21.0,21.0,21.0,22.0,22.0,22.0,23.0,23.0,23.0,23.0,24.0,24.0,24.0,25.0,25.0,25.0,25.0,25.0,26.0,26.0,26.0,26.0,26.0,27.0,27.0,27.0,27.0,28.0,28.0,28.0,28.0,28.0,29.0,29.0,29.0,29.0,30.0,30.0,30.0,30.0,30.0,31.0,31.0,31.0,31.0,31.0,32.0,32.0,32.0,32.0,32.0,33.0,33.0,33.0,33.0,34.0,34.0,34.0,35.0,35.0,35.0,35.09999999999991,36.0,36.0,37.0,37.0,37.0,38.0,38.0,39.0,40.0,45.0,32.0,1000.4156862795353,1000.6196078658104,1000.7254902124405,1000.8196078538895,2000.176470592618,2000.6039215922356,2000.772549033165,3000.086274512112,3000.3058823645115,3001.0,150.0870819091797,157.9436492919922,162.94607543945312,167.00796508789062,170.63125610351562,174.22987365722656,178.2019485473633,183.71536865234376,197.27789306640625,345.9243469238281,221.626,2.0,test_data/Useful/Validation/Stone Dust at 1 ft/WhatsApp Image 2024-09-05 at 17.30.38.jpeg,370.0,128.0,27.16908724862747
64,0.0,3.0,5.0,7.0,8.0,9.0,10.0,11.0,12.0,13.0,14.0,14.0,15.0,15.0,16.0,17.0,17.0,17.819999999999993,18.0,18.0,19.0,19.0,19.0,20.0,20.0,20.0,21.0,21.0,21.0,22.0,22.0,22.0,23.0,23.0,23.0,23.0,24.0,24.0,24.0,24.0,25.0,25.0,25.0,25.0,26.0,26.0,26.0,26.0,26.0,27.0,27.0,27.0,27.0,27.0,28.0,28.0,28.0,28.0,28.0,29.0,29.0,29.0,29.0,29.0,30.0,30.0,30.0,30.0,30.0,31.0,31.0,31.0,31.0,32.0,32.0,32.0,32.0,32.0,33.0,33.0,33.0,33.0,34.0,34.0,34.0,34.0,35.0,35.0,35.0,35.0,36.0,36.0,37.0,37.0,37.0,38.0,38.0,39.0,41.0,45.0,28.0,1000.4392156898975,1000.6392157077789,1000.7411764860153,1000.8431372642517,2000.2823529541492,2000.6274510025978,2000.7803921699524,3000.086274512112,3000.3058823645115,3001.0,149.810710144043,157.7383270263672,162.76419067382812,166.83509521484376,170.4785919189453,174.07525634765625,178.06635589599608,183.6685272216797,197.38314819335938,345.91748046875,221.73407,2.0,test_data/Useful/Validation/Stone Dust at 1 ft/WhatsApp Image 2024-09-05 at 17.30.39 (1).jpeg,367.0,141.0,29.262670000516867
65,0.0,3.0,5.0,6.0,8.0,9.0,10.0,11.0,12.0,13.0,13.0,14.0,14.0,15.0,15.0,16.0,17.0,17.0,17.0,18.0,18.0,19.0,19.0,20.0,20.0,20.0,20.0,21.0,21.0,21.0,22.0,22.0,22.0,22.0,23.0,23.0,23.0,23.0,24.0,24.0,24.0,25.0,25.0,25.0,25.0,25.0,26.0,26.0,26.0,26.0,27.0,27.0,27.0,27.0,27.0,28.0,28.0,28.0,28.0,29.0,29.0,29.0,29.0,29.0,30.0,30.0,30.0,30.0,30.0,31.0,31.0,31.0,31.0,31.0,32.0,32.0,32.0,32.0,32.0,32.0,33.0,33.0,33.0,34.0,34.0,34.0,34.0,35.0,35.0,35.0,36.0,36.0,36.0,37.0,37.0,38.0,38.0,39.0,41.0,47.0,31.0,1000.4431372582912,1000.6313725709915,1000.7254902124405,1000.8196078538895,2000.1254902034998,2000.5803921818733,2000.7764706015587,3000.0980392172933,3000.309803932905,3001.0,149.87548065185547,157.51353454589844,162.55250549316406,166.53805541992188,170.1753692626953,173.79584045410155,177.78202209472656,183.30545654296876,197.01231384277344,345.9088134765625,222.12674,2.0,test_data/Useful/Validation/Stone Dust at 1 ft/WhatsApp Image 2024-09-05 at 17.30.39.jpeg,362.0,123.0,33.324362875604784
66,1.0,4.0,6.0,7.0,8.0,10.0,11.0,12.0,13.0,13.0,14.0,15.0,15.0,16.0,16.0,17.0,17.0,18.0,18.0,18.0,19.0,19.0,19.0,20.0,20.0,20.0,20.730000000000018,21.0,21.0,21.0,22.0,22.0,23.0,23.0,23.0,23.0,24.0,24.0,24.0,24.0,25.0,25.0,25.0,25.0,25.0,26.0,26.0,26.0,26.0,27.0,27.0,27.0,27.0,28.0,28.0,28.0,28.0,28.0,28.0,29.0,29.0,29.0,29.0,29.0,30.0,30.0,30.0,30.0,31.0,31.0,31.0,31.0,31.0,32.0,32.0,32.0,32.0,32.0,33.0,33.0,33.0,33.0,34.0,34.0,34.0,35.0,35.0,35.0,35.0,36.0,36.0,36.0,37.0,37.0,38.0,38.0,39.0,40.0,41.0,44.0,32.0,1000.4313725531101,1000.6274510025978,1000.7254902124405,1000.8313725590706,2000.258823543787,2000.5960784554482,2000.7529411911964,3000.06274510175,3000.274509817362,3001.0,149.37148895263672,157.40995178222656,162.440380859375,166.5121337890625,170.1689453125,173.85336303710938,177.8798065185547,183.42557067871093,197.4326934814453,345.8747863769531,221.88785,2.0,test_data/Useful/Validation/Stone Dust at 1 ft/WhatsApp Image 2024-09-05 at 17.30.40 (1).jpeg,340.0,115.0,30.11702367153855
67,1.0,3.0,6.0,7.0,8.0,10.0,10.930000000000007,11.0,12.0,13.0,13.889999999999986,14.0,15.0,15.0,16.0,16.0,17.0,17.0,17.0,18.0,18.0,19.0,19.0,19.0,20.0,20.0,20.0,21.0,21.0,22.0,22.0,22.0,22.0,23.0,23.0,23.0,23.0,24.0,24.0,24.0,24.0,25.0,25.0,25.0,25.0,26.0,26.0,26.0,26.0,26.0,27.0,27.0,27.0,27.0,28.0,28.0,28.0,28.0,28.0,29.0,29.0,29.0,29.0,29.0,30.0,30.0,30.0,30.0,30.0,31.0,31.0,31.0,31.0,31.0,32.0,32.0,32.0,32.0,32.210000000000036,33.0,33.0,33.0,33.0,34.0,34.0,34.0,34.0,35.0,35.0,35.0,36.0,36.0,36.0,37.0,37.0,38.0,39.0,39.0,41.0,47.0,30.0,1000.4313725531101,1000.6313725709915,1000.7294117808342,1000.8156862854958,1000.9607843160629,2000.5882353186607,2000.811764717102,3000.1215686276555,3000.337254911661,3001.0,149.99688415527345,157.7814727783203,162.81283569335938,166.86265563964844,170.47088623046875,174.08526611328125,178.09356689453125,183.5676727294922,197.11038208007812,345.96160888671875,222.18184,2.0,test_data/Useful/Validation/Stone Dust at 1 ft/WhatsApp Image 2024-09-05 at 17.30.40 (2).jpeg,334.0,131.0,29.360199940242147
68,0.0,2.0,5.0,6.960000000000008,8.0,9.0,10.0,11.0,12.0,13.0,14.0,14.879999999999995,15.0,15.0,16.0,16.0,17.0,17.0,18.0,18.0,18.0,19.0,19.0,20.0,20.0,20.0,20.0,21.0,21.0,21.0,21.0,22.0,22.0,22.0,23.0,23.0,23.0,23.0,24.0,24.0,24.0,24.0,25.0,25.0,25.0,25.0,26.0,26.0,26.0,26.0,26.0,27.0,27.0,27.0,27.0,28.0,28.0,28.0,28.0,28.0,28.0,29.0,29.0,29.0,29.0,30.0,30.0,30.0,30.0,30.0,31.0,31.0,31.0,31.0,32.0,32.0,32.0,32.0,32.0,33.0,33.0,33.0,33.0,34.0,34.0,34.0,34.0,35.0,35.0,35.0,36.0,36.0,36.0,37.0,37.0,38.0,38.029999999999745,39.0,41.0,48.0,26.0,1000.4588235318661,1000.6470588445663,1000.7490196228027,1000.8627451062202,2000.3176470696926,2000.6313725709915,2000.7803921699524,3000.086274512112,3000.301960796118,3001.0,149.81262512207033,157.65003051757813,162.6783706665039,166.70758361816405,170.35706329345703,173.97576904296875,177.99384155273438,183.55995178222656,197.37863159179688,345.913330078125,221.96967,2.0,test_data/Useful/Validation/Stone Dust at 1 ft/WhatsApp Image 2024-09-05 at 17.30.40.jpeg,345.0,116.0,27.32713615875132
69,1.0,3.980000000000004,5.0,7.0,8.0,10.0,11.0,11.0,12.0,13.0,13.0,14.0,14.0,15.0,15.0,16.0,16.0,17.0,17.0,18.0,18.0,18.779999999999973,19.0,19.0,19.0,20.0,20.0,20.0,21.0,21.0,21.0,22.0,22.0,22.0,23.0,23.0,23.0,23.0,24.0,24.0,24.0,24.0,24.0,25.0,25.0,25.0,25.0,26.0,26.0,26.0,26.0,26.0,27.0,27.0,27.0,27.0,28.0,28.0,28.0,28.0,28.0,29.0,29.0,29.0,29.0,29.0,30.0,30.0,30.0,31.0,31.0,31.0,31.0,31.0,32.0,32.0,32.0,32.0,32.0,33.0,33.0,33.0,33.0,34.0,34.0,34.0,34.0,35.0,35.0,35.0,36.0,36.0,36.0,37.0,37.0,38.0,39.0,40.0,41.0,45.0,28.0,1000.419607847929,1000.6235294342041,1000.7294117808342,1000.8156862854958,2000.0274509806186,2000.6156862974167,2000.8039215803146,3000.1098039224744,3000.3215686380863,3001.0,149.78496246337892,157.5730712890625,162.66815185546875,166.69313049316406,170.29150390625,173.89779663085938,177.86141967773438,183.433349609375,197.0914306640625,345.93060302734375,222.0586,2.0,test_data/Useful/Validation/Stone Dust at 1 ft/WhatsApp Image 2024-09-05 at 17.30.41 (1).jpeg,333.0,132.0,29.188060986187626
70,0.0,2.0,4.0,6.0,8.0,9.0,10.0,11.0,12.0,12.0,13.0,13.0,13.0,14.0,14.0,15.0,15.0,16.0,16.0,17.0,17.0,17.0,18.0,18.0,18.0,19.0,19.0,19.0,20.0,20.0,20.0,21.0,21.0,21.0,22.0,22.0,22.0,22.0,22.0,23.0,23.0,23.0,24.0,24.0,24.0,24.0,25.0,25.0,25.0,25.0,25.0,26.0,26.0,26.0,26.0,27.0,27.0,27.0,27.0,27.0,28.0,28.0,28.0,28.0,28.0,29.0,29.0,29.0,29.0,30.0,30.0,30.0,30.0,30.0,31.0,31.0,31.0,31.0,31.0,32.0,32.0,32.0,32.0,33.0,33.0,33.0,33.0,34.0,34.0,34.0,34.0,35.0,35.0,36.0,36.0,37.0,37.0,38.0,39.0,47.0,28.0,1000.772549033165,1000.9176470637321,1000.9803921580315,1001.0,1001.0,2000.8352941274643,2001.0,3000.486274510622,3000.6862745285034,3001.0,149.1700881958008,156.92224731445313,162.0643768310547,166.15402221679688,169.78558349609375,173.38773193359376,177.45694122314453,183.0557861328125,197.36651611328125,347.06890869140625,224.42062,2.0,test_data/Useful/Validation/Stone Dust at 1 ft/WhatsApp Image 2024-09-05 at 17.30.41.jpeg,457.0,158.0,30.66673115492249
71,1.0,5.0,8.0,10.0,12.0,13.0,14.0,15.0,16.0,16.0,17.0,18.0,18.0,19.0,19.0,20.0,20.0,21.0,21.0,21.0,22.0,22.0,23.0,23.0,23.0,24.0,24.0,24.0,24.0,25.0,25.0,25.0,26.0,26.0,26.0,26.0,26.0,27.0,27.0,27.0,27.0,27.0,28.0,28.0,28.0,28.0,29.0,29.0,29.0,29.0,29.0,29.0,30.0,30.0,30.0,30.0,30.0,30.0,31.0,31.0,31.0,31.0,31.0,31.0,32.0,32.0,32.0,32.0,32.0,32.299999999999955,33.0,33.0,33.0,33.0,33.0,34.0,34.0,34.0,34.0,35.0,35.0,35.0,35.0,36.0,36.0,36.0,36.0,36.0,37.0,37.0,37.0,37.0,38.0,38.0,38.0,39.0,39.0,40.0,41.0,47.0,30.0,1000.4156862795353,1000.5960784554482,1000.7176470756531,2000.1568627506495,2000.4509803950787,2000.6000000238419,2000.6980392336845,3000.019607843831,3000.2470588237047,3000.9960784316063,148.78489837646484,156.75252075195314,161.7991973876953,165.92872619628906,169.6290283203125,173.35009765625,177.57693481445312,183.4429504394531,197.9348907470703,345.74615478515625,221.7127,2.0,test_data/Useful/Validation/Stone Dust at 1 ft/WhatsApp Image 2024-09-05 at 17.30.42 (1).jpeg,291.0,102.0,30.75544079132995
72,0.990000000000002,3.980000000000004,5.0,7.0,8.0,9.0,10.0,11.0,12.0,13.0,13.0,14.0,14.0,15.0,15.0,16.0,16.0,17.0,17.0,17.0,18.0,18.0,19.0,19.0,19.0,20.0,20.0,20.0,21.0,21.0,22.0,22.0,22.0,23.0,23.0,23.0,23.0,24.0,24.0,24.0,24.0,24.579999999999927,25.0,25.0,25.0,25.0,26.0,26.0,26.0,26.0,27.0,27.0,27.0,27.0,27.0,28.0,28.0,28.0,28.0,29.0,29.0,29.0,29.0,29.0,30.0,30.0,30.0,30.0,30.0,31.0,31.0,31.0,31.0,32.0,32.0,32.0,32.0,32.0,32.210000000000036,33.0,33.0,33.0,34.0,34.0,34.0,34.0,34.0,35.0,35.0,35.0,36.0,36.0,37.0,37.0,38.0,38.0,39.0,40.0,41.0,45.0,32.0,1000.4274509847164,1000.6313725709915,1000.7333333492279,1000.8274509906769,2000.2078431397676,2000.6313725709915,2000.7960784435272,3000.1098039224744,3000.3215686380863,3001.0,149.87904357910156,157.6919403076172,162.7334747314453,166.76950073242188,170.4173126220703,173.99128112792968,178.07356872558594,183.6171112060547,197.26885986328125,345.923583984375,222.00641,2.0,test_data/Useful/Validation/Stone Dust at 1 ft/WhatsApp Image 2024-09-05 at 17.30.42.jpeg,336.0,134.0,32.123778261917884
73,1.0,5.0,7.0,9.0,10.0,12.0,13.0,14.0,15.0,16.0,16.0,17.0,17.870000000000005,18.0,19.0,19.0,20.0,20.0,21.0,21.0,21.0,22.0,22.0,22.0,23.0,23.0,23.0,23.0,23.0,24.0,24.0,24.0,24.0,25.0,25.0,25.0,26.0,26.0,26.0,26.0,26.0,27.0,27.0,27.0,27.0,27.0,28.0,28.0,28.0,28.0,28.0,29.0,29.0,29.0,29.0,29.0,30.0,30.0,30.0,30.0,31.0,31.0,31.0,31.0,31.0,31.0,32.0,32.0,32.0,32.0,32.0,33.0,33.0,33.0,33.0,33.0,34.0,34.0,34.0,34.0,34.0,35.0,35.0,35.0,35.0,35.0,36.0,36.0,36.0,36.0,37.0,37.0,37.0,38.0,38.0,39.0,39.0,40.0,41.0,49.0,28.0,1000.4509803950787,1000.6470588445663,1000.7529411911964,1000.8705882430077,2000.3176470696926,2000.6274510025978,2000.7803921699524,3000.086274512112,3000.3215686380863,3001.0,149.16351013183595,157.02157897949218,162.00570678710938,166.10577087402345,169.7864761352539,173.48641357421874,177.5754425048828,183.36936950683594,197.82760620117188,345.9734802246094,222.49542,2.0,test_data/Useful/Validation/Stone Dust at 1 ft/WhatsApp Image 2024-09-05 at 17.30.43 (1).jpeg,330.0,117.0,31.48196949452077
74,2.0,7.0,10.0,11.0,12.0,13.0,14.0,15.0,16.0,16.0,17.0,17.0,18.0,18.0,19.0,19.0,20.0,20.0,21.0,21.0,22.0,22.0,23.0,23.0,23.0,23.0,24.0,24.0,24.0,24.0,25.0,25.0,25.0,25.0,26.0,26.0,26.0,26.0,26.0,27.0,27.0,27.0,27.0,27.0,28.0,28.0,28.0,28.0,28.0,29.0,29.0,29.0,29.0,29.0,29.0,30.0,30.0,30.0,30.0,30.0,31.0,31.0,31.0,31.0,31.0,32.0,32.0,32.0,32.0,32.0,32.0,33.0,33.0,33.0,33.0,33.0,34.0,34.0,34.0,34.0,34.0,35.0,35.0,35.0,35.0,35.0,36.0,36.0,36.0,37.0,37.0,37.0,37.0,38.0,38.0,39.0,39.0,40.0,41.0,47.0,28.0,1000.4274509847164,1000.6156862974167,1000.7254902124405,1000.905882358551,2000.4549019634724,2000.6431372761726,2000.7647058963776,3000.1098039224744,3000.3215686380863,3001.0,150.38661193847656,158.08756103515626,163.1744857788086,167.22525939941406,170.90411376953125,174.53894653320313,178.5211181640625,184.0704345703125,197.8657684326172,345.8518981933594,221.43845,2.0,test_data/Useful/Validation/Stone Dust at 1 ft/WhatsApp Image 2024-09-05 at 17.30.43.jpeg,312.0,110.0,34.413005006914574
75,2.990000000000002,5.0,8.0,10.0,12.0,13.0,14.0,15.0,16.0,16.0,17.0,17.0,18.0,18.860000000000014,19.0,19.0,20.0,20.0,21.0,21.0,22.0,22.0,22.0,23.0,23.0,23.0,24.0,24.0,24.0,25.0,25.0,25.0,25.0,26.0,26.0,26.0,26.0,26.0,27.0,27.0,27.0,27.0,28.0,28.0,28.0,28.0,28.0,29.0,29.0,29.0,29.0,29.0,29.0,30.0,30.0,30.0,30.0,30.0,31.0,31.0,31.0,31.0,31.0,31.0,32.0,32.0,32.0,32.0,32.0,32.0,33.0,33.0,33.0,33.0,33.0,34.0,34.0,34.0,34.0,34.0,35.0,35.0,35.0,35.0,35.0,36.0,36.0,36.0,36.0,37.0,37.0,37.0,38.0,38.0,39.0,39.0,40.0,40.0,42.0,48.0,31.0,1000.4431372582912,1000.6274510025978,1000.7411764860153,2000.0392156876624,2000.4627451002598,2000.639215707779,2000.7568627595901,3000.086274512112,3000.3058823645115,3001.0,150.1522964477539,158.00931396484376,163.05921173095703,167.0741424560547,170.6756591796875,174.30154418945312,178.36508178710938,184.09523010253906,197.91366577148438,345.8664245605469,221.59769,2.0,test_data/Useful/Validation/Stone Dust at 1 ft/WhatsApp Image 2024-09-05 at 17.30.44.jpeg,346.0,110.0,28.25214159277029
76,2.0,4.0,7.0,9.960000000000008,12.0,13.0,14.0,15.0,16.0,16.900000000000006,17.0,18.0,18.0,19.0,19.0,20.0,20.0,21.0,21.0,22.0,22.0,22.0,23.0,23.0,23.0,24.0,24.0,24.0,24.0,25.0,25.0,25.0,26.0,26.0,26.0,26.0,26.0,27.0,27.0,27.0,27.0,28.0,28.0,28.0,28.0,28.0,29.0,29.0,29.0,29.0,29.0,29.0,30.0,30.0,30.0,30.0,30.0,31.0,31.0,31.0,31.0,31.0,31.0,32.0,32.0,32.0,32.0,32.0,32.0,33.0,33.0,33.0,33.0,33.0,33.0,34.0,34.0,34.0,34.0,34.0,35.0,35.0,35.0,35.0,35.0,36.0,36.0,36.0,36.0,37.0,37.0,37.0,38.0,38.0,38.0,39.0,40.0,41.0,42.0,49.0,33.0,1000.4509803950787,1000.6313725709915,1000.745098054409,2000.137254908681,2000.474509805441,2000.6352941393852,2000.7411764860153,3000.074509806931,3000.298039227724,3001.0,150.16829681396484,158.01098022460937,163.03607177734375,167.08110656738282,170.70118713378906,174.39041748046876,178.4508041381836,184.0860137939453,197.7454376220703,345.850341796875,221.09332,2.0,test_data/Useful/Validation/Stone Dust at 1 ft/WhatsApp Image 2024-09-05 at 17.30.45.jpeg,308.0,103.0,36.197458477590516
77,3.990000000000002,6.980000000000004,10.0,11.0,12.0,14.0,15.0,15.0,16.0,17.0,17.0,18.0,19.0,19.0,20.0,20.0,20.0,21.0,21.0,22.0,22.0,22.0,23.0,23.0,23.0,23.0,24.0,24.0,24.0,25.0,25.0,25.0,25.0,26.0,26.0,26.0,26.0,27.0,27.0,27.0,27.0,27.0,28.0,28.0,28.0,28.0,29.0,29.0,29.0,29.0,29.0,29.0,29.0,30.0,30.0,30.0,30.0,31.0,31.0,31.0,31.0,31.0,31.0,31.0,32.0,32.0,32.0,32.0,32.0,32.0,33.0,33.0,33.0,33.0,33.0,34.0,34.0,34.0,34.0,34.0,35.0,35.0,35.0,35.0,36.0,36.0,36.0,36.0,37.0,37.0,37.0,38.0,38.0,38.0,39.0,39.0,40.0,40.0,42.0,48.0,31.0,1000.4352941215038,1000.6156862974167,1000.7294117808342,2000.0392156876624,2000.4705882370472,2000.639215707779,2000.7490196228027,3000.0823529437184,3000.298039227724,3001.0,149.7366485595703,157.5415802001953,162.60252380371094,166.65284729003906,170.36136627197266,174.041259765625,178.09902954101562,183.8252410888672,197.82208251953125,345.84173583984375,221.5586,2.0,test_data/Useful/Validation/Stone Dust at 1 ft/WhatsApp Image 2024-09-05 at 17.30.46.jpeg,296.0,103.0,33.26350166087137
78,2.0,6.0,8.0,9.0,11.0,12.0,13.0,14.0,15.0,16.0,17.0,18.0,18.0,19.0,19.0,20.0,20.0,21.0,21.0,21.0,22.0,22.0,23.0,23.0,23.0,24.0,24.0,24.0,25.0,25.0,25.0,25.0,26.0,26.0,26.0,26.0,26.0,27.0,27.0,27.0,27.0,27.0,27.0,28.0,28.0,28.0,28.0,28.0,29.0,29.0,29.0,29.0,29.0,29.0,30.0,30.0,30.0,30.0,30.0,30.399999999999864,31.0,31.0,31.0,31.0,31.0,32.0,32.0,32.0,32.0,32.0,32.0,33.0,33.0,33.0,33.0,33.0,34.0,34.0,34.0,34.0,35.0,35.0,35.0,35.0,35.0,36.0,36.0,36.0,37.0,37.0,37.0,37.0,38.0,38.0,38.0,39.0,39.0,40.0,42.0,45.0,31.0,1000.4431372582912,1000.6274510025978,1000.745098054409,2000.0901960805058,2000.4823529422283,2000.65098041296,2000.7647058963776,3000.101960785687,3000.3176470696926,3001.0,150.30341491699218,158.10657958984376,163.19513244628905,167.19725036621094,170.77556610107422,174.3425323486328,178.43671875,183.999755859375,197.7279052734375,345.8645935058594,221.38037,2.0,test_data/Useful/Validation/Stone Dust at 1 ft/WhatsApp Image 2024-09-05 at 17.30.48.jpeg,311.0,99.0,32.4155671199334
79,3.0,7.0,9.0,10.0,12.0,13.0,14.0,15.0,16.0,16.0,17.0,17.0,18.0,19.0,19.0,20.0,20.0,20.0,21.0,21.0,22.0,22.0,22.0,23.0,23.0,23.0,23.0,24.0,24.0,24.0,25.0,25.0,25.0,25.0,26.0,26.0,26.0,26.0,27.0,27.0,27.0,27.0,27.0,27.0,28.0,28.0,28.0,28.0,29.0,29.0,29.0,29.0,29.0,30.0,30.0,30.0,30.0,30.0,30.409999999999854,31.0,31.0,31.0,31.0,31.360000000000127,32.0,32.0,32.0,32.0,32.0,33.0,33.0,33.0,33.0,33.0,34.0,34.0,34.0,34.0,34.0,34.0,35.0,35.0,35.0,35.0,35.0,36.0,36.0,36.0,36.0,37.0,37.0,37.0,38.0,38.0,38.0,39.0,40.0,40.0,42.0,46.0,34.0,1000.447058826685,1000.6313725709915,1000.7490196228027,2000.137254908681,2000.486274510622,2000.6470588445663,2000.7529411911964,3000.0784313753247,3000.301960796118,3001.0,150.31277465820312,158.04571533203125,163.0144500732422,167.0796356201172,170.75812530517578,174.31767883300782,178.3435806274414,183.9423034667969,197.8848114013672,345.85443115234375,221.36063,2.0,test_data/Useful/Validation/Stone Dust at 1 ft/WhatsApp Image 2024-09-05 at 17.30.53.jpeg,301.0,105.0,25.236345482025683
80,2.0,5.0,8.0,10.0,12.0,13.0,14.0,15.0,15.909999999999997,16.0,17.0,17.0,18.0,19.0,19.0,20.0,20.0,21.0,21.0,22.0,22.0,22.0,23.0,23.0,23.0,24.0,24.0,24.0,25.0,25.0,25.0,25.0,26.0,26.0,26.0,26.0,26.0,27.0,27.0,27.0,27.0,27.0,28.0,28.0,28.0,28.0,28.0,29.0,29.0,29.0,29.0,29.0,29.0,30.0,30.0,30.0,30.0,30.0,30.0,31.0,31.0,31.0,31.0,31.0,31.0,32.0,32.0,32.0,32.0,33.0,33.0,33.0,33.0,33.0,34.0,34.0,34.0,34.0,34.0,35.0,35.0,35.0,35.0,35.0,36.0,36.0,36.0,36.0,37.0,37.0,37.0,38.0,38.0,38.0,39.0,39.0,39.029999999999745,40.0,42.0,46.0,30.0,1000.4392156898975,1000.6196078658104,1000.7333333492279,2000.023529412225,2000.4549019634724,2000.6313725709915,2000.745098054409,3000.0784313753247,3000.301960796118,3001.0,150.43197631835938,158.20237731933594,163.23679962158204,167.21560668945312,170.88291931152344,174.54705810546875,178.54342651367188,184.19729614257812,197.87167358398438,345.8528137207031,221.06235,2.0,test_data/Useful/Validation/Stone Dust at 1 ft/WhatsApp Image 2024-09-05 at 17.30.55.jpeg,298.0,110.0,33.69265649898431
81,2.0,5.0,8.0,9.0,11.0,12.0,13.0,14.0,15.0,16.0,17.0,17.0,18.0,18.0,19.0,19.0,20.0,20.0,21.0,21.0,21.0,22.0,22.0,22.0,22.75,23.0,23.0,24.0,24.0,24.0,24.0,25.0,25.0,25.0,25.0,26.0,26.0,26.0,26.0,27.0,27.0,27.0,27.0,27.0,28.0,28.0,28.0,28.0,28.0,29.0,29.0,29.0,29.0,29.0,30.0,30.0,30.0,30.0,30.0,31.0,31.0,31.0,31.0,31.0,32.0,32.0,32.0,32.0,32.0,32.0,33.0,33.0,33.0,33.0,33.0,34.0,34.0,34.0,34.0,34.0,34.0,35.0,35.0,35.0,35.0,36.0,36.0,36.0,36.0,37.0,37.0,37.0,38.0,38.0,38.0,39.0,40.0,41.0,42.0,46.0,32.0,1000.4509803950787,1000.6352941393852,1000.7529411911964,2000.1333333402872,2000.4901960790157,2000.65098041296,2000.7607843279839,3000.090196080506,3000.309803932905,3001.0,150.2137451171875,157.98229370117187,162.9696029663086,166.9980224609375,170.6489028930664,174.28196716308594,178.32100372314454,183.9591033935547,197.67431640625,345.8578796386719,221.64987,2.0,test_data/Useful/Validation/Stone Dust at 1 ft/WhatsApp Image 2024-09-05 at 17.30.56.jpeg,310.0,102.0,22.879639864129672
82,0.0,2.0,5.0,7.0,9.0,10.0,11.0,11.0,12.0,12.900000000000006,13.0,14.0,14.0,15.0,15.0,16.0,16.0,17.0,17.0,18.0,18.0,18.0,19.0,19.0,20.0,20.0,20.0,21.0,21.0,21.0,21.0,22.0,22.0,22.0,23.0,23.0,23.0,23.620000000000005,24.0,24.0,24.0,24.0,25.0,25.0,25.0,25.0,25.0,26.0,26.0,26.0,26.0,26.0,27.0,27.0,27.0,27.0,27.0,28.0,28.0,28.0,28.0,28.0,29.0,29.0,29.0,29.0,29.0,30.0,30.0,30.0,30.0,30.279999999999973,31.0,31.0,31.0,31.0,31.0,32.0,32.0,32.0,32.0,32.0,33.0,33.0,33.0,33.0,34.0,34.0,34.0,35.0,35.0,35.0,36.0,36.0,36.0,37.0,37.0,38.0,39.0,46.0,31.0,1000.4000000059605,1000.6039215922356,1000.7686274647713,2000.1215686276555,2000.3176470696926,2000.4823529422283,2000.6078431606293,2000.7215686440468,2000.8823529481888,3001.0,120.76589889526367,130.75916748046876,138.97592468261718,146.53640441894532,153.4618148803711,160.07160644531248,167.24376525878904,177.08428955078125,197.01467895507812,345.75128173828125,225.19052,2.0,test_data/Useful/Validation/Stone Dust at 1 ft/WhatsApp Image 2024-09-05 at 17.31.38.jpeg,377.0,152.0,29.906667089639548
83,1.0,4.0,6.0,8.0,10.0,11.0,11.0,12.0,13.0,13.0,14.0,14.0,15.0,15.0,16.0,16.0,17.0,17.0,18.0,18.0,18.789999999999964,19.0,19.0,19.0,20.0,20.0,20.730000000000018,21.0,21.0,21.0,22.0,22.0,22.0,22.0,23.0,23.0,23.0,23.0,24.0,24.0,24.0,24.0,25.0,25.0,25.0,25.0,25.0,25.0,26.0,26.0,26.0,26.0,26.0,27.0,27.0,27.0,27.0,27.0,28.0,28.0,28.0,28.0,28.0,29.0,29.0,29.0,29.0,29.0,29.0,30.0,30.0,30.0,30.0,30.0,31.0,31.0,31.0,31.0,31.0,32.0,32.0,32.0,32.0,33.0,33.0,33.0,33.0,34.0,34.0,34.0,35.0,35.0,36.0,36.0,36.0,37.0,37.0,38.0,39.0,46.0,29.0,1000.3333333432674,1000.517647087574,1000.6470588445663,1000.7882353067398,2000.1529411822557,2000.364705890417,2000.5333333611488,2000.678431391716,2000.8588235378265,3001.0,120.65412902832031,130.81599731445314,138.9006088256836,146.265966796875,153.19178771972656,159.88323974609375,167.0448455810547,176.94720458984375,196.81411743164062,345.7203369140625,224.91563,2.0,test_data/Useful/Validation/Stone Dust at 1 ft/WhatsApp Image 2024-09-05 at 17.31.39 (1).jpeg,390.0,168.0,20.0
84,0.990000000000002,3.0,5.0,7.0,8.0,10.0,11.0,12.0,12.0,13.0,14.0,14.0,15.0,15.0,16.0,16.0,17.0,17.0,17.0,18.0,18.0,18.0,19.0,19.0,20.0,20.0,20.0,21.0,21.0,21.0,21.0,22.0,22.0,22.0,23.0,23.0,23.0,23.0,24.0,24.0,24.0,24.0,24.0,25.0,25.0,25.0,25.0,25.0,26.0,26.0,26.0,26.0,26.0,26.0,27.0,27.0,27.0,27.0,27.0,27.0,28.0,28.0,28.0,28.0,28.0,29.0,29.0,29.0,29.0,29.0,30.0,30.0,30.0,30.0,30.25,31.0,31.0,31.0,31.0,31.0,32.0,32.0,32.0,32.0,33.0,33.0,33.0,34.0,34.0,34.0,35.0,35.0,35.0,36.0,36.0,37.0,38.0,38.0,40.0,47.0,26.0,1000.3607843220234,1000.54509806633,1000.6901960968971,2000.0274509806186,2000.2666666805744,2000.4431372582912,2000.5803921818733,2000.705882370472,2000.89411765337,3001.0,120.66203308105469,130.6717071533203,138.70738220214844,146.1325653076172,153.004150390625,159.78151245117186,166.94024047851562,176.70429077148438,196.75762939453125,345.7174072265625,225.29568,2.0,test_data/Useful/Validation/Stone Dust at 1 ft/WhatsApp Image 2024-09-05 at 17.31.39.jpeg,385.0,159.0,29.402850925080607
85,0.0,2.0,4.0,6.0,8.0,9.0,10.0,11.0,12.0,13.0,13.0,14.0,14.0,15.0,15.0,16.0,16.0,17.0,17.0,18.0,18.0,18.0,19.0,19.0,19.0,20.0,20.0,20.0,21.0,21.0,21.0,21.0,21.670000000000073,22.0,22.0,22.0,23.0,23.0,23.0,23.0,23.0,24.0,24.0,24.0,25.0,25.0,25.0,25.0,25.0,26.0,26.0,26.0,26.0,26.0,27.0,27.0,27.0,27.0,27.0,27.0,28.0,28.0,28.0,28.0,28.0,29.0,29.0,29.0,29.0,29.0,30.0,30.0,30.0,30.0,30.0,30.0,31.0,31.0,31.0,31.0,32.0,32.0,32.0,32.0,33.0,33.0,33.0,33.0,34.0,34.0,34.0,35.0,35.0,36.0,36.0,37.0,37.0,38.0,39.0,43.0,27.0,1000.352941185236,1000.5411764979362,1000.678431391716,1000.8470588326454,2000.1921568661928,2000.3960784375668,2000.556862771511,2000.6941176652908,2000.8588235378265,3001.0,120.37151336669922,130.4310302734375,138.58409576416014,146.11460571289064,153.20974731445312,159.8940216064453,167.05040435791017,176.8625030517578,196.91818237304688,345.7577819824219,225.14938,2.0,test_data/Useful/Validation/Stone Dust at 1 ft/WhatsApp Image 2024-09-05 at 17.31.40.jpeg,421.0,180.0,31.05129222669809
86,0.0,2.0,4.0,6.0,8.0,9.0,10.0,11.0,12.0,12.0,13.0,14.0,14.0,14.0,15.0,15.0,16.0,16.0,17.0,17.0,18.0,18.0,18.0,19.0,19.0,19.0,20.0,20.0,20.0,21.0,21.0,21.0,21.0,22.0,22.0,22.0,23.0,23.0,23.0,23.0,24.0,24.0,24.0,24.0,24.0,25.0,25.0,25.0,25.0,25.0,26.0,26.0,26.0,26.0,26.0,27.0,27.0,27.0,27.0,27.0,27.0,28.0,28.0,28.0,28.0,28.0,29.0,29.0,29.0,29.0,29.0,30.0,30.0,30.0,30.0,30.0,31.0,31.0,31.0,31.0,32.0,32.0,32.0,32.0,32.0,33.0,33.0,33.0,33.0,34.0,34.0,34.0,35.0,35.0,36.0,36.0,37.0,38.0,39.0,44.0,27.0,1000.2901960909367,1000.4627451002598,1000.5882353186607,1000.6941176652908,1000.8196078538895,2000.1803921610117,2000.4392156898975,2000.6470588445663,2000.8745098114014,3001.0,120.36163330078125,130.50726318359375,138.59182739257812,145.95822143554688,152.80418395996094,159.46424560546876,166.5824722290039,176.3224304199219,196.6757049560547,345.736572265625,224.88779,2.0,test_data/Useful/Validation/Stone Dust at 1 ft/WhatsApp Image 2024-09-05 at 17.31.41 (1).jpeg,384.0,142.0,29.842347645632987
87,0.0,3.0,5.0,7.0,8.0,10.0,10.0,11.0,12.0,13.0,14.0,14.0,15.0,15.0,16.0,16.0,17.0,17.0,17.0,18.0,18.0,19.0,19.0,19.0,20.0,20.0,20.0,21.0,21.0,21.0,22.0,22.0,22.0,22.0,23.0,23.0,23.0,23.0,24.0,24.0,24.0,24.0,24.0,25.0,25.0,25.0,25.0,25.0,26.0,26.0,26.0,26.0,26.0,27.0,27.0,27.0,27.0,27.0,28.0,28.0,28.0,28.0,28.0,29.0,29.0,29.0,29.0,29.0,29.0,29.0,30.0,30.0,30.0,30.0,31.0,31.0,31.0,31.0,31.0,31.0,32.0,32.0,32.0,32.0,33.0,33.0,33.0,33.0,34.0,34.0,34.0,35.0,35.0,36.0,36.0,37.0,37.0,38.0,39.0,45.0,29.0,1000.3098039329052,1000.4823529422283,1000.6039215922356,1000.7137255072594,1000.8784313797951,2000.2470588237047,2000.4823529422283,2000.6627451181412,2000.8627451062202,3001.0,120.89430465698243,130.82907104492188,138.9432373046875,146.33221130371095,153.23936462402344,159.89150390625,166.93829345703125,176.81607055664062,196.83758544921875,345.75030517578125,224.89763,2.0,test_data/Useful/Validation/Stone Dust at 1 ft/WhatsApp Image 2024-09-05 at 17.31.41.jpeg,388.0,164.0,28.097156750248093
88,1.0,4.0,7.0,9.0,11.0,12.0,13.0,14.0,15.0,16.0,17.0,17.0,18.0,18.0,19.0,19.0,20.0,20.0,21.0,21.0,22.0,22.0,22.0,23.0,23.0,23.0,23.0,24.0,24.0,24.0,24.0,25.0,25.0,25.0,25.0,26.0,26.0,26.0,26.0,26.0,27.0,27.0,27.0,27.0,27.0,28.0,28.0,28.0,28.0,28.0,28.0,29.0,29.0,29.0,29.0,29.0,30.0,30.0,30.0,30.0,30.0,30.0,31.0,31.0,31.0,31.0,31.0,31.0,32.0,32.0,32.0,32.0,32.0,32.0,32.0,33.0,33.0,33.0,33.0,34.0,34.0,34.0,34.0,34.0,35.0,35.0,35.0,36.0,36.0,36.0,36.0,37.0,37.0,37.0,38.0,38.039999999999964,39.0,40.0,41.0,45.0,32.0,1000.2823529541492,1000.4235294163227,1000.5294117927551,1000.6196078658104,1000.6980392336845,1000.8078431487083,2000.4274509847164,2000.6901960968971,3000.2196078449488,3001.0,122.73614501953125,132.80728149414062,140.61013793945312,147.84097290039062,154.6175537109375,161.3321075439453,168.51873779296875,178.0369873046875,198.39828491210938,345.88873291015625,224.70598,2.0,test_data/Useful/Validation/Stone Dust at 1 ft/WhatsApp Image 2024-09-05 at 17.31.42 (1).jpeg,392.0,147.0,28.911206682846398
89,1.0,5.0,7.0,10.0,11.0,12.939999999999998,13.0,14.0,15.0,16.0,16.0,17.0,18.0,18.0,19.0,19.0,20.0,20.0,20.0,21.0,21.0,22.0,22.0,22.0,22.0,23.0,23.0,23.0,24.0,24.0,24.0,24.0,25.0,25.0,25.0,25.0,26.0,26.0,26.0,26.0,26.0,27.0,27.0,27.0,27.0,27.0,28.0,28.0,28.0,28.0,28.0,29.0,29.0,29.0,29.0,29.0,29.0,30.0,30.0,30.0,30.0,30.0,30.0,31.0,31.0,31.0,31.0,31.0,31.0,32.0,32.0,32.0,32.0,32.0,33.0,33.0,33.0,33.0,33.0,33.0,34.0,34.0,34.0,34.0,34.0,35.0,35.0,35.0,35.0,36.0,36.0,36.0,37.0,37.0,38.0,38.0,38.0,39.0,40.00999999999976,45.0,29.0,1000.2784313857555,1000.4235294163227,1000.5333333611488,1000.6235294342041,1000.7098039388657,1000.8549019694328,2000.4666666686535,2000.6823529601097,3000.1843137294054,3001.0,122.86123657226562,132.737548828125,140.6419921875,147.84066162109377,154.62384796142578,161.1717071533203,168.22103881835938,178.101318359375,198.44744873046875,345.87017822265625,224.78453,2.0,test_data/Useful/Validation/Stone Dust at 1 ft/WhatsApp Image 2024-09-05 at 17.31.42.jpeg,383.0,138.0,22.287240717210974
90,0.0,5.0,7.0,9.960000000000008,11.0,12.0,13.0,14.0,14.0,15.0,16.0,16.0,17.0,18.0,18.0,19.0,19.0,19.0,20.0,20.0,21.0,21.0,21.0,21.75999999999999,22.0,22.0,22.730000000000018,23.0,23.0,23.0,24.0,24.0,24.0,24.0,25.0,25.0,25.0,25.0,25.0,26.0,26.0,26.0,26.0,26.0,26.549999999999955,27.0,27.0,27.0,27.0,28.0,28.0,28.0,28.0,28.0,28.0,29.0,29.0,29.0,29.0,29.0,30.0,30.0,30.0,30.0,30.0,30.0,31.0,31.0,31.0,31.0,31.0,32.0,32.0,32.0,32.0,32.0,33.0,33.0,33.0,33.0,33.0,34.0,34.0,34.0,34.0,35.0,35.0,35.0,35.0,36.0,36.0,36.0,37.0,37.0,37.0,38.0,38.0,39.0,40.0,44.0,29.0,1000.2941176593304,1000.4509803950787,1000.5686274766922,1000.6666666865349,1000.7764706015587,2000.2705882489681,2000.517647087574,2000.678431391716,3000.0980392172933,3001.0,122.09613037109375,132.0142364501953,139.95848083496094,147.25184936523436,154.06199645996094,160.7481475830078,167.90345611572263,177.72698974609375,198.26068115234375,345.860595703125,225.04614,2.0,test_data/Useful/Validation/Stone Dust at 1 ft/WhatsApp Image 2024-09-05 at 17.31.43 (1).jpeg,389.0,127.0,30.412544219269826
91,0.0,4.0,7.0,10.0,11.0,12.0,13.0,14.0,15.0,15.0,16.0,17.0,17.0,18.0,18.0,19.0,19.0,20.0,20.0,20.80000000000001,21.0,21.0,22.0,22.0,22.0,22.0,23.0,23.0,24.0,24.0,24.0,24.0,24.0,25.0,25.0,25.0,25.629999999999995,26.0,26.0,26.0,26.0,26.0,27.0,27.0,27.0,27.0,27.0,28.0,28.0,28.0,28.0,28.0,29.0,29.0,29.0,29.0,29.0,30.0,30.0,30.0,30.0,30.0,30.37000000000012,31.0,31.0,31.0,31.0,31.0,32.0,32.0,32.0,32.0,32.0,32.0,33.0,33.0,33.0,33.0,34.0,34.0,34.0,34.0,34.0,35.0,35.0,35.0,35.0,36.0,36.0,36.0,36.0,37.0,37.0,37.0,38.0,38.0,39.0,39.0,41.0,48.0,31.0,1000.3843137323856,1000.5647059082985,1000.6980392336845,2000.1411764770746,2000.352941185236,2000.4941176474094,2000.6039215922356,2000.6980392336845,2000.8588235378265,3000.9960784316063,122.29788208007812,132.25335693359375,140.06015472412108,147.22723999023438,154.00625610351562,160.5644287109375,167.73383636474608,177.6509704589844,198.34341430664062,345.87945556640625,224.54453,2.0,test_data/Useful/Validation/Stone Dust at 1 ft/WhatsApp Image 2024-09-05 at 17.31.43.jpeg,390.0,136.0,27.842111437719012
92,1.0,5.0,7.0,9.0,10.950000000000003,11.0,13.0,14.0,15.0,16.0,16.0,17.0,17.0,18.0,19.0,19.0,19.0,20.0,20.0,21.0,21.0,21.0,22.0,22.0,22.0,23.0,23.0,23.0,23.0,24.0,24.0,24.0,24.0,25.0,25.0,25.0,25.0,26.0,26.0,26.0,26.0,26.0,27.0,27.0,27.0,27.0,27.0,28.0,28.0,28.0,28.0,28.0,28.0,29.0,29.0,29.0,29.0,29.0,29.0,30.0,30.0,30.0,30.0,30.0,30.0,31.0,31.0,31.0,31.0,31.0,32.0,32.0,32.0,32.0,32.0,33.0,33.0,33.0,33.0,33.0,33.0,34.0,34.0,34.0,34.0,34.0,35.0,35.0,35.0,36.0,36.0,36.0,36.0,37.0,37.0,38.0,39.0,39.0,41.0,45.0,28.0,1000.2823529541492,1000.4313725531101,1000.54509806633,1000.6392157077789,1000.7294117808342,2000.1058823540807,2000.4901960790157,2000.6862745285034,3000.160784319043,3001.0,122.05425262451172,131.74830627441406,139.5509490966797,146.8414764404297,153.62303924560547,160.21395263671874,167.4016586303711,177.25958557128908,197.91954040527344,345.87786865234375,224.8162,2.0,test_data/Useful/Validation/Stone Dust at 1 ft/WhatsApp Image 2024-09-05 at 17.31.44 (1).jpeg,344.0,119.0,32.1855686562683
93,3.0,5.0,8.0,10.0,11.0,12.0,13.0,14.0,15.0,15.0,16.0,16.879999999999995,17.0,17.0,18.0,19.0,19.0,19.0,20.0,20.0,21.0,21.0,21.0,22.0,22.0,22.0,23.0,23.0,23.0,23.0,24.0,24.0,24.0,24.0,25.0,25.0,25.0,25.0,25.0,25.0,26.0,26.0,26.0,26.0,26.0,27.0,27.0,27.0,27.0,28.0,28.0,28.0,28.0,28.0,28.0,28.0,29.0,29.0,29.0,29.0,29.0,30.0,30.0,30.0,30.0,31.0,31.0,31.0,31.0,31.0,31.0,32.0,32.0,32.0,32.0,32.0,32.0,33.0,33.0,33.0,33.0,33.0,34.0,34.0,34.0,34.0,35.0,35.0,35.0,35.0,36.0,36.0,36.0,37.0,37.0,38.0,38.0,39.0,40.0,47.0,28.0,1000.2705882489681,1000.4078431427479,1000.517647087574,1000.6078431606293,1000.6862745285034,1000.7764706015587,2000.3098039329052,2000.639215707779,3000.1411764770746,3001.0,121.61284103393555,131.47378540039062,139.5475616455078,146.75584106445314,153.71758270263672,160.5160400390625,167.8438247680664,177.6521942138672,198.17503356933594,345.8861999511719,225.12816,2.0,test_data/Useful/Validation/Stone Dust at 1 ft/WhatsApp Image 2024-09-05 at 17.31.44.jpeg,366.0,119.0,34.86523645573482
94,0.0,3.0,6.0,8.0,10.0,11.0,12.0,13.0,14.0,15.0,16.0,16.0,17.0,17.0,18.0,18.0,19.0,19.0,20.0,20.0,20.0,21.0,21.0,21.75999999999999,22.0,22.0,22.0,23.0,23.0,23.0,24.0,24.0,24.0,24.0,25.0,25.0,25.0,25.0,25.0,26.0,26.0,26.0,26.0,27.0,27.0,27.0,27.0,27.0,28.0,28.0,28.0,28.0,28.0,29.0,29.0,29.0,29.0,29.0,30.0,30.0,30.0,30.0,30.0,30.0,31.0,31.0,31.0,31.0,31.0,31.0,32.0,32.0,32.0,32.0,32.0,33.0,33.0,33.0,33.0,33.200000000000045,34.0,34.0,34.0,34.0,35.0,35.0,35.0,35.0,36.0,36.0,36.0,37.0,37.0,37.0,38.0,39.0,39.0,40.0,41.0,45.0,31.0,1000.3058823645115,1000.4705882370472,1000.5921568870544,1000.6901960968971,1000.811764717102,2000.3294117748737,2000.556862771511,2000.705882370472,3000.1254902035,3001.0,122.66414642333984,132.4861297607422,140.23019409179688,147.45104370117187,154.21913146972656,160.9099578857422,167.9940185546875,177.65023803710938,198.16806030273438,345.9002685546875,224.64363,2.0,test_data/Useful/Validation/Stone Dust at 1 ft/WhatsApp Image 2024-09-05 at 17.31.45 (1).jpeg,371.0,125.0,34.56498674931409
95,0.0,3.0,6.0,8.0,10.0,11.0,12.0,13.0,14.0,14.0,15.0,16.0,16.0,17.0,18.0,18.0,18.0,19.0,19.0,20.0,20.0,20.0,21.0,21.0,22.0,22.0,22.0,23.0,23.0,23.0,23.0,24.0,24.0,24.0,24.0,25.0,25.0,25.0,25.0,26.0,26.0,26.0,26.0,26.0,27.0,27.0,27.0,27.0,27.0,28.0,28.0,28.0,28.0,28.0,29.0,29.0,29.0,29.0,29.0,29.0,30.0,30.0,30.0,30.0,30.0,31.0,31.0,31.0,31.0,31.0,31.0,32.0,32.0,32.0,32.0,32.0,33.0,33.0,33.0,33.0,33.0,34.0,34.0,34.0,34.0,34.0,35.0,35.0,35.0,36.0,36.0,36.0,36.0,37.0,37.0,38.0,39.0,39.0,41.0,44.0,31.0,1000.2823529541492,1000.4313725531101,1000.54509806633,1000.6352941393852,1000.7254902124405,2000.043137256056,2000.4784313738346,2000.6862745285034,3000.160784319043,3000.988235294819,122.02826690673828,132.04335021972656,140.0133056640625,147.21006774902344,153.9866943359375,160.64895629882812,167.85868072509766,177.7944793701172,198.16468811035156,345.8796691894531,224.74963,2.0,test_data/Useful/Validation/Stone Dust at 1 ft/WhatsApp Image 2024-09-05 at 17.31.45.jpeg,381.0,131.0,26.079679711003383
96,1.0,5.0,7.0,9.0,10.0,12.0,13.0,13.920000000000016,14.0,15.0,15.0,16.0,16.0,17.0,18.0,18.0,19.0,19.0,20.0,20.0,20.0,21.0,21.0,22.0,22.0,22.0,23.0,23.0,23.0,23.0,24.0,24.0,24.0,25.0,25.0,25.0,25.0,26.0,26.0,26.0,26.0,26.0,27.0,27.0,27.0,27.0,27.0,27.0,28.0,28.0,28.0,28.0,28.0,28.0,29.0,29.0,29.0,29.0,29.0,30.0,30.0,30.0,30.0,30.0,30.0,31.0,31.0,31.0,31.0,31.0,32.0,32.0,32.0,32.0,32.0,32.0,33.0,33.0,33.0,33.0,34.0,34.0,34.0,34.0,34.0,35.0,35.0,35.0,35.0,36.0,36.0,36.0,37.0,37.0,37.04999999999973,38.0,39.0,40.0,41.0,49.0,29.0,1000.3058823645115,1000.4666666686535,1000.5882353186607,1000.6901960968971,1000.8431372642517,2000.352941185236,2000.5529412031174,2000.6941176652908,3000.101960785687,3000.9960784316063,122.23812332153321,132.05616760253906,139.92315673828125,147.1098876953125,153.87581634521484,160.5531799316406,167.7346954345703,177.55331420898438,198.07289123535156,345.8807067871094,224.99762,2.0,test_data/Useful/Validation/Stone Dust at 1 ft/WhatsApp Image 2024-09-05 at 17.31.46.jpeg,375.0,148.0,27.330695093193267
97,2.0,5.980000000000004,8.0,10.0,11.0,13.0,13.0,14.0,15.0,15.900000000000006,16.0,17.0,17.0,18.0,18.0,19.0,19.0,20.0,20.0,20.0,21.0,21.0,21.0,22.0,22.0,22.0,23.0,23.0,23.0,24.0,24.0,24.0,25.0,25.0,25.0,25.0,25.0,26.0,26.0,26.0,26.0,27.0,27.0,27.0,27.0,27.0,27.0,28.0,28.0,28.0,28.0,28.0,28.0,29.0,29.0,29.0,29.0,29.0,29.409999999999854,30.0,30.0,30.0,30.0,30.0,31.0,31.0,31.0,31.0,31.0,31.0,32.0,32.0,32.0,32.0,32.0,32.0,33.0,33.0,33.0,33.0,33.0,33.0,34.0,34.0,34.0,34.0,35.0,35.0,35.0,35.0,36.0,36.0,36.0,37.0,37.0,38.0,38.0,39.0,41.0,47.0,33.0,1000.4352941215038,1000.6274510025978,1000.811764717102,2000.2470588237047,2000.4039215743542,2000.5215686559677,2000.6156862974167,2000.6980392336845,2000.8078431487083,3001.0,126.48023681640625,134.79483032226562,140.88943481445312,146.936181640625,153.32706451416016,159.72752990722657,166.70507202148434,176.898193359375,198.20120239257812,345.889404296875,225.28577,2.0,test_data/Useful/Validation/Stone Dust at 1 ft/WhatsApp Image 2024-09-05 at 17.31.47 (1).jpeg,361.0,149.0,30.01580322287114
98,0.990000000000002,4.0,7.0,9.0,10.0,11.0,12.0,13.0,14.0,15.0,16.0,16.0,17.0,17.0,18.0,18.840000000000032,19.0,19.0,20.0,20.0,20.0,21.0,21.0,21.0,22.0,22.0,22.0,22.0,23.0,23.0,23.0,24.0,24.0,24.0,24.0,25.0,25.0,25.0,25.0,25.0,26.0,26.0,26.0,26.0,26.0,27.0,27.0,27.0,27.0,28.0,28.0,28.0,28.0,28.0,28.0,29.0,29.0,29.0,29.0,29.0,29.0,30.0,30.0,30.0,30.0,30.0,30.0,31.0,31.0,31.0,31.0,31.0,32.0,32.0,32.0,32.0,32.0,33.0,33.0,33.0,33.0,33.0,34.0,34.0,34.0,34.0,35.0,35.0,35.0,35.0,36.0,36.0,36.0,37.0,37.0,38.0,38.0,39.0,41.0,45.0,30.0,1000.4627451002598,1000.6549019813538,2000.101960785687,2000.2941176593304,2000.4313725531101,2000.5372549295425,2000.6274510025978,2000.705882370472,2000.8274509906769,3001.0,121.22766494750977,131.08377075195312,138.78637084960937,146.0181396484375,152.8440399169922,159.57539978027344,166.77977447509764,176.99539184570312,198.1645965576172,345.86328125,224.76555,2.0,test_data/Useful/Validation/Stone Dust at 1 ft/WhatsApp Image 2024-09-05 at 17.31.47.jpeg,386.0,137.0,32.59927461050529
99,0.0,2.0,4.0,6.0,8.0,9.0,11.0,12.0,12.0,13.0,14.0,15.0,15.0,16.0,17.0,17.0,18.0,18.0,19.0,19.0,20.0,20.0,21.0,21.0,21.0,22.0,22.0,23.0,23.0,23.0,23.0,24.0,24.0,24.0,24.0,25.0,25.0,25.0,26.0,26.0,26.0,26.0,26.0,27.0,27.0,27.0,27.0,28.0,28.0,28.0,28.0,28.0,28.0,29.0,29.0,29.0,29.0,29.0,29.0,30.0,30.0,30.0,30.0,30.0,31.0,31.0,31.0,31.0,31.0,32.0,32.0,32.0,32.0,32.0,33.0,33.0,33.0,33.0,34.0,34.0,34.0,34.0,34.0,35.0,35.0,35.0,35.0,36.0,36.0,36.0,36.0,37.0,37.0,37.0,38.0,38.0,39.0,39.01999999999998,41.0,45.0,29.0,1000.2901960909367,1000.4235294163227,1000.5254902243614,1000.611764729023,1000.6941176652908,1000.811764717102,2000.4000000059605,2000.6431372761726,3000.1450980454683,3001.0,122.62749862670898,132.4298553466797,140.19686889648438,147.50241088867188,154.39547729492188,161.05303955078125,168.16290283203125,177.9259796142578,198.46006774902344,345.8238525390625,223.84612,2.0,test_data/Useful/Validation/Stone Dust at 1 ft/WhatsApp Image 2024-09-05 at 17.31.48 (1).jpeg,464.0,196.0,28.39339325902142
100,0.0,1.0,3.0,5.0,6.0,9.0,10.0,11.0,13.0,14.0,15.0,15.879999999999995,16.0,17.0,17.0,18.0,18.0,19.0,19.0,20.0,20.0,21.0,21.0,22.0,22.0,22.0,23.0,23.0,23.0,24.0,24.0,24.0,24.0,25.0,25.0,25.0,25.0,26.0,26.0,26.0,26.0,27.0,27.0,27.0,27.0,28.0,28.0,28.0,28.0,28.0,28.0,29.0,29.0,29.0,29.0,29.0,30.0,30.0,30.0,30.0,31.0,31.0,31.0,31.0,31.0,31.0,32.0,32.0,32.0,32.0,32.0,33.0,33.0,33.0,33.0,33.0,33.23000000000002,34.0,34.0,34.0,34.0,35.0,35.0,35.0,35.0,35.0,36.0,36.0,36.0,36.0,37.0,37.0,38.0,38.0,38.0,39.0,39.0,40.0,41.0,50.0,31.0,1000.2901960909367,1000.4274509847164,1000.5294117927551,1000.611764729023,1000.6901960968971,1000.7921568751335,2000.3411764800549,2000.6313725709915,3000.1450980454683,3001.0,122.54946746826172,132.54767456054688,140.44986877441406,147.80127258300783,154.71532440185547,161.45069274902343,168.50995178222655,178.0500946044922,198.28651428222656,345.85699462890625,223.98634,2.0,test_data/Useful/Validation/Stone Dust at 1 ft/WhatsApp Image 2024-09-05 at 17.31.48.jpeg,423.0,151.0,29.225553246883443
101,0.0,0.0,4.0,5.0,7.0,8.0,10.0,11.0,12.0,13.0,13.0,14.0,15.0,16.0,16.0,17.0,18.0,18.0,19.0,19.0,20.0,20.0,20.0,21.0,21.0,22.0,22.0,22.0,23.0,23.0,23.0,23.0,24.0,24.0,24.0,24.0,25.0,25.0,25.0,25.0,26.0,26.0,26.0,26.0,27.0,27.0,27.0,27.0,27.0,28.0,28.0,28.0,28.0,28.0,29.0,29.0,29.0,29.0,29.0,30.0,30.0,30.0,30.0,30.0,30.350000000000136,31.0,31.0,31.0,31.0,32.0,32.0,32.0,32.0,32.0,33.0,33.0,33.0,33.0,33.0,34.0,34.0,34.0,34.0,34.0,35.0,35.0,35.0,36.0,36.0,36.0,37.0,37.0,37.0,38.0,38.0,38.0,39.0,40.0,41.0,44.0,29.0,1000.2901960909367,1000.4235294163227,1000.5254902243614,1000.6078431606293,1000.6862745285034,1000.8078431487083,2000.3882353007793,2000.6274510025978,3000.113725490868,3000.9921568632126,122.68548583984375,132.61959838867188,140.45692443847656,147.8152313232422,154.68698120117188,161.2344512939453,168.3116912841797,178.0142730712891,198.36050415039062,345.8266906738281,223.76543,2.0,test_data/Useful/Validation/Stone Dust at 1 ft/WhatsApp Image 2024-09-05 at 17.31.49 (1).jpeg,476.0,190.0,30.141468474068592
102,0.0,0.0,0.0,1.0,3.0,5.0,6.0,7.0,7.909999999999997,8.0,10.0,10.0,11.0,12.0,12.0,13.0,13.0,13.0,14.0,14.0,15.0,15.0,15.0,16.0,16.0,16.0,17.0,17.0,17.0,17.0,18.0,18.0,18.0,19.0,19.0,19.0,19.0,20.0,20.0,20.0,20.0,21.0,21.0,21.0,21.0,22.0,22.0,22.0,22.0,23.0,23.0,23.0,23.0,23.460000000000036,24.0,24.0,24.0,24.0,24.0,25.0,25.0,25.0,25.0,26.0,26.0,26.0,26.0,27.0,27.0,27.0,27.0,27.0,28.0,28.0,28.0,28.0,29.0,29.0,29.0,29.0,30.0,30.0,30.0,31.0,31.0,31.0,31.0,32.0,32.0,32.0,33.0,33.0,33.0,34.0,34.0,35.0,36.0,37.0,38.0,47.0,24.0,1000.65098041296,2000.1215686276555,2000.313725501299,2000.4235294163227,2000.5058823823929,2000.5647059082985,2000.6196078658104,2000.6666666865349,2000.7294117808342,3000.921568632126,125.35414123535156,133.90408325195312,140.14617919921875,145.9385528564453,151.96231079101562,158.16709899902344,165.16058502197265,175.08409118652344,195.75881958007812,346.0142517089844,226.01306,2.0,test_data/Useful/Validation/Stone Dust at 1 ft/WhatsApp Image 2024-09-05 at 17.32.20 (1).jpeg,377.0,182.0,28.718804556052184
103,0.0,0.0,2.0,3.0,4.950000000000003,6.0,7.0,7.920000000000016,8.0,9.0,10.0,10.0,11.0,11.860000000000014,12.0,12.0,13.0,13.0,14.0,14.0,15.0,15.0,15.0,16.0,16.0,16.0,17.0,17.0,17.0,17.0,18.0,18.0,18.0,19.0,19.0,19.0,19.0,20.0,20.0,20.0,20.0,21.0,21.0,21.0,21.0,21.0,22.0,22.0,22.0,22.0,23.0,23.0,23.0,23.0,23.0,24.0,24.0,24.0,24.0,25.0,25.0,25.0,25.0,25.0,26.0,26.0,26.0,26.0,26.0,27.0,27.0,27.0,27.0,28.0,28.0,28.0,29.0,29.0,29.0,29.0,30.0,30.0,30.0,30.0,31.0,31.0,31.0,31.0,32.0,32.0,32.0,33.0,33.0,34.0,34.0,35.0,35.029999999999745,36.0,37.00999999999976,44.0,22.0,1000.7215686440468,2000.1921568661928,2000.3450980484486,2000.4431372582912,2000.517647087574,2000.5764706134796,2000.623529434204,2000.678431391716,2000.745098054409,3000.972549021244,125.3123779296875,133.7930908203125,139.84019470214844,145.37365112304687,151.1803436279297,157.44093627929686,164.5889709472656,174.4829559326172,195.748291015625,345.9927673339844,226.28944,2.0,test_data/Useful/Validation/Stone Dust at 1 ft/WhatsApp Image 2024-09-05 at 17.32.20.jpeg,392.0,184.0,29.636301102627808
104,0.0,0.0,0.0,0.0,0.0,0.0,1.0,1.0,2.0,3.0,4.0,5.0,6.0,6.0,7.0,8.0,9.0,9.0,10.0,10.0,11.0,11.0,12.0,12.0,13.0,13.0,13.0,14.0,14.0,14.0,15.0,15.0,16.0,16.0,16.0,17.0,17.0,17.0,17.0,18.0,18.0,18.0,19.0,19.0,19.0,19.0,20.0,20.0,20.0,20.0,20.0,21.0,21.0,21.0,21.0,22.0,22.0,22.0,23.0,23.0,23.0,23.0,23.37000000000012,24.0,24.0,24.0,25.0,25.0,25.0,25.0,26.0,26.0,26.0,26.0,27.0,27.0,27.0,27.0,28.0,28.0,28.0,29.0,29.0,29.0,30.0,30.0,30.0,31.0,31.0,31.0,32.0,32.0,32.0,33.0,33.0,34.0,35.0,36.0,38.0,44.0,0.0,1000.5490196347237,1000.6745098233223,1000.7294117808342,1000.7647058963776,1000.8078431487083,2000.4823529422283,3000.054901961237,3000.364705890417,3000.560784339905,3001.0,123.79773178100587,132.72918701171875,139.3808135986328,145.51173400878906,151.54888916015625,157.72318115234376,164.68378143310545,174.85565185546878,195.1253662109375,346.19195556640625,223.87555,2.0,test_data/Useful/Validation/Stone Dust at 1 ft/WhatsApp Image 2024-09-05 at 17.32.21 (1).jpeg,407.0,193.0,29.494276361807728
0,0.0,5.0,8.0,10.0,12.0,12.0,13.0,14.0,15.0,16.0,17.0,18.0,18.0,19.0,19.0,19.0,20.0,20.0,21.0,21.0,21.0,22.0,22.0,22.0,23.0,23.0,23.0,24.0,24.0,24.0,24.0,25.0,25.0,25.0,25.0,26.0,26.0,26.0,26.0,27.0,27.0,27.0,27.0,27.0,28.0,28.0,28.0,28.0,28.0,29.0,29.0,29.0,29.0,29.0,29.0,30.0,30.0,30.0,30.0,30.0,30.0,30.0,31.0,31.0,31.0,31.0,31.0,31.0,32.0,32.0,32.0,32.0,32.0,32.0,33.0,33.0,33.0,33.0,33.0,34.0,34.0,34.0,34.0,34.0,35.0,35.0,35.0,36.0,36.0,36.0,36.0,37.0,37.0,38.0,38.0,39.0,39.0,40.0,41.0,47.0,31.0,1000.4117647111416,1000.6666666865349,1000.8862745165825,2000.2941176593304,2000.4431372582912,2000.5529412031174,2000.6470588445663,2000.7215686440468,2000.8039215803146,3001.0,147.28052520751953,155.1482147216797,160.30648803710938,164.44683837890625,168.1575164794922,171.9341278076172,176.14581298828125,182.26402282714844,198.025390625,346.05853271484375,223.54904,0.0,test_data/Useful/Validation/Three eight at 1ft/IMG-20240918-WA0055.jpg,329.0,103.0,25.318943673949043
1,1.0,6.0,9.0,11.0,12.0,13.0,14.0,14.0,15.0,16.0,17.0,17.879999999999995,18.0,19.0,19.0,20.0,20.0,20.0,21.0,21.0,21.0,22.0,22.0,22.0,23.0,23.0,23.0,24.0,24.0,24.0,24.0,24.0,25.0,25.0,25.0,25.0,26.0,26.0,26.0,26.0,26.0,27.0,27.0,27.0,27.0,27.0,28.0,28.0,28.0,28.0,28.0,29.0,29.0,29.0,29.0,29.0,29.0,30.0,30.0,30.0,30.0,30.0,30.0,31.0,31.0,31.0,31.0,32.0,32.0,32.0,32.0,32.0,32.0,33.0,33.0,33.0,33.0,33.0,33.0,34.0,34.0,34.0,34.0,35.0,35.0,35.0,35.0,36.0,36.0,36.0,36.0,37.0,37.0,37.0,38.0,38.0,39.0,40.0,41.0,47.0,29.0,1000.4117647111416,1000.6745098233223,1000.933333337307,2000.3058823645115,2000.447058826685,2000.556862771511,2000.6470588445663,2000.7215686440468,2000.800000011921,3001.0,147.36983642578124,155.18618774414062,160.32662963867188,164.51861572265625,168.2723388671875,172.07908630371094,176.32424926757812,182.45816040039062,198.01220703125,346.0427551269531,223.72078,0.0,test_data/Useful/Validation/Three eight at 1ft/IMG-20240918-WA0056.jpg,376.0,140.0,29.90706718957888
2,3.990000000000002,6.0,9.0,10.960000000000008,12.0,12.939999999999998,14.0,15.0,15.0,16.0,17.0,17.0,18.0,18.0,19.0,19.0,19.0,20.0,20.0,21.0,21.0,22.0,22.0,23.0,23.0,23.0,23.730000000000018,24.0,24.0,24.0,25.0,25.0,25.0,25.0,26.0,26.0,26.0,26.0,26.0,27.0,27.0,27.0,27.0,27.0,28.0,28.0,28.0,28.0,28.0,28.0,29.0,29.0,29.0,29.0,29.0,29.0,30.0,30.0,30.0,30.0,30.0,30.0,31.0,31.0,31.0,31.0,31.0,31.320000000000164,32.0,32.0,32.0,32.0,32.0,33.0,33.0,33.0,33.0,33.0,33.0,34.0,34.0,34.0,34.0,34.0,35.0,35.0,35.0,35.0,36.0,36.0,36.0,37.0,37.0,37.0,38.0,38.0,39.0,40.0,41.0,46.0,30.0,1000.4431372582912,1000.7333333492279,2000.1647058874369,2000.3568627536297,2000.474509805441,2000.5764706134796,2000.6588235497475,2000.7294117808342,2000.8078431487083,3001.0,146.80599975585938,154.75762634277345,159.96485290527343,164.1089630126953,167.85035705566406,171.71041870117188,176.03945922851562,182.2580108642578,198.04354858398438,346.0282897949219,223.91452,0.0,test_data/Useful/Validation/Three eight at 1ft/IMG-20240918-WA0057.jpg,340.0,120.0,28.137214728358597
3,1.0,4.0,7.0,9.0,11.0,12.0,13.0,14.0,15.0,16.0,17.0,17.0,18.0,18.0,19.0,19.0,20.0,20.0,21.0,21.0,21.0,22.0,22.0,22.0,23.0,23.0,23.0,23.0,24.0,24.0,24.0,24.0,25.0,25.0,25.0,25.0,25.0,26.0,26.0,26.0,26.0,26.0,27.0,27.0,27.0,27.0,28.0,28.0,28.0,28.0,28.0,28.0,29.0,29.0,29.0,29.0,29.0,30.0,30.0,30.0,30.0,30.0,30.0,30.0,31.0,31.0,31.0,31.0,31.0,31.0,32.0,32.0,32.0,32.0,32.0,33.0,33.0,33.0,33.0,33.0,34.0,34.0,34.0,34.0,35.0,35.0,35.0,35.0,36.0,36.0,36.0,36.0,37.0,37.0,38.0,38.0,39.0,39.0,41.0,45.0,30.0,1000.5372549295425,1000.8627451062202,2000.258823543787,2000.4039215743542,2000.5098039507866,2000.6000000238419,2000.6745098233223,2000.7411764860153,2000.8156862854958,3001.0,147.34228515625,155.2473602294922,160.35202026367188,164.421044921875,168.21622467041016,171.95433959960937,176.19171905517578,182.34910278320314,198.034423828125,346.05816650390625,223.58865,0.0,test_data/Useful/Validation/Three eight at 1ft/IMG-20240918-WA0058.jpg,345.0,113.0,25.606258544395175
4,2.0,5.0,7.0,9.960000000000008,12.0,12.0,13.930000000000007,15.0,15.0,16.0,16.0,17.0,18.0,18.0,19.0,19.0,20.0,20.0,21.0,21.0,22.0,22.0,22.0,22.0,23.0,23.0,23.0,23.0,24.0,24.0,24.0,24.0,25.0,25.0,25.0,25.0,26.0,26.0,26.0,26.0,26.0,27.0,27.0,27.0,27.0,27.0,28.0,28.0,28.0,28.0,28.0,28.0,29.0,29.0,29.0,29.0,29.0,30.0,30.0,30.0,30.0,30.0,30.0,31.0,31.0,31.0,31.0,31.0,31.0,32.0,32.0,32.0,32.0,32.0,33.0,33.0,33.0,33.0,33.0,34.0,34.0,34.0,34.0,34.0,35.0,35.0,35.0,35.0,36.0,36.0,36.0,37.0,37.0,37.0,38.0,38.0,39.0,40.0,41.0,46.0,30.0,1000.4431372582912,1000.7294117808342,2000.1568627506495,2000.352941185236,2000.474509805441,2000.572549045086,2000.6549019813538,2000.7294117808342,2000.8039215803146,3001.0,147.13434600830078,154.96918640136718,160.15505981445312,164.2836151123047,168.08200073242188,171.8946807861328,176.20142364501953,182.35216369628907,197.98219299316406,346.0290832519531,223.55954,0.0,test_data/Useful/Validation/Three eight at 1ft/IMG-20240918-WA0059.jpg,362.0,133.0,34.235838365360614
5,1.0,5.0,8.0,9.0,11.0,12.0,13.0,14.0,14.909999999999997,15.0,16.0,17.0,18.0,18.0,19.0,19.0,19.0,20.0,20.0,21.0,21.0,21.0,22.0,22.0,22.0,23.0,23.0,23.0,23.709999999999923,24.0,24.0,24.0,25.0,25.0,25.0,25.0,25.0,26.0,26.0,26.0,26.0,26.0,27.0,27.0,27.0,27.0,27.0,28.0,28.0,28.0,28.0,28.0,29.0,29.0,29.0,29.0,29.0,30.0,30.0,30.0,30.0,30.0,30.0,31.0,31.0,31.0,31.0,31.0,31.0,32.0,32.0,32.0,32.0,32.0,32.25,33.0,33.0,33.0,33.0,33.0,34.0,34.0,34.0,34.0,35.0,35.0,35.0,35.0,36.0,36.0,36.0,37.0,37.0,38.0,38.0,38.0,39.0,40.0,41.0,48.0,30.0,1000.4745098054409,1000.7647058963776,2000.1960784345865,2000.3764705955982,2000.4941176474094,2000.5882353186607,2000.6666666865349,2000.7372549176216,2000.8156862854958,3001.0,147.06085968017578,155.07156372070312,160.15347290039062,164.3064727783203,168.07290649414062,171.8128204345703,176.14256591796874,182.25328063964844,198.02035522460938,346.0569763183594,223.56464,0.0,test_data/Useful/Validation/Three eight at 1ft/IMG-20240918-WA0060.jpg,351.0,127.0,28.569803569566147
6,3.0,6.0,8.0,10.0,11.0,12.0,14.0,15.0,16.0,16.0,17.0,18.0,18.0,19.0,19.0,20.0,20.0,20.0,21.0,21.0,21.789999999999964,22.0,22.0,23.0,23.0,23.0,23.0,24.0,24.0,24.0,24.0,25.0,25.0,25.0,25.0,26.0,26.0,26.0,26.0,27.0,27.0,27.0,27.0,27.0,27.0,27.0,28.0,28.0,28.0,28.0,29.0,29.0,29.0,29.0,29.0,29.0,30.0,30.0,30.0,30.0,30.0,30.0,31.0,31.0,31.0,31.0,31.0,31.0,31.0,32.0,32.0,32.0,32.0,32.0,32.0,33.0,33.0,33.0,33.0,33.0,34.0,34.0,34.0,34.0,35.0,35.0,35.0,35.0,36.0,36.0,36.0,36.0,37.0,37.0,38.0,38.0,39.0,40.0,41.0,44.0,31.0,1000.5764706134796,1000.9411764740944,2000.2901960909367,2000.4235294163227,2000.5254902243614,2000.611764729023,2000.6823529601097,2000.7490196228027,2000.8235294222832,3001.0,147.1967575073242,155.11541137695312,160.2836471557617,164.41958618164062,168.20480346679688,171.9751770019531,176.2211669921875,182.3838653564453,198.08963012695312,346.0849304199219,223.59926,0.0,test_data/Useful/Validation/Three eight at 1ft/IMG-20240918-WA0061.jpg,331.0,124.0,27.658592358310052
7,1.990000000000002,5.0,8.0,10.0,12.0,13.0,14.0,15.0,15.0,16.0,16.0,17.0,18.0,18.0,19.0,19.0,20.0,20.0,20.0,21.0,21.0,21.0,22.0,22.0,22.0,23.0,23.0,23.0,24.0,24.0,24.0,24.0,25.0,25.0,25.0,25.0,26.0,26.0,26.0,26.0,26.0,27.0,27.0,27.0,27.0,28.0,28.0,28.0,28.0,28.0,29.0,29.0,29.0,29.0,29.0,29.0,30.0,30.0,30.0,30.0,30.0,30.0,30.0,31.0,31.0,31.0,31.0,31.0,32.0,32.0,32.0,32.0,32.0,33.0,33.0,33.0,33.0,33.0,34.0,34.0,34.0,34.0,34.0,35.0,35.0,35.0,35.0,36.0,36.0,36.0,36.0,37.0,37.0,37.0,38.0,38.0,39.0,40.0,41.0,45.0,30.0,1000.5725490450859,1000.9019607901573,2000.2784313857555,2000.419607847929,2000.5215686559677,2000.6078431606293,2000.6823529601097,2000.7490196228027,2000.8235294222832,3001.0,147.14373931884765,154.98605346679688,160.15657653808594,164.33258972167968,168.1402587890625,171.94466552734374,176.29210052490234,182.3366271972656,197.94776916503906,346.08135986328125,223.55185,0.0,test_data/Useful/Validation/Three eight at 1ft/IMG-20240918-WA0062.jpg,368.0,138.0,33.21080320543906
8,1.0,4.0,6.0,8.0,10.0,11.0,13.0,14.0,15.0,16.0,16.0,17.0,17.0,17.860000000000014,18.0,19.0,19.0,19.0,19.0,20.0,20.0,21.0,21.0,21.0,22.0,22.0,22.0,23.0,23.0,23.0,24.0,24.0,24.0,24.0,25.0,25.0,25.0,26.0,26.0,26.0,26.0,26.0,27.0,27.0,27.0,27.0,27.0,28.0,28.0,28.0,28.0,28.480000000000018,29.0,29.0,29.0,29.0,29.0,30.0,30.0,30.0,30.0,30.0,30.0,31.0,31.0,31.0,31.0,31.0,31.0,32.0,32.0,32.0,32.0,32.0,32.0,33.0,33.0,33.0,33.0,33.0,34.0,34.0,34.0,34.0,34.0,35.0,35.0,35.0,35.0,36.0,36.0,36.0,37.0,37.0,37.0,38.0,38.0,39.0,41.0,46.0,31.0,1000.4235294163227,1000.6823529601097,1000.933333337307,2000.3058823645115,2000.447058826685,2000.556862771511,2000.6470588445663,2000.7215686440468,2000.8039215803146,3001.0,147.35651245117188,155.13912963867188,160.26373443603515,164.39386901855468,168.1554412841797,171.97515869140625,176.28457489013672,182.3379669189453,197.9698028564453,346.05157470703125,223.46999,0.0,test_data/Useful/Validation/Three eight at 1ft/IMG-20240918-WA0063.jpg,435.0,178.0,26.15312221233145
9,1.0,4.980000000000004,7.0,10.0,11.950000000000003,12.0,14.0,14.0,15.0,16.0,17.0,17.0,18.0,19.0,19.0,19.840000000000032,20.0,20.0,21.0,21.0,21.0,22.0,22.0,22.0,23.0,23.0,23.0,23.0,24.0,24.0,24.0,24.0,25.0,25.0,25.0,25.0,26.0,26.0,26.0,26.0,26.0,27.0,27.0,27.0,27.0,28.0,28.0,28.0,28.0,28.0,29.0,29.0,29.0,29.0,29.0,29.0,30.0,30.0,30.0,30.0,30.0,30.0,31.0,31.0,31.0,31.0,31.0,31.0,32.0,32.0,32.0,32.0,32.0,33.0,33.0,33.0,33.0,33.0,33.0,34.0,34.0,34.0,34.0,35.0,35.0,35.0,35.0,36.0,36.0,36.0,37.0,37.0,37.0,38.0,38.0,38.0,39.0,40.0,41.0,47.0,31.0,1000.3764705955982,1000.611764729023,1000.7882353067398,2000.1960784345865,2000.392156869173,2000.517647087574,2000.623529434204,2000.705882370472,2000.7921568751335,3001.0,147.29623413085938,155.07711181640624,160.19674682617188,164.36483764648438,168.13095092773438,171.9522247314453,176.32168579101562,182.43370056152344,198.10438537597656,346.0303039550781,223.46588,0.0,test_data/Useful/Validation/Three eight at 1ft/IMG-20240918-WA0064.jpg,348.0,132.0,26.017563296915416
10,3.0,6.0,7.0,10.0,11.0,12.0,13.0,14.0,15.0,16.0,16.0,17.0,17.0,18.0,18.0,19.0,19.0,19.0,20.0,20.0,21.0,21.0,21.0,22.0,22.0,22.0,23.0,23.0,23.0,23.0,24.0,24.0,24.0,24.0,25.0,25.0,25.0,25.0,26.0,26.0,26.0,26.0,26.0,26.0,27.0,27.0,27.0,27.0,27.0,28.0,28.0,28.0,28.0,28.0,29.0,29.0,29.0,29.0,29.0,29.0,30.0,30.0,30.0,30.0,30.0,30.0,31.0,31.0,31.0,31.0,31.0,32.0,32.0,32.0,32.0,32.0,33.0,33.0,33.0,33.0,33.0,34.0,34.0,34.0,34.0,35.0,35.0,35.0,35.0,36.0,36.0,36.0,37.0,37.0,37.0,38.0,38.0,39.0,40.0,45.0,29.0,1000.5921568870544,1001.0,2000.2941176593304,2000.4274509847164,2000.5333333611488,2000.6196078658104,2000.6901960968971,2000.7568627595901,2000.8313725590706,3001.0,146.6596221923828,154.50708923339843,159.67845306396484,163.81929931640624,167.55538940429688,171.33645629882812,175.6091537475586,181.7384033203125,197.72470092773438,346.0941162109375,224.021,0.0,test_data/Useful/Validation/Three eight at 1ft/IMG-20240918-WA0065.jpg,369.0,140.0,30.379012918762356
11,0.0,4.0,7.0,9.960000000000008,11.0,12.0,13.0,14.0,15.0,15.0,16.0,17.0,17.870000000000005,18.0,19.0,19.0,19.0,20.0,20.0,21.0,21.0,22.0,22.0,22.0,22.75,23.0,23.0,23.0,24.0,24.0,24.0,24.680000000000064,25.0,25.0,25.0,25.0,26.0,26.0,26.0,26.0,26.0,27.0,27.0,27.0,27.0,28.0,28.0,28.0,28.0,28.0,28.0,28.480000000000018,29.0,29.0,29.0,29.0,29.0,30.0,30.0,30.0,30.0,30.0,30.0,31.0,31.0,31.0,31.0,31.0,31.0,32.0,32.0,32.0,32.0,32.0,33.0,33.0,33.0,33.0,33.0,33.0,34.0,34.0,34.0,34.0,35.0,35.0,35.0,35.0,36.0,36.0,36.0,37.0,37.0,37.0,38.0,38.0,39.0,40.0,41.0,46.0,31.0,1000.5098039507866,1000.8235294222832,2000.2470588237047,2000.4000000059605,2000.5098039507866,2000.6000000238419,2000.6745098233223,2000.7411764860153,2000.8156862854958,3001.0,147.20355987548828,155.04253845214845,160.19051666259764,164.33291931152343,168.09069061279297,171.8483123779297,176.1404266357422,182.2991180419922,198.01419067382812,346.0647277832031,223.67082,0.0,test_data/Useful/Validation/Three eight at 1ft/IMG-20240918-WA0066.jpg,372.0,143.0,32.58658114636261
12,2.990000000000002,6.0,8.0,10.0,11.0,13.0,14.0,15.0,15.0,16.0,17.0,17.0,18.0,18.0,18.849999999999966,19.0,19.0,20.0,20.0,21.0,21.0,22.0,22.0,22.0,22.0,23.0,23.0,23.0,24.0,24.0,24.0,25.0,25.0,25.0,25.0,25.0,26.0,26.0,26.0,26.0,26.589999999999918,27.0,27.0,27.0,27.0,27.0,28.0,28.0,28.0,28.0,28.0,29.0,29.0,29.0,29.0,29.0,30.0,30.0,30.0,30.0,30.0,30.0,31.0,31.0,31.0,31.0,31.0,31.0,32.0,32.0,32.0,32.0,32.0,33.0,33.0,33.0,33.0,33.0,34.0,34.0,34.0,34.0,34.0,35.0,35.0,35.0,35.0,36.0,36.0,36.0,36.0,37.0,37.0,37.0,38.0,38.0,39.0,40.0,41.0,48.0,31.0,1000.5686274766922,1000.9607843160629,2000.2823529541492,2000.4156862795353,2000.5215686559677,2000.6078431606293,2000.678431391716,2000.745098054409,2000.8196078538895,3001.0,147.04454193115234,154.9353240966797,160.1240478515625,164.27447509765625,168.03054809570312,171.89846801757812,176.12643432617188,182.2969207763672,197.95640563964844,346.05615234375,223.81583,0.0,test_data/Useful/Validation/Three eight at 1ft/IMG-20240918-WA0067.jpg,352.0,123.0,32.09021089172924
13,1.0,5.0,7.0,9.0,11.0,12.0,13.0,14.0,15.0,16.0,16.0,17.0,18.0,18.0,19.0,19.0,19.0,20.0,20.0,21.0,21.0,22.0,22.0,22.0,22.75,23.0,23.0,24.0,24.0,24.0,24.0,25.0,25.0,25.0,25.0,25.0,26.0,26.0,26.0,26.0,26.0,27.0,27.0,27.0,27.0,28.0,28.0,28.0,28.0,28.0,28.0,29.0,29.0,29.0,29.0,29.0,29.0,30.0,30.0,30.0,30.0,30.0,30.0,31.0,31.0,31.0,31.0,31.0,31.0,32.0,32.0,32.0,32.0,32.0,32.0,33.0,33.0,33.0,33.0,33.0,34.0,34.0,34.0,34.0,34.0,35.0,35.0,35.0,35.0,36.0,36.0,36.0,37.0,37.0,38.0,38.0,39.0,39.0,41.0,45.0,32.0,1000.5137255191803,1000.8313725590706,2000.2470588237047,2000.4000000059605,2000.5058823823929,2000.6000000238419,2000.6745098233223,2000.7411764860153,2000.8156862854958,3001.0,147.21607055664063,154.99535522460937,160.0920379638672,164.26226196289062,168.02808380126953,171.82069396972656,176.0983444213867,182.23941040039062,198.0327606201172,346.0565185546875,223.8009,0.0,test_data/Useful/Validation/Three eight at 1ft/IMG-20240918-WA0068.jpg,375.0,139.0,28.996304445313893
14,1.0,3.0,6.0,8.0,10.0,11.0,12.0,13.0,14.0,15.0,15.0,16.0,17.0,17.0,18.0,18.0,19.0,19.0,20.0,20.0,20.0,21.0,21.0,21.0,22.0,22.0,22.0,23.0,23.0,23.0,24.0,24.0,24.0,25.0,25.0,25.0,25.0,25.0,26.0,26.0,26.0,26.0,27.0,27.0,27.0,27.0,27.0,28.0,28.0,28.0,28.0,29.0,29.0,29.0,29.0,29.0,29.0,30.0,30.0,30.0,30.0,30.0,31.0,31.0,31.0,31.0,31.0,32.0,32.0,32.0,32.0,32.0,33.0,33.0,33.0,33.0,33.0,33.0,34.0,34.0,34.0,34.0,34.0,35.0,35.0,35.0,35.0,36.0,36.0,36.0,36.0,37.0,37.0,37.0,38.0,38.0,39.0,40.0,41.0,45.0,33.0,1000.5568627715111,1000.8823529481888,2000.2745098173618,2000.4156862795353,2000.5215686559677,2000.6078431606293,2000.678431391716,2000.745098054409,2000.8235294222832,3001.0,147.3490447998047,155.20596313476562,160.34364318847656,164.55574951171874,168.31222534179688,172.06414794921875,176.322509765625,182.4283447265625,197.91542053222656,346.0807800292969,223.44261,0.0,test_data/Useful/Validation/Three eight at 1ft/IMG-20240918-WA0069.jpg,384.0,123.0,27.0074218071434
15,1.990000000000002,5.0,8.0,10.0,12.0,12.0,14.0,15.0,15.0,16.0,17.0,17.0,18.0,18.0,19.0,19.0,20.0,20.0,21.0,21.0,22.0,22.0,22.0,22.75999999999999,23.0,23.0,23.0,24.0,24.0,24.0,24.0,25.0,25.0,25.0,25.0,25.0,26.0,26.0,26.0,26.0,26.0,27.0,27.0,27.0,27.0,27.0,28.0,28.0,28.0,28.0,28.0,29.0,29.0,29.0,29.0,29.0,29.429999999999836,30.0,30.0,30.0,30.0,30.0,30.0,31.0,31.0,31.0,31.0,31.0,31.0,32.0,32.0,32.0,32.0,32.0,33.0,33.0,33.0,33.0,33.0,34.0,34.0,34.0,34.0,35.0,35.0,35.0,35.0,35.0,36.0,36.0,36.0,37.0,37.0,37.0,38.0,38.0,39.0,40.0,41.0,47.0,30.0,1000.5333333611488,1000.839215695858,2000.2549019753933,2000.4039215743542,2000.5098039507866,2000.6000000238419,2000.6745098233223,2000.7411764860153,2000.8196078538895,3001.0,147.3680419921875,155.20791931152343,160.41065673828126,164.5666046142578,168.31342315673828,172.1286865234375,176.42508087158203,182.55148315429688,198.00743103027344,346.07244873046875,223.39404,0.0,test_data/Useful/Validation/Three eight at 1ft/IMG-20240918-WA0070.jpg,358.0,123.0,34.79672488168404
16,1.0,4.0,7.0,9.0,10.0,12.0,13.0,14.0,15.0,16.0,16.0,17.0,18.0,18.0,19.0,19.0,19.0,20.0,20.0,21.0,21.0,21.0,22.0,22.0,22.0,23.0,23.0,23.0,24.0,24.0,24.0,24.0,25.0,25.0,25.0,25.0,26.0,26.0,26.0,26.0,26.0,27.0,27.0,27.0,27.0,27.0,28.0,28.0,28.0,28.0,28.49000000000001,29.0,29.0,29.0,29.0,29.0,30.0,30.0,30.0,30.0,30.0,30.0,30.0,31.0,31.0,31.0,31.0,31.0,32.0,32.0,32.0,32.0,32.0,32.0,33.0,33.0,33.0,33.0,33.0,34.0,34.0,34.0,34.0,35.0,35.0,35.0,35.0,35.0,36.0,36.0,36.0,36.0,37.0,37.0,38.0,38.0,38.0,39.0,41.0,45.0,32.0,1000.4745098054409,1000.7647058963776,2000.1960784345865,2000.3686274588108,2000.4823529422283,2000.5803921818733,2000.6588235497475,2000.7294117808342,2000.8078431487083,3001.0,147.1357879638672,154.97799987792968,160.1266326904297,164.28286743164062,168.06072998046875,171.89994201660156,176.2805938720703,182.401611328125,198.12646484375,346.04119873046875,223.71439,0.0,test_data/Useful/Validation/Three eight at 1ft/IMG-20240918-WA0071.jpg,374.0,124.0,39.94222603653624
17,1.0,6.0,8.0,9.960000000000008,11.0,12.0,13.0,14.0,15.0,16.0,16.0,17.0,18.0,18.0,19.0,19.0,20.0,20.0,21.0,21.0,21.0,22.0,22.0,22.0,22.0,23.0,23.0,23.0,24.0,24.0,24.0,25.0,25.0,25.0,25.0,26.0,26.0,26.0,26.0,26.0,27.0,27.0,27.0,27.0,27.0,28.0,28.0,28.0,28.0,29.0,29.0,29.0,29.0,29.0,29.0,29.440000000000055,30.0,30.0,30.0,30.0,30.0,31.0,31.0,31.0,31.0,31.0,31.0,32.0,32.0,32.0,32.0,32.0,32.0,32.0,33.0,33.0,33.0,33.0,33.0,34.0,34.0,34.0,34.0,34.159999999999854,35.0,35.0,35.0,35.0,36.0,36.0,36.0,37.0,37.0,37.0,38.0,38.0,39.0,39.01999999999998,41.0,47.0,31.0,1000.5764706134796,1000.9882352948189,2000.2901960909367,2000.4235294163227,2000.5254902243614,2000.611764729023,2000.6823529601097,2000.7490196228027,2000.8235294222832,3001.0,147.18958740234376,155.0695587158203,160.27146911621094,164.45513916015625,168.21743774414062,172.01475524902344,176.26364135742188,182.29055786132812,198.07608032226562,346.06512451171875,223.45421,0.0,test_data/Useful/Validation/Three eight at 1ft/IMG-20240918-WA0072.jpg,359.0,145.0,32.963311383106124
18,1.0,4.0,7.0,10.0,11.0,12.0,13.0,14.0,15.0,16.0,17.0,17.0,18.0,18.0,19.0,19.0,19.0,20.0,20.0,21.0,21.0,21.0,22.0,22.0,22.0,23.0,23.0,23.0,23.0,24.0,24.0,24.0,24.670000000000073,25.0,25.0,25.0,25.0,26.0,26.0,26.0,26.0,26.0,27.0,27.0,27.0,27.0,28.0,28.0,28.0,28.0,28.0,29.0,29.0,29.0,29.0,29.0,29.0,30.0,30.0,30.0,30.0,30.0,30.0,31.0,31.0,31.0,31.0,31.0,31.0,32.0,32.0,32.0,32.0,32.0,33.0,33.0,33.0,33.0,33.0,34.0,34.0,34.0,34.0,34.0,34.15000000000009,35.0,35.0,35.0,36.0,36.0,36.0,37.0,37.0,37.0,38.0,38.0,39.0,40.0,41.00999999999976,46.0,31.0,1000.6156862974167,2000.058823529631,2000.3019607961178,2000.4313725531101,2000.5294117927551,2000.6156862974167,2000.6823529601097,2000.7490196228027,2000.8235294222832,3001.0,146.87490844726562,154.71661376953125,159.8734588623047,164.01141662597655,167.82296752929688,171.59103393554688,175.91307067871094,182.03172302246094,197.9356231689453,346.087158203125,223.83582,0.0,test_data/Useful/Validation/Three eight at 1ft/IMG-20240918-WA0073.jpg,349.0,128.0,30.371598772481658
19,1.0,4.0,7.0,8.0,9.950000000000003,11.0,12.0,13.0,14.0,15.0,16.0,16.0,17.0,18.0,18.0,19.0,19.0,20.0,20.0,20.0,21.0,21.0,21.0,22.0,22.0,22.0,23.0,23.0,23.0,23.0,24.0,24.0,24.0,25.0,25.0,25.0,25.0,26.0,26.0,26.0,26.0,27.0,27.0,27.0,27.0,27.0,27.0,28.0,28.0,28.0,28.0,28.0,29.0,29.0,29.0,29.0,29.0,29.0,30.0,30.0,30.0,30.0,30.0,31.0,31.0,31.0,31.0,31.0,31.0,32.0,32.0,32.0,32.0,32.0,32.0,33.0,33.0,33.0,33.0,33.0,34.0,34.0,34.0,34.0,35.0,35.0,35.0,35.0,36.0,36.0,36.0,36.0,37.0,37.0,38.0,38.0,39.0,40.0,41.0,45.0,27.0,1000.419607847929,1000.678431391716,1000.9450980424881,2000.298039227724,2000.4392156898975,2000.5490196347237,2000.639215707779,2000.717647075653,2000.7960784435272,3001.0,147.22891235351562,155.0522430419922,160.1765167236328,164.35523986816406,168.12850952148438,171.93238830566406,176.25352478027344,182.37643432617188,197.9647216796875,346.0214538574219,223.66869,0.0,test_data/Useful/Validation/Three eight at 1ft/IMG-20240918-WA0074.jpg,405.0,127.0,32.228356178867685
20,2.0,5.0,8.0,10.0,12.0,13.0,14.0,15.0,16.0,17.0,17.0,18.0,18.0,19.0,20.0,20.0,21.0,21.0,21.0,22.0,22.0,22.0,23.0,23.0,23.0,24.0,24.0,24.0,24.0,25.0,25.0,25.0,25.0,26.0,26.0,26.0,26.0,27.0,27.0,27.0,27.0,27.0,28.0,28.0,28.0,28.0,28.0,29.0,29.0,29.0,29.0,29.0,30.0,30.0,30.0,30.0,30.0,30.0,30.0,31.0,31.0,31.0,31.0,31.0,31.0,32.0,32.0,32.0,32.0,32.0,32.0,33.0,33.0,33.0,33.0,33.0,34.0,34.0,34.0,34.0,34.0,34.0,35.0,35.0,35.0,35.0,36.0,36.0,36.0,37.0,37.0,37.0,38.0,38.0,39.0,39.0,40.0,40.0,41.00999999999976,46.0,30.0,1000.2941176593304,1000.4745098054409,1000.5960784554482,1000.6941176652908,2000.0117647061124,2000.32549020648,2000.4941176474094,2000.6039215922356,2000.6901960968971,3000.945098042488,148.67880249023438,156.54664611816406,161.64163208007812,165.819091796875,169.50643920898438,173.23990478515626,177.43971252441406,183.3201171875,197.98330688476562,345.7532043457031,222.0593,0.0,test_data/Useful/Validation/Three eight at 1ft/WhatsApp Image 2024-08-23 at 10.35.39.jpeg,335.0,128.0,28.818132447836234
21,3.0,6.0,8.0,10.0,11.0,12.0,13.0,14.0,15.0,16.0,17.0,17.0,18.0,19.0,19.0,20.0,20.0,21.0,21.0,21.0,22.0,22.0,22.0,23.0,23.0,23.0,24.0,24.0,24.0,24.0,25.0,25.0,25.0,26.0,26.0,26.0,26.0,26.0,27.0,27.0,27.0,27.0,27.0,28.0,28.0,28.0,28.0,28.519999999999982,29.0,29.0,29.0,29.0,30.0,30.0,30.0,30.0,30.0,30.0,31.0,31.0,31.0,31.0,31.0,31.0,32.0,32.0,32.0,32.0,32.0,32.0,32.0,33.0,33.0,33.0,33.0,33.0,33.0,34.0,34.0,34.0,34.0,35.0,35.0,35.0,35.0,35.0,36.0,36.0,36.0,36.0,37.0,37.0,37.0,38.0,38.0,39.0,39.0,40.0,41.00999999999976,45.0,31.0,1000.2705882489681,1000.4352941215038,1000.5529412031174,1000.6392157077789,1000.7254902124405,2000.0823529437184,2000.3882353007793,2000.556862771511,2000.6705882549286,3000.9686274528503,148.39688720703126,156.3471435546875,161.49668731689454,165.59219055175782,169.36636352539062,173.0692352294922,177.2404312133789,183.2160186767578,197.9618682861328,345.75372314453125,222.27411,0.0,test_data/Useful/Validation/Three eight at 1ft/WhatsApp Image 2024-08-23 at 10.36.26.jpeg,334.0,130.0,30.444347453307287
22,1.0,5.0,8.0,10.0,12.0,13.0,14.0,15.0,16.0,17.0,17.0,18.0,19.0,19.0,20.0,20.840000000000032,21.0,21.0,22.0,22.0,22.0,23.0,23.0,23.0,23.0,24.0,24.0,24.0,25.0,25.0,25.0,25.0,26.0,26.0,26.0,26.0,27.0,27.0,27.0,27.0,28.0,28.0,28.0,28.0,28.0,28.0,29.0,29.0,29.0,29.0,29.0,29.0,30.0,30.0,30.0,30.0,30.0,31.0,31.0,31.0,31.0,31.0,31.0,31.0,32.0,32.0,32.0,32.0,32.0,32.0,33.0,33.0,33.0,33.0,33.0,34.0,34.0,34.0,34.0,34.0,35.0,35.0,35.0,35.0,35.0,36.0,36.0,36.0,36.0,37.0,37.0,37.0,37.070000000000164,38.0,38.0,39.0,39.0,40.0,42.0,46.0,28.0,1000.2666666805744,1000.4431372582912,1000.5647059082985,1000.65098041296,1000.7372549176216,2000.0549019612372,2000.3960784375668,2000.572549045086,2000.6862745285034,3000.984313726425,149.10423583984374,156.9307373046875,161.98492431640625,166.05877685546875,169.7608184814453,173.4522705078125,177.68569946289062,183.5634765625,197.92364044189455,345.79351806640625,222.22897,0.0,test_data/Useful/Validation/Three eight at 1ft/WhatsApp Image 2024-08-23 at 10.37.26.jpeg,324.0,121.0,28.763296641607973
23,0.0,5.0,8.0,9.0,11.0,13.0,14.0,15.0,15.0,16.0,16.0,17.0,18.0,18.0,19.0,19.0,20.0,20.0,21.0,21.0,22.0,22.0,22.0,23.0,23.0,23.0,24.0,24.0,24.0,24.0,25.0,25.0,25.0,25.660000000000082,26.0,26.0,26.0,26.0,27.0,27.0,27.0,27.0,27.0,28.0,28.0,28.0,28.0,28.0,29.0,29.0,29.0,29.0,29.0,29.0,30.0,30.0,30.0,30.0,30.0,31.0,31.0,31.0,31.0,31.0,31.0,32.0,32.0,32.0,32.0,32.0,33.0,33.0,33.0,33.0,33.0,34.0,34.0,34.0,34.0,34.0,35.0,35.0,35.0,35.0,35.0,36.0,36.0,36.0,36.0,36.0,37.0,37.0,37.0,38.0,38.0,39.0,39.0,40.0,41.0,43.0,29.0,1000.286274522543,1000.4588235318661,1000.5803921818733,1000.6666666865349,1000.7803921699524,2000.2392156869173,2000.4549019634724,2000.5882353186607,2000.6862745285034,3001.0,148.49982604980468,156.25906372070312,161.31072998046875,165.45335388183594,169.21673583984375,173.03472900390625,177.2684326171875,183.2349853515625,197.99667358398438,345.76861572265625,222.36758,0.0,test_data/Useful/Validation/Three eight at 1ft/WhatsApp Image 2024-08-23 at 10.37.48.jpeg,364.0,145.0,29.517854816967358
24,2.0,5.0,8.0,10.0,11.0,12.0,14.0,14.0,15.0,16.0,17.0,17.879999999999995,18.0,18.860000000000014,19.0,20.0,20.0,21.0,21.0,21.0,22.0,22.0,23.0,23.0,23.0,24.0,24.0,24.0,25.0,25.0,25.0,25.0,26.0,26.0,26.0,26.0,27.0,27.0,27.0,27.0,28.0,28.0,28.0,28.0,28.0,28.0,29.0,29.0,29.0,29.0,29.0,30.0,30.0,30.0,30.0,30.0,30.0,31.0,31.0,31.0,31.0,31.0,31.0,32.0,32.0,32.0,32.0,32.0,32.0,32.0,33.0,33.0,33.0,33.0,33.0,34.0,34.0,34.0,34.0,34.0,35.0,35.0,35.0,35.0,35.0,36.0,36.0,36.0,36.0,37.0,37.0,37.0,38.0,38.0,39.0,39.0,40.0,41.0,42.0,47.0,32.0,1000.2705882489681,1000.4431372582912,1000.5607843399048,1000.6470588445663,1000.7411764860153,2000.1529411822557,2000.4235294163227,2000.5764706134796,2000.6823529601097,3001.0,148.86676025390625,156.65757751464844,161.7186279296875,165.79322814941406,169.49673461914062,173.26133728027344,177.50755310058594,183.39651489257812,197.99557495117188,345.76043701171875,222.08337,0.0,test_data/Useful/Validation/Three eight at 1ft/WhatsApp Image 2024-08-23 at 10.37.57.jpeg,334.0,129.0,30.418594424296558
25,1.0,5.0,8.0,10.0,11.950000000000003,13.0,14.0,15.0,16.0,16.0,17.0,17.0,18.0,19.0,19.0,20.0,20.0,21.0,21.0,22.0,22.0,23.0,23.0,23.0,24.0,24.0,24.0,24.0,25.0,25.0,25.0,26.0,26.0,26.0,26.0,26.0,27.0,27.0,27.0,27.0,27.0,28.0,28.0,28.0,28.0,28.0,29.0,29.0,29.0,29.0,29.0,29.0,30.0,30.0,30.0,30.0,30.0,31.0,31.0,31.0,31.0,31.0,31.0,32.0,32.0,32.0,32.0,32.0,32.0,33.0,33.0,33.0,33.0,33.0,33.0,34.0,34.0,34.0,34.0,35.0,35.0,35.0,35.0,35.0,36.0,36.0,36.0,36.0,37.0,37.0,37.0,37.0,38.0,38.0,38.0,39.0,39.0,40.0,42.0,46.0,32.0,1000.2627451121807,1000.4352941215038,1000.5568627715111,1000.6470588445663,1000.7411764860153,2000.1333333402872,2000.4156862795353,2000.5764706134796,2000.6823529601097,3001.0,148.9615051269531,156.84911193847657,161.87923278808594,165.99571228027344,169.6937713623047,173.39605712890625,177.5115234375,183.39776611328125,198.08505249023438,345.753662109375,222.13448,0.0,test_data/Useful/Validation/Three eight at 1ft/WhatsApp Image 2024-08-23 at 10.38.22.jpeg,333.0,135.0,30.85640810599372
26,1.0,6.0,7.0,9.0,11.0,12.0,13.0,14.0,15.0,16.0,16.0,17.0,18.0,18.0,19.0,20.0,20.0,21.0,21.0,21.0,22.0,22.0,23.0,23.0,23.0,23.0,24.0,24.0,24.0,25.0,25.0,25.0,26.0,26.0,26.0,26.0,26.0,27.0,27.0,27.0,27.0,27.0,28.0,28.0,28.0,28.0,28.0,29.0,29.0,29.0,29.0,29.0,29.0,30.0,30.0,30.0,30.0,30.0,31.0,31.0,31.0,31.0,31.0,31.0,32.0,32.0,32.0,32.0,32.0,32.0,33.0,33.0,33.0,33.0,33.0,33.0,33.0,34.0,34.0,34.0,34.0,34.0,35.0,35.0,35.0,35.0,35.0,36.0,36.0,36.0,37.0,37.0,38.0,38.0,38.0,39.0,39.029999999999745,40.0,41.0,46.0,33.0,1000.2901960909367,1000.4666666686535,1000.5803921818733,1000.6705882549286,1000.8000000119209,2000.2549019753933,2000.458823531866,2000.5882353186607,2000.6823529601097,3001.0,148.2653594970703,156.1070556640625,161.22332763671875,165.44570922851562,169.1635284423828,172.9550018310547,177.2109832763672,183.16712951660156,197.9935302734375,345.75701904296875,222.5756,0.0,test_data/Useful/Validation/Three eight at 1ft/WhatsApp Image 2024-08-23 at 10.42.05.jpeg,333.0,127.0,29.156214022177352
27,1.0,4.980000000000004,8.0,9.0,11.0,13.0,14.0,15.0,16.0,17.0,17.0,18.0,19.0,19.0,20.0,20.0,21.0,21.0,22.0,22.0,23.0,23.0,23.0,23.0,24.0,24.0,24.0,24.0,25.0,25.0,25.0,25.0,25.0,26.0,26.0,26.0,26.0,27.0,27.0,27.0,27.0,27.0,28.0,28.0,28.0,28.0,28.0,29.0,29.0,29.0,29.0,29.0,29.0,29.0,30.0,30.0,30.0,30.0,30.409999999999854,31.0,31.0,31.0,31.0,32.0,32.0,32.0,32.0,32.0,32.0,32.0,33.0,33.0,33.0,33.0,33.0,33.0,34.0,34.0,34.0,34.0,34.0,35.0,35.0,35.0,35.0,36.0,36.0,36.0,36.0,37.0,37.0,37.0,38.0,38.0,38.0,39.0,39.0,40.0,41.0,47.0,29.0,1000.2705882489681,1000.447058826685,1000.5647059082985,1000.6549019813538,1000.7411764860153,2000.0470588244498,2000.4039215743542,2000.5803921818733,2000.6941176652908,3000.984313726425,149.07659912109375,156.83966064453125,161.97662353515625,166.08550720214845,169.81495666503906,173.50335083007812,177.61607666015624,183.50992431640626,198.02685546875,345.8265686035156,222.22852,0.0,test_data/Useful/Validation/Three eight at 1ft/WhatsApp Image 2024-08-23 at 10.42.50.jpeg,363.0,146.0,35.132721948231314
28,1.0,4.0,7.0,9.0,11.0,12.0,13.0,15.0,15.0,16.0,17.0,18.0,18.870000000000005,19.0,19.849999999999966,20.0,21.0,21.0,22.0,22.0,22.0,23.0,23.0,23.0,23.0,24.0,24.0,24.0,25.0,25.0,25.0,25.0,26.0,26.0,26.0,26.0,26.0,27.0,27.0,27.0,27.0,27.579999999999927,28.0,28.0,28.0,28.0,29.0,29.0,29.0,29.0,29.0,29.0,30.0,30.0,30.0,30.0,30.0,31.0,31.0,31.0,31.0,31.0,31.0,32.0,32.0,32.0,32.0,32.0,32.309999999999945,33.0,33.0,33.0,33.0,33.0,34.0,34.0,34.0,34.0,34.0,35.0,35.0,35.0,35.0,35.0,36.0,36.0,36.0,36.0,37.0,37.0,37.0,38.0,38.0,38.0,38.0,39.0,39.0,40.0,41.0,45.0,30.0,1000.2941176593304,1000.4745098054409,1000.5921568870544,1000.6862745285034,1000.8313725590706,2000.2901960909367,2000.4823529422283,2000.6039215922356,2000.6980392336845,3001.0,148.7034912109375,156.60919189453125,161.79067993164062,165.92027893066407,169.6451416015625,173.41288146972656,177.63084411621094,183.49905395507812,198.20396423339844,345.7911682128906,222.19739,0.0,test_data/Useful/Validation/Three eight at 1ft/WhatsApp Image 2024-08-23 at 10.42.58.jpeg,350.0,133.0,29.550700083069643
29,2.0,5.0,8.0,9.0,11.0,12.0,13.930000000000007,15.0,15.0,16.0,17.0,17.0,18.0,18.0,19.0,19.0,20.0,20.0,21.0,21.0,22.0,22.0,22.0,23.0,23.0,23.0,24.0,24.0,24.0,25.0,25.0,25.0,25.0,26.0,26.0,26.0,26.0,26.0,27.0,27.0,27.0,27.0,28.0,28.0,28.0,28.0,28.0,29.0,29.0,29.0,29.0,29.0,29.0,30.0,30.0,30.0,30.0,30.0,30.0,31.0,31.0,31.0,31.0,31.0,31.0,32.0,32.0,32.0,32.0,32.0,33.0,33.0,33.0,33.0,33.0,33.0,34.0,34.0,34.0,34.0,35.0,35.0,35.0,35.0,36.0,36.0,36.0,36.0,37.0,37.0,37.0,37.0,38.0,38.0,39.0,39.0,40.0,40.01999999999998,42.0,47.0,30.0,1000.286274522543,1000.4627451002598,1000.584313750267,1000.6745098233223,1000.7843137383461,2000.215686276555,2000.458823531866,2000.6000000238419,2000.6980392336845,3000.984313726425,148.88082275390624,156.77117919921875,161.87530059814452,166.0091339111328,169.74637603759766,173.52001953125,177.67437744140625,183.57785034179688,198.06349182128906,345.8148498535156,222.26393,0.0,test_data/Useful/Validation/Three eight at 1ft/WhatsApp Image 2024-08-23 at 10.43.04.jpeg,378.0,149.0,32.070920154353146
30,1.0,6.980000000000004,8.0,10.0,11.0,13.0,14.0,15.0,15.909999999999997,16.0,17.0,17.0,18.0,19.0,19.0,20.0,20.0,21.0,21.0,21.0,22.0,22.0,23.0,23.0,23.0,24.0,24.0,24.0,24.0,25.0,25.0,25.0,25.0,25.0,26.0,26.0,26.0,26.0,27.0,27.0,27.0,27.0,27.0,28.0,28.0,28.0,28.0,28.0,28.0,29.0,29.0,29.0,29.0,29.0,30.0,30.0,30.0,30.0,30.0,31.0,31.0,31.0,31.0,31.0,32.0,32.0,32.0,32.0,32.0,32.0,33.0,33.0,33.0,33.0,33.0,34.0,34.0,34.0,34.0,34.0,35.0,35.0,35.0,35.0,35.0,36.0,36.0,36.0,36.0,37.0,37.0,37.0,38.0,38.0,39.0,39.0,39.0,40.0,41.0,45.0,32.0,1000.2705882489681,1000.4431372582912,1000.5647059082985,1000.65098041296,1000.7568627595901,2000.1843137294054,2000.4352941215038,2000.5803921818733,2000.6823529601097,3000.9803921580315,148.54529266357423,156.3994873046875,161.51476440429687,165.62869873046876,169.35814666748047,173.1250732421875,177.37833557128906,183.27637023925783,198.01077270507812,345.7599182128906,222.29689,0.0,test_data/Useful/Validation/Three eight at 1ft/WhatsApp Image 2024-08-23 at 10.43.10.jpeg,359.0,149.0,33.28562853707929
31,1.990000000000002,5.0,7.0,9.0,10.0,12.0,13.0,14.0,15.0,16.0,16.0,17.0,17.0,18.0,18.0,19.0,20.0,20.0,20.0,21.0,21.0,22.0,22.0,22.0,22.75,23.0,23.0,24.0,24.0,24.0,25.0,25.0,25.0,25.0,26.0,26.0,26.0,27.0,27.0,27.0,27.0,27.0,28.0,28.0,28.0,28.0,28.0,29.0,29.0,29.0,29.0,29.0,30.0,30.0,30.0,30.0,30.0,31.0,31.0,31.0,31.0,31.0,32.0,32.0,32.0,32.0,32.0,32.0,33.0,33.0,33.0,33.0,33.0,33.0,34.0,34.0,34.0,34.0,34.0,35.0,35.0,35.0,35.0,35.0,36.0,36.0,36.0,36.0,37.0,37.0,37.0,37.0,38.0,38.0,38.0,39.0,40.0,40.01999999999998,42.0,45.0,32.0,1000.2666666805744,1000.4392156898975,1000.5607843399048,1000.6470588445663,1000.7411764860153,2000.1176470592618,2000.4235294163227,2000.5803921818733,2000.6862745285034,3001.0,148.79148864746094,156.6381378173828,161.73545837402344,165.79827880859375,169.53176879882812,173.26768493652344,177.48553466796875,183.3546142578125,198.1459197998047,345.792236328125,222.17186,0.0,test_data/Useful/Validation/Three eight at 1ft/WhatsApp Image 2024-08-23 at 10.43.13.jpeg,366.0,135.0,34.01522610965132
32,1.0,4.0,7.0,9.0,10.0,12.0,13.0,14.0,15.0,16.0,16.0,17.0,18.0,19.0,19.0,20.0,20.0,21.0,21.0,21.80000000000001,22.0,22.0,23.0,23.0,23.0,24.0,24.0,24.0,24.709999999999923,25.0,25.0,25.0,26.0,26.0,26.0,26.0,27.0,27.0,27.0,27.0,27.0,28.0,28.0,28.0,28.0,28.0,29.0,29.0,29.0,29.0,29.0,30.0,30.0,30.0,30.0,30.0,30.0,31.0,31.0,31.0,31.0,31.0,32.0,32.0,32.0,32.0,32.0,32.0,33.0,33.0,33.0,33.0,33.0,34.0,34.0,34.0,34.0,34.0,34.0,35.0,35.0,35.0,35.0,35.0,36.0,36.0,36.0,36.0,37.0,37.0,37.0,37.0,38.0,38.0,38.0,39.0,39.0,40.0,41.0,47.0,30.0,1000.2705882489681,1000.4431372582912,1000.5607843399048,1000.6431372761726,1000.7333333492279,2000.0509803928435,2000.4039215743542,2000.5764706134796,2000.6862745285034,3000.972549021244,148.9061737060547,156.82147216796875,161.9286346435547,166.06573791503908,169.77389526367188,173.41727294921876,177.56814880371093,183.42247924804693,198.14886474609375,345.8072204589844,222.04349,0.0,test_data/Useful/Validation/Three eight at 1ft/WhatsApp Image 2024-08-23 at 10.43.15.jpeg,351.0,139.0,25.893054995132506
33,1.0,5.0,7.0,9.960000000000008,11.0,12.0,13.0,14.0,15.0,16.0,17.0,17.0,18.0,18.0,19.0,20.0,20.0,21.0,21.0,21.0,22.0,22.0,22.0,23.0,23.0,23.0,24.0,24.0,24.0,24.0,25.0,25.0,25.0,25.0,25.0,26.0,26.0,26.0,26.0,27.0,27.0,27.0,27.0,27.0,28.0,28.0,28.0,28.0,28.0,29.0,29.0,29.0,29.0,29.0,30.0,30.0,30.0,30.0,30.0,31.0,31.0,31.0,31.0,31.0,32.0,32.0,32.0,32.0,32.0,32.0,33.0,33.0,33.0,33.0,33.0,33.0,34.0,34.0,34.0,34.0,34.0,35.0,35.0,35.0,35.0,35.0,36.0,36.0,36.0,37.0,37.0,37.0,37.0,38.0,38.0,39.0,39.0,40.0,41.0,48.0,33.0,1000.2823529541492,1000.4588235318661,1000.5764706134796,1000.6666666865349,1000.7686274647713,2000.188235297799,2000.4509803950787,2000.5960784554482,2000.7019608020782,3001.0,148.80116271972656,156.71426391601562,161.7509307861328,165.83621215820312,169.56222534179688,173.2923126220703,177.4559783935547,183.2991180419922,198.08143615722656,345.8203430175781,222.20172,0.0,test_data/Useful/Validation/Three eight at 1ft/WhatsApp Image 2024-08-23 at 10.43.17.jpeg,345.0,130.0,31.45928288255949
34,2.0,5.0,7.0,9.0,11.0,12.0,13.0,14.0,15.0,16.0,17.0,18.0,18.0,19.0,19.0,20.0,20.0,21.0,21.0,22.0,22.0,22.0,23.0,23.0,23.0,24.0,24.0,24.0,25.0,25.0,25.0,25.0,26.0,26.0,26.0,26.0,26.0,27.0,27.0,27.0,27.0,28.0,28.0,28.0,28.0,28.0,28.0,29.0,29.0,29.0,29.0,29.0,30.0,30.0,30.0,30.0,30.0,30.0,31.0,31.0,31.0,31.0,31.0,32.0,32.0,32.0,32.0,32.0,32.0,33.0,33.0,33.0,33.0,33.0,33.25,34.0,34.0,34.0,34.0,34.0,35.0,35.0,35.0,35.0,36.0,36.0,36.0,36.0,36.0,37.0,37.0,37.0,38.0,38.0,38.0,39.0,40.0,41.0,42.0,47.0,32.0,1000.2823529541492,1000.4588235318661,1000.5725490450859,1000.6549019813538,1000.7411764860153,2000.043137256056,2000.4000000059605,2000.5764706134796,2000.6862745285034,3000.9921568632126,149.19806518554688,156.86837768554688,161.9607391357422,166.1603576660156,169.88204956054688,173.65684204101564,177.8029312133789,183.60004272460938,198.02212066650392,345.8401794433594,221.91629,0.0,test_data/Useful/Validation/Three eight at 1ft/WhatsApp Image 2024-08-23 at 10.43.18.jpeg,342.0,117.0,32.26056503873656
35,2.990000000000002,6.0,7.969999999999999,9.0,10.0,12.0,13.0,14.0,15.0,16.0,17.0,17.0,18.0,19.0,19.0,20.0,20.0,20.0,21.0,21.0,22.0,22.0,22.0,23.0,23.0,23.0,23.0,24.0,24.0,24.0,25.0,25.0,25.0,25.0,26.0,26.0,26.0,26.0,27.0,27.0,27.0,27.0,28.0,28.0,28.0,28.0,28.0,29.0,29.0,29.0,29.0,29.0,29.0,30.0,30.0,30.0,30.0,30.0,31.0,31.0,31.0,31.0,31.0,31.0,31.0,32.0,32.0,32.0,32.0,32.0,33.0,33.0,33.0,33.0,33.0,33.0,34.0,34.0,34.0,34.0,35.0,35.0,35.0,35.0,35.0,36.0,36.0,36.0,36.0,37.0,37.0,37.0,38.0,38.0,38.04999999999973,39.0,40.0,40.0,41.0,47.0,31.0,1000.2901960909367,1000.4745098054409,1000.5921568870544,1000.6901960968971,1000.8745098114014,2000.3098039329052,2000.4901960790157,2000.6039215922356,2000.6941176652908,3000.988235294819,148.56695861816405,156.45840454101562,161.599609375,165.7241668701172,169.4888153076172,173.20840454101562,177.37137298583986,183.205615234375,198.15570068359375,345.7713623046875,222.37506,0.0,test_data/Useful/Validation/Three eight at 1ft/WhatsApp Image 2024-08-23 at 10.43.19 (1).jpeg,345.0,142.0,31.09039378070167
36,2.0,5.0,7.0,9.0,10.0,11.0,12.0,13.0,14.0,15.0,16.0,17.0,17.0,18.0,19.0,19.0,20.0,20.0,21.0,21.0,21.0,22.0,22.0,22.0,23.0,23.0,23.0,24.0,24.0,24.0,25.0,25.0,25.0,25.0,26.0,26.0,26.0,26.0,26.0,27.0,27.0,27.0,27.0,27.0,28.0,28.0,28.0,28.0,28.0,29.0,29.0,29.0,29.0,29.0,30.0,30.0,30.0,30.0,30.0,30.0,31.0,31.0,31.0,31.0,31.0,31.0,32.0,32.0,32.0,32.0,32.0,33.0,33.0,33.0,33.0,33.0,33.0,34.0,34.0,34.0,34.0,34.0,35.0,35.0,35.0,35.0,36.0,36.0,36.0,37.0,37.0,37.0,38.0,38.0,38.0,39.0,39.0,40.0,41.0,48.0,30.0,1000.2784313857555,1000.4549019634724,1000.5764706134796,1000.6666666865349,1000.8000000119209,2000.2627451121807,2000.4705882370472,2000.5921568870544,2000.6862745285034,3000.9647058844566,148.5655303955078,156.3523162841797,161.54898376464843,165.6959991455078,169.42504119873047,173.1254638671875,177.31504821777344,183.23812255859377,197.8872833251953,345.7615661621094,222.85515,0.0,test_data/Useful/Validation/Three eight at 1ft/WhatsApp Image 2024-08-23 at 10.43.19 (2).jpeg,365.0,139.0,29.055868557174257
37,4.0,7.0,9.0,11.0,12.0,13.939999999999998,14.0,15.0,16.0,17.0,18.0,18.0,19.0,20.0,20.0,20.0,21.0,21.0,21.0,22.0,22.0,23.0,23.0,23.0,24.0,24.0,24.0,25.0,25.0,25.0,25.0,26.0,26.0,26.0,26.0,27.0,27.0,27.0,27.0,28.0,28.0,28.0,28.0,28.0,29.0,29.0,29.0,29.0,29.0,29.0,30.0,30.0,30.0,30.0,30.0,30.0,30.0,31.0,31.0,31.0,31.0,31.0,32.0,32.0,32.0,32.0,32.0,32.0,33.0,33.0,33.0,33.0,33.0,33.0,33.25,34.0,34.0,34.0,34.0,34.0,35.0,35.0,35.0,35.0,35.0,36.0,36.0,36.0,36.0,37.0,37.0,37.0,38.0,38.0,39.0,39.0,40.0,41.0,42.0,46.0,30.0,1000.2823529541492,1000.4588235318661,1000.5764706134796,1000.6627451181412,1000.7647058963776,2000.1921568661928,2000.4549019634724,2000.5921568870544,2000.6941176652908,3000.9764705896378,149.00265502929688,156.9578094482422,161.99468994140625,166.08612060546875,169.81703186035156,173.56824951171876,177.8226531982422,183.68601684570314,198.1485595703125,345.806640625,221.91383,0.0,test_data/Useful/Validation/Three eight at 1ft/WhatsApp Image 2024-08-23 at 10.43.19.jpeg,342.0,140.0,34.11984350689984
38,1.0,5.0,7.0,9.0,10.0,12.0,13.0,14.0,15.0,16.0,17.0,17.0,18.0,18.0,19.0,19.0,20.0,20.0,20.0,21.0,21.0,21.0,22.0,22.0,22.0,23.0,23.0,23.0,24.0,24.0,24.0,25.0,25.0,25.0,25.0,26.0,26.0,26.0,26.0,27.0,27.0,27.0,27.0,27.0,28.0,28.0,28.0,28.0,28.0,29.0,29.0,29.0,29.0,29.0,30.0,30.0,30.0,30.0,30.0,31.0,31.0,31.0,31.0,31.0,32.0,32.0,32.0,32.0,32.0,32.0,33.0,33.0,33.0,33.0,33.0,34.0,34.0,34.0,34.0,34.0,34.0,35.0,35.0,35.0,35.0,36.0,36.0,36.0,36.0,37.0,37.0,37.0,37.0,38.0,38.0,39.0,39.0,40.0,41.00999999999976,46.0,34.0,1000.3333333432674,1000.5058823823929,1000.6549019813538,1000.7921568751335,2000.203921571374,2000.3882353007793,2000.517647087574,2000.6274510025978,2000.7294117808342,3001.0,148.288818359375,156.12420654296875,161.20006561279297,165.32569580078126,169.1116485595703,172.79051818847657,176.9886932373047,182.95424804687502,197.97067260742188,345.96734619140625,222.57765,0.0,test_data/Useful/Validation/Three eight at 1ft/WhatsApp Image 2024-08-23 at 10.43.20 (1).jpeg,348.0,125.0,28.126748508430243
39,2.990000000000002,5.0,7.0,9.0,11.0,12.0,13.0,14.0,15.0,15.0,16.0,17.0,17.0,18.0,18.849999999999966,19.0,20.0,20.0,21.0,21.0,21.0,22.0,22.0,22.0,23.0,23.0,23.0,24.0,24.0,24.0,24.0,25.0,25.0,25.0,25.0,26.0,26.0,26.0,26.0,27.0,27.0,27.0,27.0,28.0,28.0,28.0,28.0,28.0,29.0,29.0,29.0,29.0,29.0,30.0,30.0,30.0,30.0,30.0,31.0,31.0,31.0,31.0,31.0,31.0,32.0,32.0,32.0,32.0,32.0,32.0,33.0,33.0,33.0,33.0,33.0,34.0,34.0,34.0,34.0,34.0,35.0,35.0,35.0,35.0,35.0,36.0,36.0,36.0,36.0,37.0,37.0,37.0,38.0,38.0,38.04999999999973,39.0,39.0,40.01999999999998,42.0,48.0,31.0,1000.3176470696926,1000.4745098054409,1000.611764729023,1000.7294117808342,1000.8784313797951,2000.3019607961178,2000.4666666686535,2000.5960784554482,2000.7098039388657,3001.0,148.05178833007812,155.92227172851562,161.1015625,165.21624755859375,169.01038360595703,172.80276489257812,177.0386520385742,182.9894592285156,197.99224853515625,345.970458984375,222.62193,0.0,test_data/Useful/Validation/Three eight at 1ft/WhatsApp Image 2024-08-23 at 10.43.20 (2).jpeg,343.0,126.0,31.127261992356367
40,1.0,5.0,8.0,10.0,12.0,13.0,14.0,14.0,15.0,16.0,17.0,18.0,18.0,19.0,20.0,20.0,20.0,21.0,21.0,22.0,22.0,22.0,23.0,23.0,23.0,24.0,24.0,24.0,24.0,25.0,25.0,25.0,25.0,26.0,26.0,26.0,26.0,27.0,27.0,27.0,27.0,27.0,28.0,28.0,28.0,28.0,28.0,29.0,29.0,29.0,29.0,29.0,29.470000000000027,30.0,30.0,30.0,30.0,30.0,31.0,31.0,31.0,31.0,31.0,31.0,32.0,32.0,32.0,32.0,32.0,32.0,33.0,33.0,33.0,33.0,33.0,33.0,34.0,34.0,34.0,34.0,34.0,35.0,35.0,35.0,35.0,36.0,36.0,36.0,36.0,37.0,37.0,37.0,38.0,38.0,38.0,39.0,40.0,40.0,41.00999999999976,45.0,31.0,1000.2509804069996,1000.3960784375668,1000.5137255191803,1000.6156862974167,1000.7137255072594,2000.0039215688594,2000.380392163992,2000.5529412031174,2000.6705882549286,3000.984313726425,148.9538146972656,156.75709838867186,161.80226440429686,165.89147033691407,169.6300277709961,173.33718872070312,177.51547241210938,183.45053100585938,198.0632781982422,345.83453369140625,222.14374,0.0,test_data/Useful/Validation/Three eight at 1ft/WhatsApp Image 2024-08-23 at 10.43.38 (1).jpeg,347.0,147.0,29.398751054392047
41,1.0,4.0,7.0,9.960000000000008,11.0,12.0,13.0,14.0,15.0,15.0,16.0,17.0,18.0,18.0,19.0,19.0,20.0,20.0,21.0,21.0,22.0,22.0,22.0,23.0,23.0,23.0,24.0,24.0,24.0,24.0,25.0,25.0,25.0,25.660000000000082,26.0,26.0,26.0,26.0,27.0,27.0,27.0,27.0,27.0,28.0,28.0,28.0,28.0,28.0,29.0,29.0,29.0,29.0,29.0,29.0,30.0,30.0,30.0,30.0,30.0,31.0,31.0,31.0,31.0,31.0,32.0,32.0,32.0,32.0,32.0,32.0,33.0,33.0,33.0,33.0,33.0,34.0,34.0,34.0,34.0,34.0,35.0,35.0,35.0,35.0,35.0,36.0,36.0,36.0,36.0,37.0,37.0,37.0,37.0,38.0,38.0,39.0,39.0,40.0,41.0,46.0,32.0,1000.258823543787,1000.4039215743542,1000.5254902243614,1000.6274510025978,1000.7254902124405,2000.0980392172933,2000.3960784375668,2000.556862771511,2000.6745098233223,3000.9960784316063,149.4104476928711,157.24216918945314,162.29334869384766,166.38870849609376,170.1091766357422,173.80824584960936,177.99265899658204,183.77597045898438,197.967041015625,345.8551025390625,221.8315,0.0,test_data/Useful/Validation/Three eight at 1ft/WhatsApp Image 2024-08-23 at 10.43.38 (2).jpeg,331.0,115.0,32.22911418077669
42,1.990000000000002,5.0,7.0,9.0,11.0,12.0,13.0,14.0,15.0,16.0,16.0,17.0,18.0,18.0,19.0,19.0,20.0,20.0,21.0,21.0,22.0,22.0,22.0,23.0,23.0,24.0,24.0,24.0,24.0,25.0,25.0,25.0,25.0,25.0,26.0,26.0,26.0,27.0,27.0,27.0,27.0,27.0,28.0,28.0,28.0,28.0,28.0,28.0,29.0,29.0,29.0,29.0,30.0,30.0,30.0,30.0,30.0,30.0,30.0,31.0,31.0,31.0,31.0,31.0,32.0,32.0,32.0,32.0,32.0,32.0,33.0,33.0,33.0,33.0,33.0,34.0,34.0,34.0,34.0,34.0,35.0,35.0,35.0,35.0,35.0,36.0,36.0,36.0,36.0,37.0,37.0,37.0,38.0,38.0,38.0,39.0,40.0,40.0,42.0,44.0,30.0,1000.2274509817362,1000.3607843220234,1000.4666666686535,1000.5607843399048,1000.6431372761726,1000.7215686440468,1000.905882358551,2000.4431372582912,2000.6352941393852,3000.9960784316063,149.34082794189453,157.2024932861328,162.28982543945312,166.28805541992188,170.00701904296875,173.66763305664062,177.79222106933594,183.54559326171875,198.12136840820312,345.85491943359375,222.3273,0.0,test_data/Useful/Validation/Three eight at 1ft/WhatsApp Image 2024-08-23 at 10.43.38.jpeg,332.0,115.0,32.572085871704445
43,2.990000000000002,6.0,8.0,10.0,12.0,13.0,14.0,15.0,16.0,16.900000000000006,17.0,18.0,19.0,19.0,20.0,20.0,21.0,21.0,21.0,22.0,22.0,22.0,23.0,23.0,23.0,24.0,24.0,24.0,24.0,25.0,25.0,25.0,26.0,26.0,26.0,26.0,27.0,27.0,27.0,27.0,27.0,28.0,28.0,28.0,28.0,28.0,29.0,29.0,29.0,29.0,29.0,29.0,30.0,30.0,30.0,30.0,30.0,31.0,31.0,31.0,31.0,31.0,31.0,32.0,32.0,32.0,32.0,32.0,32.0,33.0,33.0,33.0,33.0,33.0,33.0,34.0,34.0,34.0,34.0,34.0,35.0,35.0,35.0,35.0,35.0,36.0,36.0,36.0,36.0,37.0,37.0,37.0,38.0,38.0,38.0,39.0,39.0,40.0,41.0,50.0,31.0,1000.2509804069996,1000.392156869173,1000.5137255191803,1000.611764729023,1000.705882370472,1000.8862745165825,2000.364705890417,2000.54509806633,2000.6666666865349,3001.0,148.62994384765625,156.5840301513672,161.64890747070314,165.7658203125,169.5571746826172,173.2305908203125,177.431396484375,183.35250854492188,198.03604125976562,345.8487243652344,222.42033,0.0,test_data/Useful/Validation/Three eight at 1ft/WhatsApp Image 2024-08-23 at 10.43.39 (1).jpeg,324.0,126.0,25.481432141401026
44,2.0,5.0,8.0,9.0,11.0,12.0,13.0,14.0,15.0,16.0,17.0,17.0,18.0,19.0,19.0,20.0,20.0,21.0,21.0,21.0,22.0,22.0,23.0,23.0,23.0,23.74000000000001,24.0,24.0,24.0,25.0,25.0,25.0,25.0,26.0,26.0,26.0,26.0,27.0,27.0,27.0,27.0,27.0,28.0,28.0,28.0,28.0,28.0,29.0,29.0,29.0,29.0,29.0,30.0,30.0,30.0,30.0,30.0,30.0,31.0,31.0,31.0,31.0,31.0,31.0,32.0,32.0,32.0,32.0,32.0,32.0,33.0,33.0,33.0,33.0,33.0,34.0,34.0,34.0,34.0,34.0,35.0,35.0,35.0,35.0,36.0,36.0,36.0,36.0,36.0,37.0,37.0,37.0,38.0,38.0,39.0,39.0,40.0,41.0,42.0,45.0,32.0,1000.2627451121807,1000.4078431427479,1000.5333333611488,1000.6352941393852,1000.7372549176216,2000.1686274558306,2000.4156862795353,2000.5686274766922,2000.678431391716,3001.0,148.85101318359375,156.65493774414062,161.80078125,165.92242431640625,169.66356658935547,173.3946960449219,177.60149993896485,183.54177551269532,198.07290649414062,345.8594970703125,222.13205,0.0,test_data/Useful/Validation/Three eight at 1ft/WhatsApp Image 2024-08-23 at 10.43.39.jpeg,356.0,154.0,25.000943487621445
45,0.0,3.0,5.0,8.0,9.0,11.0,12.0,13.0,14.0,15.0,16.0,16.0,17.0,18.0,18.0,19.0,19.0,20.0,20.0,21.0,21.0,22.0,22.0,22.0,23.0,23.0,23.0,24.0,24.0,24.0,25.0,25.0,25.0,25.0,26.0,26.0,26.0,26.0,26.0,27.0,27.0,27.0,27.0,28.0,28.0,28.0,28.0,28.0,29.0,29.0,29.0,29.0,29.0,30.0,30.0,30.0,30.0,30.0,30.0,31.0,31.0,31.0,31.0,31.0,31.0,32.0,32.0,32.0,32.0,32.0,33.0,33.0,33.0,33.0,33.0,34.0,34.0,34.0,34.0,34.0,35.0,35.0,35.0,35.0,35.0,36.0,36.0,36.0,36.0,37.0,37.0,37.0,38.0,38.0,39.0,39.0,40.0,40.0,42.0,47.0,31.0,1000.2549019753933,1000.4039215743542,1000.5294117927551,1000.6313725709915,1000.7372549176216,2000.1568627506495,2000.4117647111416,2000.5647059082985,2000.6745098233223,3001.0,149.31898193359376,157.11719665527343,162.23276062011718,166.290576171875,170.02977752685547,173.71641540527344,177.88995361328125,183.71031188964844,198.1224822998047,345.8560485839844,222.19034,0.0,test_data/Useful/Validation/Three eight at 1ft/WhatsApp Image 2024-08-23 at 10.43.40 (1).jpeg,371.0,129.0,29.34301559245506
46,1.0,5.0,7.0,10.0,12.0,13.0,14.0,15.0,15.909999999999997,16.0,17.0,17.0,18.0,18.860000000000014,19.0,20.0,20.0,21.0,21.0,21.0,22.0,22.0,22.0,23.0,23.0,23.0,24.0,24.0,24.0,24.0,25.0,25.0,25.0,25.0,26.0,26.0,26.0,26.0,26.0,27.0,27.0,27.0,27.0,27.0,28.0,28.0,28.0,28.0,28.0,29.0,29.0,29.0,29.0,29.0,29.0,30.0,30.0,30.0,30.0,30.0,31.0,31.0,31.0,31.0,31.0,31.0,32.0,32.0,32.0,32.0,32.0,33.0,33.0,33.0,33.0,33.0,33.0,34.0,34.0,34.0,34.0,35.0,35.0,35.0,35.0,35.0,36.0,36.0,36.0,36.0,37.0,37.0,37.0,38.0,38.0,39.0,39.0,40.0,41.0,45.0,31.0,1000.3294117748737,1000.4901960790157,1000.6156862974167,1000.7294117808342,2000.1450980454683,2000.3490196168423,2000.4823529422283,2000.5882353186607,2000.678431391716,3000.956862747669,146.2765350341797,154.22308349609375,159.52450561523438,163.8509765625,167.7568130493164,171.66615600585936,176.1292724609375,182.4854736328125,198.28855895996094,345.85406494140625,222.74695,0.0,test_data/Useful/Validation/Three eight at 1ft/WhatsApp Image 2024-08-23 at 10.43.40 (2).jpeg,371.0,131.0,28.923424712523676
47,0.0,4.0,7.0,9.0,10.0,12.0,14.0,14.0,15.0,16.0,16.0,17.0,18.0,19.0,19.0,20.0,20.0,20.0,21.0,21.0,22.0,22.0,22.0,23.0,23.0,23.0,24.0,24.0,24.0,25.0,25.0,25.0,25.0,26.0,26.0,26.0,26.0,26.0,27.0,27.0,27.0,27.0,27.0,28.0,28.0,28.0,28.0,28.0,29.0,29.0,29.0,29.0,29.0,30.0,30.0,30.0,30.0,30.0,30.0,31.0,31.0,31.0,31.0,31.0,32.0,32.0,32.0,32.0,32.0,32.0,33.0,33.0,33.0,33.0,33.0,33.0,34.0,34.0,34.0,34.0,35.0,35.0,35.0,35.0,35.0,36.0,36.0,36.0,36.0,37.0,37.0,37.0,38.0,38.0,39.0,39.0,40.0,41.0,41.00999999999976,46.0,32.0,1000.2313725501299,1000.3607843220234,1000.4705882370472,1000.5647059082985,1000.6431372761726,1000.7294117808342,2000.0352941192687,2000.4509803950787,2000.6352941393852,3000.9803921580315,148.4850875854492,156.44387817382812,161.56065368652344,165.67796325683594,169.4339599609375,173.1560516357422,177.4254150390625,183.3114013671875,198.17684936523438,345.84014892578125,222.52556,0.0,test_data/Useful/Validation/Three eight at 1ft/WhatsApp Image 2024-08-23 at 10.43.40.jpeg,356.0,130.0,31.135583080926438
48,0.0,3.0,4.969999999999999,6.960000000000008,8.0,10.0,11.0,12.0,13.0,14.0,15.0,15.0,16.0,17.0,17.0,18.0,19.0,19.0,19.0,20.0,20.0,21.0,21.0,22.0,22.0,22.0,23.0,23.0,23.0,24.0,24.0,24.0,24.0,25.0,25.0,25.0,26.0,26.0,26.0,26.0,26.589999999999918,27.0,27.0,27.0,27.0,28.0,28.0,28.0,28.0,29.0,29.0,29.0,29.0,29.0,29.0,30.0,30.0,30.0,30.0,30.0,31.0,31.0,31.0,31.0,31.0,31.0,32.0,32.0,32.0,32.0,32.0,32.0,33.0,33.0,33.0,33.0,33.0,34.0,34.0,34.0,34.0,34.0,35.0,35.0,35.0,35.0,36.0,36.0,36.0,37.0,37.0,37.0,38.0,38.0,39.0,39.0,40.0,40.0,41.0,46.0,31.0,1000.4000000059605,1000.5764706134796,1000.7098039388657,1000.8352941274643,2000.2509804069996,2000.4627451002598,2000.6000000238419,2000.6980392336845,2000.7960784435272,3001.0,148.56274871826173,156.32749633789064,161.4674530029297,165.6083526611328,169.2636947631836,172.9958709716797,177.19581604003906,183.08058166503906,198.09649658203125,346.2121887207031,222.61218,0.0,test_data/Useful/Validation/Three eight at 1ft/WhatsApp Image 2024-08-23 at 10.43.41 (1).jpeg,377.0,153.0,32.05264609747849
49,0.0,1.0,4.0,6.0,8.0,10.0,11.0,12.0,13.0,14.0,15.0,15.879999999999995,16.0,17.0,17.0,18.0,19.0,19.0,19.0,20.0,21.0,21.0,21.0,22.0,22.0,22.0,23.0,23.0,23.0,24.0,24.0,24.0,25.0,25.0,25.0,25.0,26.0,26.0,26.0,26.0,26.0,27.0,27.0,27.0,27.0,28.0,28.0,28.0,28.0,28.0,28.0,29.0,29.0,29.0,29.0,29.0,30.0,30.0,30.0,30.0,30.0,31.0,31.0,31.0,31.0,31.0,32.0,32.0,32.0,32.0,32.0,32.0,33.0,33.0,33.0,33.0,33.0,34.0,34.0,34.0,34.0,34.0,35.0,35.0,35.0,35.0,35.13000000000011,36.0,36.0,36.0,37.0,37.0,37.0,38.0,38.0,39.0,39.0,40.0,41.0,46.0,32.0,1000.4274509847164,1000.6156862974167,1000.7529411911964,1000.9137254953384,2000.3450980484486,2000.5019608139992,2000.6196078658104,2000.705882370472,2000.800000011921,3001.0,148.26812591552735,155.9816680908203,161.0970489501953,165.20174560546874,168.95005798339844,172.74594116210938,177.01820373535156,182.87088012695312,198.02828979492188,346.2213134765625,222.67786,0.0,test_data/Useful/Validation/Three eight at 1ft/WhatsApp Image 2024-08-23 at 10.43.41 (2).jpeg,395.0,180.0,26.496431797989736
50,0.0,1.0,4.0,6.0,7.0,9.0,11.0,12.0,13.0,14.0,15.0,16.0,16.0,17.0,18.0,18.0,19.0,19.0,20.0,20.0,21.0,21.0,21.0,22.0,22.0,22.0,23.0,23.0,24.0,24.0,24.0,24.0,25.0,25.0,25.0,25.0,26.0,26.0,26.0,26.0,27.0,27.0,27.0,27.0,28.0,28.0,28.0,28.0,28.0,28.0,29.0,29.0,29.0,29.0,29.0,30.0,30.0,30.0,30.0,30.0,31.0,31.0,31.0,31.0,31.0,32.0,32.0,32.0,32.0,32.0,32.0,33.0,33.0,33.0,33.0,33.0,33.0,34.0,34.0,34.0,34.0,34.0,35.0,35.0,35.0,35.0,35.0,36.0,36.0,36.0,37.0,37.0,37.0,38.0,38.0,39.0,39.029999999999745,40.0,42.0,46.0,32.0,1000.3960784375668,1000.5686274766922,1000.7019608020782,1000.8196078538895,2000.2078431397676,2000.4509803950787,2000.5882353186607,2000.6941176652908,2000.7921568751335,3001.0,148.5081985473633,156.28365478515624,161.37037048339843,165.47726440429688,169.19229125976562,172.94363403320312,177.20541381835938,183.06512451171875,197.9888153076172,346.2062072753906,222.36401,0.0,test_data/Useful/Validation/Three eight at 1ft/WhatsApp Image 2024-08-23 at 10.43.41.jpeg,335.0,131.0,27.620350144029533
51,0.0,3.0,6.0,7.0,9.0,10.0,12.0,13.0,14.0,15.0,15.0,16.0,17.0,17.0,18.0,18.0,19.0,19.0,20.0,20.0,21.0,21.0,21.769999999999982,22.0,22.0,23.0,23.0,23.0,24.0,24.0,24.0,24.0,24.670000000000073,25.0,25.0,25.0,25.0,26.0,26.0,26.0,26.0,27.0,27.0,27.0,27.0,28.0,28.0,28.0,28.0,28.0,29.0,29.0,29.0,29.0,29.0,29.0,30.0,30.0,30.0,30.0,30.0,31.0,31.0,31.0,31.0,31.0,31.0,31.320000000000164,32.0,32.0,32.0,32.0,32.0,32.0,33.0,33.0,33.0,33.0,34.0,34.0,34.0,34.0,34.0,35.0,35.0,35.0,36.0,36.0,36.0,36.0,37.0,37.0,37.0,38.0,38.0,39.0,39.0,40.0,41.0,47.0,31.0,1000.4352941215038,1000.6196078658104,1000.7568627595901,1000.9176470637321,2000.3490196168423,2000.5058823823929,2000.6196078658104,2000.7098039388657,2000.800000011921,3001.0,148.18341827392578,156.08434448242187,161.15599670410157,165.26947021484375,169.0087890625,172.75550537109376,176.99861755371094,182.9641296386719,197.9661407470703,346.21929931640625,222.4801,0.0,test_data/Useful/Validation/Three eight at 1ft/WhatsApp Image 2024-08-23 at 10.43.42 (1).jpeg,381.0,164.0,29.8834938111791
52,0.0,1.0,3.0,5.0,7.0,8.0,10.0,12.0,13.0,13.0,14.0,15.0,16.0,16.0,17.0,18.0,18.0,19.0,19.0,20.0,20.0,21.0,21.0,22.0,22.0,22.0,23.0,23.0,23.0,24.0,24.0,24.0,24.0,25.0,25.0,25.0,26.0,26.0,26.0,26.0,27.0,27.0,27.0,27.0,27.0,27.0,28.0,28.0,28.0,28.0,29.0,29.0,29.0,29.0,29.0,30.0,30.0,30.0,30.0,30.0,31.0,31.0,31.0,31.0,31.0,31.0,31.0,32.0,32.0,32.0,32.0,32.0,33.0,33.0,33.0,33.0,33.0,34.0,34.0,34.0,34.0,34.179999999999836,35.0,35.0,35.0,35.0,36.0,36.0,36.0,37.0,37.0,37.0,38.0,38.0,39.0,39.0,40.0,40.0,41.00999999999976,45.0,31.0,1000.3843137323856,1000.54509806633,1000.6745098233223,1000.7764706015587,1000.9215686321259,2000.3843137323856,2000.556862771511,2000.6745098233223,2000.784313738346,3001.0,148.5225067138672,156.36680603027344,161.45204162597656,165.54237365722656,169.26766967773438,173.005029296875,177.20844879150388,183.11233520507812,197.9543914794922,346.2205810546875,222.36679,0.0,test_data/Useful/Validation/Three eight at 1ft/WhatsApp Image 2024-08-23 at 10.43.42.jpeg,384.0,162.0,38.11576497873719
53,0.0,3.0,5.0,7.0,9.0,10.0,12.0,13.0,14.0,15.0,15.889999999999986,16.0,17.0,18.0,18.0,19.0,19.0,20.0,20.0,21.0,21.0,21.0,22.0,22.0,22.0,23.0,23.0,23.0,24.0,24.0,24.0,24.0,25.0,25.0,25.0,26.0,26.0,26.0,26.0,26.0,27.0,27.0,27.0,27.0,27.0,28.0,28.0,28.0,28.0,28.0,29.0,29.0,29.0,29.0,29.0,30.0,30.0,30.0,30.0,30.0,31.0,31.0,31.0,31.0,31.0,31.0,32.0,32.0,32.0,32.0,32.0,33.0,33.0,33.0,33.0,33.0,34.0,34.0,34.0,34.0,34.0,35.0,35.0,35.0,35.0,35.0,36.0,36.0,36.0,36.0,37.0,37.0,38.0,38.0,38.0,39.0,39.0,40.0,41.0,48.0,31.0,1000.392156869173,1000.5607843399048,1000.6862745285034,1000.7960784435272,1000.9960784316063,2000.419607847929,2000.572549045086,2000.6862745285034,2000.7921568751335,3001.0,148.7141586303711,156.57722778320314,161.62940979003906,165.73007202148438,169.40354919433594,173.09195861816406,177.27606201171875,183.1407928466797,198.03988647460938,346.22906494140625,222.55182,0.0,test_data/Useful/Validation/Three eight at 1ft/WhatsApp Image 2024-08-23 at 10.43.43 (1).jpeg,378.0,163.0,25.525834478232724
54,0.0,2.0,4.0,6.0,8.0,9.0,11.0,12.0,13.0,13.0,14.0,15.0,16.0,16.0,17.0,18.0,19.0,19.0,20.0,20.0,21.0,21.0,21.0,22.0,22.0,23.0,23.0,23.0,24.0,24.0,24.0,24.0,25.0,25.0,25.0,25.0,26.0,26.0,26.0,26.0,27.0,27.0,27.0,27.0,27.549999999999955,28.0,28.0,28.0,28.0,29.0,29.0,29.0,29.0,29.0,29.0,30.0,30.0,30.0,30.0,30.0,31.0,31.0,31.0,31.0,31.0,31.0,32.0,32.0,32.0,32.0,32.0,32.0,32.26999999999998,33.0,33.0,33.0,33.0,34.0,34.0,34.0,34.0,34.0,35.0,35.0,35.0,35.0,36.0,36.0,36.0,36.0,37.0,37.0,37.0,38.0,38.0,39.0,39.0,40.0,41.0,46.0,32.0,1000.4352941215038,1000.6235294342041,1000.7607843279839,1000.9254902005196,2000.3568627536297,2000.5098039507866,2000.623529434204,2000.7137255072594,2000.8039215803146,3001.0,148.10355377197266,155.9580871582031,161.0901123046875,165.29090576171876,169.10098266601562,172.81080627441406,177.0975341796875,183.0461883544922,198.18060302734375,346.23126220703125,222.55518,0.0,test_data/Useful/Validation/Three eight at 1ft/WhatsApp Image 2024-08-23 at 10.43.43 (2).jpeg,387.0,161.0,30.287933796170506
55,0.0,2.0,4.0,6.0,8.0,10.0,11.0,12.0,13.0,14.0,15.0,15.0,16.0,17.0,17.0,18.0,18.0,19.0,19.0,20.0,20.0,21.0,21.0,22.0,22.0,22.0,23.0,23.0,23.0,24.0,24.0,24.0,24.0,25.0,25.0,25.0,25.0,26.0,26.0,26.0,26.0,27.0,27.0,27.0,27.0,28.0,28.0,28.0,28.0,28.0,29.0,29.0,29.0,29.0,29.0,29.0,30.0,30.0,30.0,30.0,30.0,31.0,31.0,31.0,31.0,31.0,32.0,32.0,32.0,32.0,32.0,33.0,33.0,33.0,33.0,33.0,33.0,34.0,34.0,34.0,34.0,35.0,35.0,35.0,35.0,35.0,36.0,36.0,36.0,36.0,37.0,37.0,37.0,38.0,38.0,39.0,39.0,40.0,41.0,46.0,29.0,1000.4941176474094,1000.6980392336845,1000.866666674614,2000.3019607961178,2000.4549019634724,2000.5686274766922,2000.6549019813538,2000.7294117808342,2000.8156862854958,3001.0,147.61758422851562,155.5411834716797,160.67745971679688,164.8330535888672,168.58148193359375,172.34640502929688,176.66726684570312,182.71873474121094,197.91323852539062,346.2325744628906,222.84885,0.0,test_data/Useful/Validation/Three eight at 1ft/WhatsApp Image 2024-08-23 at 10.43.43.jpeg,383.0,150.0,31.574060123698462
56,0.0,1.0,4.0,6.0,8.0,9.0,11.0,12.0,13.0,14.0,14.0,15.0,16.0,16.860000000000014,17.0,18.0,18.0,19.0,19.0,20.0,20.0,21.0,21.0,21.0,22.0,22.0,23.0,23.0,23.0,23.0,24.0,24.0,24.0,25.0,25.0,25.0,25.0,25.0,26.0,26.0,26.0,26.0,26.0,27.0,27.0,27.0,27.0,27.0,28.0,28.0,28.0,28.0,28.0,29.0,29.0,29.0,29.0,29.0,29.0,30.0,30.0,30.0,30.0,31.0,31.0,31.0,31.0,31.0,31.0,31.0,32.0,32.0,32.0,32.0,33.0,33.0,33.0,33.0,33.0,34.0,34.0,34.0,34.0,35.0,35.0,35.0,35.0,36.0,36.0,36.0,36.0,37.0,37.0,37.0,38.0,38.0,39.0,40.0,41.0,46.0,31.0,1000.4588235318661,1000.6549019813538,1000.8039215803146,2000.188235297799,2000.4156862795353,2000.54509806633,2000.6431372761726,2000.7254902124405,2000.811764717102,3001.0,147.90538482666017,155.79268798828124,160.86451721191406,164.95021362304686,168.7481231689453,172.50556030273438,176.68951873779295,182.6701202392578,197.83087158203125,346.2319641113281,223.05685,0.0,test_data/Useful/Validation/Three eight at 1ft/WhatsApp Image 2024-08-23 at 10.43.44 (1).jpeg,404.0,161.0,32.446996504212606
57,0.0,2.980000000000004,5.0,7.0,9.0,10.0,12.0,13.0,14.0,15.0,16.0,16.0,17.0,18.0,18.0,19.0,19.0,20.0,20.0,21.0,21.0,21.0,22.0,22.0,22.0,23.0,23.0,23.0,24.0,24.0,24.0,25.0,25.0,25.0,25.0,26.0,26.0,26.0,26.0,26.0,27.0,27.0,27.0,27.0,27.0,28.0,28.0,28.0,28.0,28.0,29.0,29.0,29.0,29.0,29.0,29.0,30.0,30.0,30.0,30.0,30.0,31.0,31.0,31.0,31.0,31.0,31.0,32.0,32.0,32.0,32.0,32.0,33.0,33.0,33.0,33.0,33.0,34.0,34.0,34.0,34.0,34.0,34.0,35.0,35.0,35.0,36.0,36.0,36.0,36.0,37.0,37.0,38.0,38.0,38.0,39.0,39.0,40.0,41.0,46.0,29.0,1000.4392156898975,1000.6156862974167,1000.745098054409,1000.8784313797951,2000.3176470696926,2000.486274510622,2000.6078431606293,2000.7019608020782,2000.800000011921,3001.0,147.67916870117188,155.56466674804688,160.68585205078125,164.843017578125,168.62266540527344,172.46780395507812,176.72990112304686,182.75494384765625,198.22486877441406,346.24462890625,222.79402,0.0,test_data/Useful/Validation/Three eight at 1ft/WhatsApp Image 2024-08-23 at 10.43.44 (2).jpeg,393.0,165.0,30.154517411546113
58,0.0,0.0,2.0,5.0,7.0,8.939999999999998,10.0,11.0,12.0,13.0,14.0,15.0,15.0,16.0,17.0,17.0,18.0,18.0,19.0,19.0,20.0,20.0,21.0,21.0,21.0,22.0,22.0,22.0,23.0,23.0,23.0,24.0,24.0,24.0,25.0,25.0,25.0,25.0,26.0,26.0,26.0,26.0,27.0,27.0,27.0,27.0,28.0,28.0,28.0,28.0,28.0,28.0,29.0,29.0,29.0,29.0,29.0,30.0,30.0,30.0,30.0,30.0,31.0,31.0,31.0,31.0,31.0,31.0,32.0,32.0,32.0,32.0,32.0,33.0,33.0,33.0,33.0,34.0,34.0,34.0,34.0,34.0,35.0,35.0,35.0,35.0,36.0,36.0,36.0,36.0,37.0,37.0,37.0,38.0,38.0,39.0,39.0,40.0,41.0,45.0,31.0,1000.4156862795353,1000.5960784554482,1000.7333333492279,1000.8745098114014,2000.3176470696926,2000.4941176474094,2000.6156862974167,2000.7098039388657,2000.8039215803146,3001.0,148.24522094726564,156.18460083007812,161.22683715820312,165.382568359375,169.0924072265625,172.8194122314453,176.99877319335937,182.96189880371094,198.09896850585938,346.22637939453125,222.63536,0.0,test_data/Useful/Validation/Three eight at 1ft/WhatsApp Image 2024-08-23 at 10.43.44.jpeg,376.0,149.0,29.506333921255212
59,0.0,1.0,3.0,5.0,7.0,9.0,10.0,11.0,12.0,13.0,14.0,15.0,15.0,16.0,17.0,17.840000000000032,18.0,19.0,19.0,20.0,20.0,21.0,21.0,21.0,22.0,22.0,22.0,23.0,23.0,23.0,24.0,24.0,24.0,25.0,25.0,25.0,26.0,26.0,26.0,26.0,26.0,27.0,27.0,27.0,27.0,27.0,28.0,28.0,28.0,28.0,28.0,28.0,29.0,29.0,29.0,29.0,29.0,30.0,30.0,30.0,30.0,30.0,31.0,31.0,31.0,31.0,31.0,31.0,32.0,32.0,32.0,32.0,32.0,33.0,33.0,33.0,33.0,33.0,33.0,34.0,34.0,34.0,34.0,35.0,35.0,35.0,35.0,36.0,36.0,36.0,36.090000000000146,37.0,37.0,38.0,38.0,39.0,39.0,40.0,41.0,44.0,31.0,1000.4156862795353,1000.5960784554482,1000.7333333492279,1000.8705882430077,2000.3098039329052,2000.4941176474094,2000.6156862974167,2000.7098039388657,2000.8039215803146,3001.0,148.51470642089845,156.38359375,161.49864196777344,165.5654754638672,169.27549743652344,172.95143127441406,177.15415954589844,183.01165771484375,198.03768920898438,346.23529052734375,222.73737,0.0,test_data/Useful/Validation/Three eight at 1ft/WhatsApp Image 2024-08-23 at 10.43.45 (1).jpeg,372.0,150.0,30.834598249224456
60,0.0,2.0,5.0,7.0,8.0,10.0,11.0,12.0,13.0,13.0,14.0,15.0,16.0,16.0,16.0,17.0,18.0,18.0,18.0,19.0,20.0,20.0,20.0,21.0,21.0,21.0,21.0,22.0,22.0,22.0,22.0,23.0,23.0,23.0,24.0,24.0,24.0,24.0,24.0,25.0,25.0,25.0,25.0,26.0,26.0,26.0,26.0,26.0,27.0,27.0,27.0,27.0,27.0,28.0,28.0,28.0,28.0,28.0,28.0,29.0,29.0,29.0,29.0,29.0,30.0,30.0,30.0,30.0,30.0,31.0,31.0,31.0,31.0,31.0,31.0,32.0,32.0,32.0,32.0,33.0,33.0,33.0,33.0,34.0,34.0,34.0,34.0,35.0,35.0,35.0,35.0,36.0,36.0,37.0,37.0,38.0,38.0,39.0,40.0,44.0,27.0,1000.4549019634724,1000.6745098233223,1000.8235294222832,2000.1960784345865,2000.4431372582912,2000.5764706134796,2000.6745098233223,2000.7490196228027,2000.8313725590706,3001.0,146.6601821899414,154.59303588867186,159.72872619628905,163.8998229980469,167.68099212646484,171.45992431640624,175.73503570556642,181.7311248779297,197.43386840820312,346.3290710449219,224.0789,0.0,test_data/Useful/Validation/Three eight at 1ft/WhatsApp Image 2024-08-23 at 11.02.00.jpeg,406.0,172.0,30.261344105579425
61,1.0,4.0,8.0,9.0,10.950000000000003,11.0,12.0,13.0,14.0,15.0,15.0,16.0,16.0,17.0,18.0,18.0,18.0,19.0,19.0,20.0,20.0,21.0,21.0,21.0,21.0,22.0,22.0,22.0,23.0,23.0,23.0,23.0,24.0,24.0,24.0,24.0,24.0,25.0,25.0,25.0,25.0,26.0,26.0,26.0,26.0,26.0,27.0,27.0,27.0,27.0,27.0,27.0,28.0,28.0,28.0,28.0,28.0,28.0,29.0,29.0,29.0,29.0,29.0,30.0,30.0,30.0,30.0,30.0,31.0,31.0,31.0,31.0,31.0,31.0,32.0,32.0,32.0,32.0,32.210000000000036,33.0,33.0,33.0,33.0,34.0,34.0,34.0,34.0,35.0,35.0,35.0,36.0,36.0,36.0,37.0,37.0,38.0,38.0,39.0,41.0,45.0,28.0,1000.4392156898975,1000.6549019813538,1000.8039215803146,2000.1215686276555,2000.4235294163227,2000.5647059082985,2000.6666666865349,2000.745098054409,2000.8274509906769,3001.0,147.28147888183594,155.08786010742188,160.2508544921875,164.3059509277344,167.9766387939453,171.705078125,175.9161376953125,181.92266845703125,197.3249053955078,346.31414794921875,223.7999,0.0,test_data/Useful/Validation/Three eight at 1ft/WhatsApp Image 2024-08-23 at 11.02.06.jpeg,368.0,148.0,30.102805107531694
62,1.0,3.0,6.0,8.0,9.0,11.0,12.0,13.0,14.0,14.0,15.0,16.0,17.0,17.0,18.0,18.0,18.0,19.0,19.0,20.0,20.0,20.0,21.0,21.0,22.0,22.0,22.0,22.0,23.0,23.0,23.0,23.680000000000064,24.0,24.0,24.0,24.0,25.0,25.0,25.0,25.0,26.0,26.0,26.0,26.0,26.0,27.0,27.0,27.0,27.0,27.0,27.49000000000001,28.0,28.0,28.0,28.0,29.0,29.0,29.0,29.0,29.0,29.0,30.0,30.0,30.0,30.0,30.0,31.0,31.0,31.0,31.0,31.0,32.0,32.0,32.0,32.0,32.0,32.0,33.0,33.0,33.0,33.0,34.0,34.0,34.0,34.0,35.0,35.0,35.0,35.0,36.0,36.0,36.0,36.0,37.0,37.0,38.0,39.0,40.0,41.0,46.0,29.0,1000.4352941215038,1000.6470588445663,1000.7921568751335,1001.0,2000.4117647111416,2000.5607843399048,2000.6627451181412,2000.7411764860153,2000.8274509906769,3001.0,147.18597412109375,155.18653869628906,160.3012237548828,164.39810180664062,168.07232666015625,171.77743530273438,176.0087890625,181.97769165039062,197.24029541015625,346.3335876464844,223.76059,0.0,test_data/Useful/Validation/Three eight at 1ft/WhatsApp Image 2024-08-23 at 11.02.10 (1).jpeg,368.0,150.0,32.23970674883423
63,0.0,3.0,6.0,8.0,9.0,11.0,12.0,13.0,14.0,14.0,15.0,16.0,16.0,17.0,17.0,18.0,18.0,19.0,19.0,19.0,20.0,20.0,21.0,21.0,22.0,22.0,22.0,22.0,23.0,23.0,23.0,23.0,24.0,24.0,24.0,24.0,24.0,25.0,25.0,25.0,25.0,25.0,26.0,26.0,26.0,26.0,26.0,27.0,27.0,27.0,27.0,27.0,27.470000000000027,28.0,28.0,28.0,28.0,28.0,29.0,29.0,29.0,29.0,29.0,29.0,30.0,30.0,30.0,30.0,31.0,31.0,31.0,31.0,31.0,32.0,32.0,32.0,32.0,32.0,32.210000000000036,33.0,33.0,33.0,33.0,34.0,34.0,34.0,35.0,35.0,35.0,35.0,36.0,36.0,36.0,37.0,37.0,38.0,39.0,39.01999999999998,41.0,49.0,28.0,1000.4392156898975,1000.6666666865349,1000.8235294222832,2000.2078431397676,2000.4509803950787,2000.584313750267,2000.6745098233223,2000.7529411911964,2000.8352941274643,3001.0,147.20961151123046,155.05592346191406,160.1904296875,164.3008270263672,168.11546325683594,171.82374572753906,176.03753967285155,181.9841766357422,197.2607421875,346.31719970703125,224.02167,0.0,test_data/Useful/Validation/Three eight at 1ft/WhatsApp Image 2024-08-23 at 11.02.10.jpeg,399.0,154.0,27.16908724862747
64,1.0,3.0,6.0,8.0,10.0,11.0,12.0,13.0,14.0,14.0,15.0,16.0,16.0,17.0,17.0,18.0,18.0,19.0,19.0,19.0,20.0,20.0,20.0,21.0,21.0,21.0,22.0,22.0,22.0,22.699999999999932,23.0,23.0,23.0,24.0,24.0,24.0,24.0,24.0,25.0,25.0,25.0,25.0,26.0,26.0,26.0,26.0,27.0,27.0,27.0,27.0,27.0,28.0,28.0,28.0,28.0,28.0,28.0,29.0,29.0,29.0,29.0,29.0,30.0,30.0,30.0,30.0,30.0,31.0,31.0,31.0,31.0,31.0,32.0,32.0,32.0,32.0,32.0,33.0,33.0,33.0,33.0,34.0,34.0,34.0,34.0,34.0,35.0,35.0,35.0,36.0,36.0,36.0,36.0,37.0,37.0,38.0,39.0,39.0,40.0,46.0,28.0,1000.4392156898975,1000.6588235497475,1000.8156862854958,2000.188235297799,2000.4431372582912,2000.5803921818733,2000.6745098233223,2000.7490196228027,2000.8352941274643,3001.0,147.23506774902344,155.05570068359376,160.21730041503906,164.33140258789064,168.05259704589844,171.74981994628905,176.02814331054685,181.96730041503906,197.28048706054688,346.31329345703125,223.82016,0.0,test_data/Useful/Validation/Three eight at 1ft/WhatsApp Image 2024-08-23 at 11.02.11 (1).jpeg,376.0,152.0,29.262670000516867
65,1.0,4.0,7.0,8.960000000000008,10.0,11.0,12.0,13.0,14.0,15.0,15.0,16.0,16.0,17.0,18.0,18.0,18.0,19.0,19.0,20.0,20.0,21.0,21.0,21.0,21.0,22.0,22.0,22.0,23.0,23.0,23.0,23.0,24.0,24.0,24.0,24.0,25.0,25.0,25.0,25.0,25.0,26.0,26.0,26.0,26.0,26.0,27.0,27.0,27.0,27.0,27.0,28.0,28.0,28.0,28.0,28.0,28.0,29.0,29.0,29.0,29.0,29.0,29.0,30.0,30.0,30.0,30.0,30.0,31.0,31.0,31.0,31.0,31.0,32.0,32.0,32.0,32.0,32.0,33.0,33.0,33.0,33.0,33.0,34.0,34.0,34.0,35.0,35.0,35.0,35.0,36.0,36.0,36.0,37.0,37.0,38.0,38.0,39.0,40.00999999999976,45.0,28.0,1000.4627451002598,1000.6823529601097,1000.8431372642517,2000.2470588237047,2000.458823531866,2000.584313750267,2000.6745098233223,2000.7490196228027,2000.8313725590706,3001.0,147.21636199951172,155.00051879882812,160.153564453125,164.27816772460938,168.0242156982422,171.71688842773438,175.9488525390625,181.9167938232422,197.28224182128906,346.3128662109375,223.9113,0.0,test_data/Useful/Validation/Three eight at 1ft/WhatsApp Image 2024-08-23 at 11.02.11 (2).jpeg,381.0,158.0,33.324362875604784
66,2.0,4.980000000000004,7.0,8.0,10.0,11.0,12.0,13.0,14.0,14.0,15.0,16.0,16.0,17.0,17.0,18.0,18.0,19.0,19.0,19.0,20.0,20.0,20.0,21.0,21.0,21.0,22.0,22.0,22.0,22.0,23.0,23.0,23.0,23.0,24.0,24.0,24.0,24.0,25.0,25.0,25.0,25.0,26.0,26.0,26.0,26.0,26.0,27.0,27.0,27.0,27.0,27.0,28.0,28.0,28.0,28.0,28.0,28.0,29.0,29.0,29.0,29.0,29.0,29.0,30.0,30.0,30.0,30.0,30.0,31.0,31.0,31.0,31.0,31.0,32.0,32.0,32.0,32.0,33.0,33.0,33.0,33.0,33.0,34.0,34.0,34.0,34.0,35.0,35.0,35.0,36.0,36.0,36.0,37.0,37.0,38.0,38.0,39.0,40.0,45.0,29.0,1000.4313725531101,1000.6431372761726,1000.7882353067398,1000.9921568632126,2000.4000000059605,2000.556862771511,2000.6588235497475,2000.7411764860153,2000.8235294222832,3001.0,146.99344787597656,154.82676391601564,159.97762298583984,164.05164794921876,167.78065490722656,171.5451690673828,175.81463623046875,181.8031005859375,197.24708557128906,346.3197021484375,224.00272,0.0,test_data/Useful/Validation/Three eight at 1ft/WhatsApp Image 2024-08-23 at 11.02.11.jpeg,383.0,154.0,30.11702367153855
67,0.0,2.980000000000004,6.0,8.0,10.0,11.0,12.0,13.0,14.0,15.0,15.0,16.0,16.0,17.0,17.0,18.0,18.0,19.0,19.0,19.0,20.0,20.0,21.0,21.0,21.0,22.0,22.0,22.0,22.0,23.0,23.0,23.0,24.0,24.0,24.0,24.0,25.0,25.0,25.0,25.0,25.0,26.0,26.0,26.0,26.0,26.0,27.0,27.0,27.0,27.0,27.0,27.0,28.0,28.0,28.0,28.0,28.0,29.0,29.0,29.0,29.0,29.0,30.0,30.0,30.0,30.0,30.0,30.0,31.0,31.0,31.0,31.0,31.0,31.0,32.0,32.0,32.0,32.0,32.0,33.0,33.0,33.0,33.0,33.0,34.0,34.0,34.0,34.11999999999989,35.0,35.0,35.0,36.0,36.0,36.0,37.0,37.0,38.0,39.0,40.0,44.0,30.0,1000.4980392158031,1000.7215686440468,1000.9019607901573,2000.3215686380863,2000.4901960790157,2000.6039215922356,2000.6862745285034,2000.7529411911964,2000.8352941274643,3001.0,147.09979095458985,154.9328155517578,159.9657745361328,163.9641571044922,167.66807556152344,171.42462158203125,175.66464233398438,181.65777587890625,197.3126220703125,346.3153381347656,223.75314,0.0,test_data/Useful/Validation/Three eight at 1ft/WhatsApp Image 2024-08-23 at 11.02.12 (1).jpeg,353.0,139.0,29.360199940242147
68,0.0,4.0,6.0,7.0,9.0,10.0,11.0,12.0,13.0,14.0,15.0,15.0,16.0,16.0,17.0,17.0,18.0,18.0,19.0,19.0,20.0,20.0,20.0,21.0,21.0,21.0,22.0,22.0,22.0,22.699999999999932,23.0,23.0,23.0,23.0,24.0,24.0,24.0,24.0,24.0,25.0,25.0,25.0,25.0,26.0,26.0,26.0,26.0,26.0,27.0,27.0,27.0,27.0,27.0,27.0,28.0,28.0,28.0,28.0,28.0,28.0,29.0,29.0,29.0,29.0,30.0,30.0,30.0,30.0,30.0,31.0,31.0,31.0,31.0,31.0,31.0,32.0,32.0,32.0,32.0,33.0,33.0,33.0,33.0,34.0,34.0,34.0,34.0,35.0,35.0,35.0,35.0,36.0,36.0,37.0,37.0,38.0,38.0,39.0,40.0,43.0,28.0,1000.4431372582912,1000.6627451181412,1000.8156862854958,2000.2000000029802,2000.4509803950787,2000.584313750267,2000.6745098233223,2000.7490196228027,2000.8352941274643,3001.0,147.29141082763672,155.03440856933594,160.17930603027344,164.3109130859375,168.02232360839844,171.75320434570312,175.9244384765625,181.86883544921875,197.3386993408203,346.3145446777344,224.17831,0.0,test_data/Useful/Validation/Three eight at 1ft/WhatsApp Image 2024-08-23 at 11.02.12 (2).jpeg,395.0,151.0,27.32713615875132
69,1.0,3.0,5.0,7.0,9.0,10.0,11.930000000000007,13.0,13.909999999999997,14.0,15.0,16.0,16.870000000000005,17.0,18.0,18.0,19.0,19.0,19.0,20.0,20.0,20.0,21.0,21.0,21.0,22.0,22.0,22.0,22.0,23.0,23.0,23.0,24.0,24.0,24.0,24.0,24.0,25.0,25.0,25.0,25.0,25.0,26.0,26.0,26.0,26.0,26.0,27.0,27.0,27.0,27.0,27.0,28.0,28.0,28.0,28.0,28.0,28.419999999999845,29.0,29.0,29.0,29.0,29.0,30.0,30.0,30.0,30.0,30.0,31.0,31.0,31.0,31.0,31.0,32.0,32.0,32.0,32.0,32.0,33.0,33.0,33.0,33.0,34.0,34.0,34.0,34.0,35.0,35.0,35.0,36.0,36.0,36.0,36.0,37.0,37.0,38.0,38.029999999999745,39.0,40.00999999999976,45.0,28.0,1000.4901960790157,1000.7137255072594,1000.8941176533699,2000.3098039329052,2000.486274510622,2000.6000000238419,2000.6823529601097,2000.7529411911964,2000.8352941274643,3001.0,146.8367156982422,154.65753173828125,159.81781005859375,163.94637145996094,167.65912628173828,171.45362854003906,175.7106719970703,181.61607055664064,197.224853515625,346.3119812011719,224.0722,0.0,test_data/Useful/Validation/Three eight at 1ft/WhatsApp Image 2024-08-23 at 11.02.12.jpeg,344.0,139.0,29.188060986187626
70,2.0,5.0,7.0,8.0,10.0,11.0,12.0,13.0,14.0,14.0,15.0,15.0,16.0,17.0,17.0,17.0,18.0,18.0,19.0,19.0,20.0,20.0,20.0,21.0,21.0,21.0,21.0,22.0,22.0,22.0,23.0,23.0,23.0,23.0,23.0,24.0,24.0,24.0,24.0,25.0,25.0,25.0,25.0,26.0,26.0,26.0,26.0,27.0,27.0,27.0,27.0,28.0,28.0,28.0,28.0,28.0,29.0,29.0,29.0,29.0,29.0,29.0,30.0,30.0,30.0,30.0,30.0,31.0,31.0,31.0,31.0,31.0,31.0,32.0,32.0,32.0,32.0,32.0,32.0,33.0,33.0,33.0,33.0,34.0,34.0,34.0,35.0,35.0,35.0,35.0,36.0,36.0,36.0,37.0,37.0,38.0,38.0,39.0,40.0,46.0,32.0,1000.4588235318661,1000.678431391716,1000.8352941274643,2000.2235294133425,2000.4509803950787,2000.5803921818733,2000.6745098233223,2000.7490196228027,2000.8313725590706,3001.0,147.10031127929688,154.9974365234375,160.0666763305664,164.19700927734374,167.8741683959961,171.6193634033203,175.85210571289062,181.8398895263672,197.1212158203125,346.3067321777344,224.00317,0.0,test_data/Useful/Validation/Three eight at 1ft/WhatsApp Image 2024-08-23 at 11.02.13 (1).jpeg,361.0,149.0,30.66673115492249
71,0.0,3.0,5.0,7.0,8.0,9.0,11.0,12.0,13.0,13.0,14.0,15.0,15.0,16.0,16.0,17.0,17.0,18.0,18.0,19.0,19.0,19.0,20.0,20.0,21.0,21.0,21.0,22.0,22.0,22.0,22.0,23.0,23.0,23.0,23.0,24.0,24.0,24.0,24.0,24.0,25.0,25.0,25.0,25.0,26.0,26.0,26.0,26.0,26.0,26.0,27.0,27.0,27.0,27.0,27.450000000000045,28.0,28.0,28.0,28.0,29.0,29.0,29.0,29.0,29.0,29.0,30.0,30.0,30.0,30.0,30.0,31.0,31.0,31.0,31.0,31.25,32.0,32.0,32.0,32.0,33.0,33.0,33.0,33.0,33.0,34.0,34.0,34.0,35.0,35.0,35.0,35.0,36.0,36.0,37.0,37.0,38.0,38.0,39.0,40.0,47.0,26.0,1000.4784313738346,1000.7019608020782,1000.866666674614,2000.2745098173618,2000.4666666686535,2000.5882353186607,2000.678431391716,2000.7490196228027,2000.8313725590706,3001.0,146.78009948730468,154.6773223876953,159.87867736816406,163.96087646484375,167.73361206054688,171.488525390625,175.66551208496094,181.7858459472656,197.14004516601562,346.30450439453125,223.88364,0.0,test_data/Useful/Validation/Three eight at 1ft/WhatsApp Image 2024-08-23 at 11.02.13 (2).jpeg,350.0,129.0,30.75544079132995
72,1.0,3.0,6.0,8.0,10.0,11.0,12.0,13.0,13.0,14.0,15.0,16.0,16.0,16.0,17.0,18.0,18.0,19.0,19.0,19.0,20.0,20.0,20.0,21.0,21.0,21.0,22.0,22.0,22.0,22.0,23.0,23.0,23.0,23.0,24.0,24.0,24.0,24.0,24.610000000000014,25.0,25.0,25.0,25.0,26.0,26.0,26.0,26.0,26.0,27.0,27.0,27.0,27.0,27.0,27.0,28.0,28.0,28.0,28.0,28.0,29.0,29.0,29.0,29.0,29.0,30.0,30.0,30.0,30.0,30.0,31.0,31.0,31.0,31.0,31.0,32.0,32.0,32.0,32.0,33.0,33.0,33.0,33.0,33.0,34.0,34.0,34.0,34.0,35.0,35.0,35.0,36.0,36.0,36.0,37.0,37.0,38.0,39.0,39.0,40.0,43.0,27.0,1000.4745098054409,1000.6941176652908,1000.8627451062202,2000.2784313857555,2000.4705882370472,2000.5921568870544,2000.678431391716,2000.7490196228027,2000.8313725590706,3001.0,146.6441619873047,154.51280212402344,159.73379516601562,163.87384033203125,167.67845153808594,171.4228973388672,175.69744873046875,181.76065063476562,197.3606719970703,346.3089294433594,224.21745,0.0,test_data/Useful/Validation/Three eight at 1ft/WhatsApp Image 2024-08-23 at 11.02.13.jpeg,359.0,141.0,32.123778261917884
73,0.0,3.0,5.0,7.0,8.0,10.0,11.0,12.0,13.0,14.0,14.0,15.0,16.0,16.0,17.0,17.0,18.0,18.0,18.0,19.0,19.0,20.0,20.0,20.0,20.0,21.0,21.0,21.0,22.0,22.0,22.0,22.0,23.0,23.0,23.0,24.0,24.0,24.0,24.0,25.0,25.0,25.0,25.0,25.559999999999945,26.0,26.0,26.0,26.0,27.0,27.0,27.0,27.0,27.0,28.0,28.0,28.0,28.0,28.0,28.0,29.0,29.0,29.0,29.0,29.0,30.0,30.0,30.0,30.0,30.0,31.0,31.0,31.0,31.0,31.0,32.0,32.0,32.0,32.0,33.0,33.0,33.0,33.0,33.0,34.0,34.0,34.0,34.0,35.0,35.0,35.0,35.0,36.0,36.0,37.0,37.0,38.0,38.0,39.0,40.0,44.0,28.0,1000.4627451002598,1000.6823529601097,1000.8431372642517,2000.2470588237047,2000.4549019634724,2000.5803921818733,2000.6745098233223,2000.745098054409,2000.8274509906769,3001.0,146.44866943359375,154.42254638671875,159.5201873779297,163.68064880371094,167.49127197265625,171.24229431152344,175.50413513183594,181.6157684326172,197.1555938720703,346.3076171875,224.37952,0.0,test_data/Useful/Validation/Three eight at 1ft/WhatsApp Image 2024-08-23 at 11.02.14 (1).jpeg,343.0,132.0,31.48196949452077
74,0.0,3.0,5.0,7.0,9.0,10.0,11.0,12.0,13.0,14.0,14.0,15.0,16.0,16.0,17.0,17.0,18.0,18.0,18.0,19.0,19.0,20.0,20.0,20.0,21.0,21.0,21.0,21.0,22.0,22.0,23.0,23.0,23.0,23.0,23.0,24.0,24.0,24.0,24.0,25.0,25.0,25.0,25.0,26.0,26.0,26.0,26.0,26.0,27.0,27.0,27.0,27.0,27.0,28.0,28.0,28.0,28.0,28.0,28.0,29.0,29.0,29.0,29.0,29.0,30.0,30.0,30.0,30.0,30.0,31.0,31.0,31.0,31.0,31.0,31.0,32.0,32.0,32.0,32.0,33.0,33.0,33.0,33.0,34.0,34.0,34.0,34.13000000000011,35.0,35.0,35.0,36.0,36.0,36.0,37.0,37.0,37.039999999999964,38.0,39.0,40.0,46.0,31.0,1000.4745098054409,1000.7019608020782,1000.8784313797951,2000.298039227724,2000.4784313738346,2000.5960784554482,2000.6823529601097,2000.7529411911964,2000.8352941274643,3001.0,146.80593872070312,154.7221435546875,159.86249542236328,163.9885284423828,167.7495880126953,171.49431762695312,175.72572326660156,181.73797607421875,197.1709442138672,346.2989807128906,224.1484,0.0,test_data/Useful/Validation/Three eight at 1ft/WhatsApp Image 2024-08-23 at 11.02.14 (2).jpeg,373.0,137.0,34.413005006914574
75,1.0,5.0,7.0,9.0,10.0,11.0,12.0,13.0,14.0,15.0,15.0,16.0,17.0,17.0,18.0,18.0,19.0,19.0,20.0,20.0,20.0,21.0,21.0,21.0,22.0,22.0,22.0,22.0,23.0,23.0,23.0,23.0,24.0,24.0,24.0,24.0,25.0,25.0,25.0,25.0,26.0,26.0,26.0,26.0,26.0,27.0,27.0,27.0,27.0,27.0,28.0,28.0,28.0,28.0,28.0,28.0,29.0,29.0,29.0,29.0,29.0,29.0,30.0,30.0,30.0,30.0,30.0,31.0,31.0,31.0,31.0,31.0,31.0,32.0,32.0,32.0,32.0,32.0,33.0,33.0,33.0,33.0,34.0,34.0,34.0,34.0,35.0,35.0,35.0,35.0,36.0,36.0,36.0,37.0,37.0,38.0,38.0,39.0,41.0,46.0,29.0,1000.3490196168423,1000.5568627715111,1000.6941176652908,1000.7803921699524,1000.8588235378265,1000.9450980424881,2000.2666666805744,2000.5921568870544,2000.7607843279839,3001.0,147.68296813964844,155.68544006347656,160.79603576660156,164.9773406982422,168.7256622314453,172.3545684814453,176.57666015625,182.43731689453125,197.39096069335938,346.34283447265625,224.16776,0.0,test_data/Useful/Validation/Three eight at 1ft/WhatsApp Image 2024-08-23 at 11.02.14.jpeg,356.0,140.0,28.25214159277029
76,2.0,4.0,7.0,8.960000000000008,10.0,11.0,12.0,13.0,14.0,15.0,15.0,16.0,16.0,17.0,17.0,18.0,18.0,19.0,19.0,19.0,20.0,20.0,21.0,21.0,21.0,22.0,22.0,22.0,22.0,23.0,23.0,23.0,24.0,24.0,24.0,24.0,25.0,25.0,25.0,25.0,25.0,26.0,26.0,26.0,26.0,27.0,27.0,27.0,27.0,27.0,28.0,28.0,28.0,28.0,28.0,29.0,29.0,29.0,29.0,29.0,30.0,30.0,30.0,30.0,30.0,31.0,31.0,31.0,31.0,31.0,31.0,32.0,32.0,32.0,32.0,32.0,33.0,33.0,33.0,33.0,34.0,34.0,34.0,34.0,34.0,34.0,35.0,35.0,35.0,35.09999999999991,36.0,36.0,36.0,37.0,37.0,38.0,39.0,40.0,41.0,43.0,31.0,1000.2980392277241,1000.4941176474094,1000.6196078658104,1000.7372549176216,2000.1294117718935,2000.392156869173,2000.5372549295425,2000.6313725709915,2000.717647075653,3000.9764705896378,148.2084945678711,156.01889038085938,161.17095947265625,165.3333740234375,169.09378051757812,172.7418212890625,176.783203125,182.6993591308594,197.30499267578125,345.9150390625,223.50844,0.0,test_data/Useful/Validation/Three eight at 1ft/WhatsApp Image 2024-08-23 at 11.02.15 (1).jpeg,342.0,129.0,36.197458477590516
77,0.0,4.0,6.0,8.0,10.0,10.0,12.0,13.0,14.0,14.0,15.0,16.0,16.0,17.0,17.0,18.0,18.0,19.0,19.0,20.0,20.0,20.0,21.0,21.0,21.0,21.0,22.0,22.0,22.0,23.0,23.0,23.0,23.0,23.0,24.0,24.0,24.0,24.0,25.0,25.0,25.0,25.0,26.0,26.0,26.0,26.0,27.0,27.0,27.0,27.0,27.0,28.0,28.0,28.0,28.0,28.0,29.0,29.0,29.0,29.0,29.0,30.0,30.0,30.0,30.0,30.0,31.0,31.0,31.0,31.0,32.0,32.0,32.0,32.0,32.0,33.0,33.0,33.0,33.0,33.0,33.0,34.0,34.0,34.0,34.0,35.0,35.0,35.0,35.0,36.0,36.0,36.0,37.0,37.0,37.0,38.0,38.0,39.0,40.0,45.0,33.0,1000.3098039329052,1000.5019608139992,1000.6274510025978,1000.7529411911964,2000.188235297799,2000.4156862795353,2000.5490196347237,2000.6352941393852,2000.7215686440468,3001.0,148.46534729003906,156.25637817382812,161.34736022949218,165.47780151367186,169.1574478149414,172.8062744140625,176.92752075195312,182.7407684326172,197.25259399414062,345.910888671875,223.33545,0.0,test_data/Useful/Validation/Three eight at 1ft/WhatsApp Image 2024-08-23 at 11.02.15 (2).jpeg,319.0,104.0,33.26350166087137
78,1.0,4.0,6.0,8.0,10.0,12.0,12.930000000000007,13.920000000000016,14.0,15.0,16.0,16.0,17.0,18.0,18.0,18.0,19.0,19.0,20.0,20.0,20.0,21.0,21.0,21.0,22.0,22.0,22.0,23.0,23.0,23.0,23.0,24.0,24.0,24.0,24.0,25.0,25.0,25.0,25.0,26.0,26.0,26.0,26.0,27.0,27.0,27.0,27.0,27.0,27.0,28.0,28.0,28.0,28.0,28.0,29.0,29.0,29.0,29.0,29.0,29.0,30.0,30.0,30.0,30.0,30.0,31.0,31.0,31.0,31.0,31.0,31.0,31.0,32.0,32.0,32.0,32.0,32.23000000000002,33.0,33.0,33.0,33.0,34.0,34.0,34.0,34.0,35.0,35.0,35.0,35.0,36.0,36.0,36.0,37.0,37.0,37.0,38.0,39.0,39.0,40.0,45.0,31.0,1000.3490196168423,1000.5607843399048,1000.6941176652908,1000.7843137383461,1000.8627451062202,1000.9647058844566,2000.3764705955982,2000.6313725709915,2000.7803921699524,3001.0,148.11387634277344,155.95919189453124,161.03384552001953,165.16470336914062,168.88619995117188,172.5943664550781,176.7758804321289,182.58790893554686,197.71263122558594,346.33770751953125,223.64322,0.0,test_data/Useful/Validation/Three eight at 1ft/WhatsApp Image 2024-08-23 at 11.02.15.jpeg,333.0,118.0,32.4155671199334
79,3.0,4.0,6.969999999999999,9.0,10.0,11.0,12.0,13.0,14.0,15.0,15.889999999999986,16.0,17.0,17.0,17.0,18.0,19.0,19.0,19.0,20.0,20.0,20.0,21.0,21.0,21.0,22.0,22.0,22.0,22.0,23.0,23.0,23.0,23.0,24.0,24.0,24.0,24.629999999999995,25.0,25.0,25.0,25.0,26.0,26.0,26.0,26.0,27.0,27.0,27.0,27.0,27.0,27.0,28.0,28.0,28.0,28.0,28.0,28.0,29.0,29.0,29.0,29.0,30.0,30.0,30.0,30.0,30.0,30.0,31.0,31.0,31.0,31.0,31.0,32.0,32.0,32.0,32.0,32.0,33.0,33.0,33.0,33.0,33.0,34.0,34.0,34.0,34.0,35.0,35.0,35.0,35.0,36.0,36.0,37.0,37.0,38.0,38.0,39.0,40.0,41.0,46.0,28.0,1000.2980392277241,1000.4823529422283,1000.6078431606293,1000.7137255072594,2000.023529412225,2000.352941185236,2000.517647087574,2000.6196078658104,2000.7137255072594,3001.0,147.41979370117187,155.2929229736328,160.46905517578125,164.5826873779297,168.31000518798828,172.05401916503905,176.24810791015625,182.2335662841797,197.3627471923828,345.9119873046875,223.73868,0.0,test_data/Useful/Validation/Three eight at 1ft/WhatsApp Image 2024-08-23 at 11.02.16 (1).jpeg,360.0,142.0,25.236345482025683
80,1.0,4.0,6.969999999999999,8.0,10.0,12.0,13.0,14.0,15.0,15.0,16.0,17.0,17.0,18.0,18.0,18.0,19.0,19.0,20.0,20.0,20.789999999999964,21.0,21.0,21.0,22.0,22.0,22.0,23.0,23.0,23.0,24.0,24.0,24.0,24.0,25.0,25.0,25.0,25.0,26.0,26.0,26.0,26.0,27.0,27.0,27.0,27.0,27.0,27.0,28.0,28.0,28.0,28.0,28.0,28.0,29.0,29.0,29.0,29.0,29.0,30.0,30.0,30.0,30.0,30.0,30.0,31.0,31.0,31.0,31.0,31.0,31.0,32.0,32.0,32.0,32.0,32.24000000000001,33.0,33.0,33.0,33.0,34.0,34.0,34.0,34.0,35.0,35.0,35.0,35.0,36.0,36.0,36.0,37.0,37.0,37.0,38.0,38.0,39.0,40.0,41.0,47.0,29.0,1000.2117647081614,1000.3960784375668,1000.5333333611488,1000.6352941393852,1000.7294117808342,1000.9529411792755,2000.4235294163227,2000.6078431606293,2000.717647075653,3001.0,149.1426803588867,156.93170166015625,162.06106567382812,166.13516235351562,169.86073303222656,173.53074951171874,177.65261840820312,183.39730834960938,197.8274688720703,345.852783203125,222.65125,0.0,test_data/Useful/Validation/Three eight at 1ft/WhatsApp Image 2024-08-23 at 11.02.44 (1).jpeg,335.0,131.0,33.69265649898431
81,2.0,6.0,8.0,10.0,11.0,12.0,13.0,14.0,15.0,15.0,16.0,16.0,17.0,18.0,18.0,19.0,19.0,20.0,20.0,20.0,21.0,21.0,22.0,22.0,22.0,22.0,23.0,23.0,23.0,24.0,24.0,24.0,24.0,24.660000000000082,25.0,25.0,25.0,25.0,26.0,26.0,26.0,26.0,26.0,27.0,27.0,27.0,27.0,27.0,28.0,28.0,28.0,28.0,28.0,28.0,29.0,29.0,29.0,29.0,30.0,30.0,30.0,30.0,30.0,30.0,31.0,31.0,31.0,31.0,31.0,31.0,32.0,32.0,32.0,32.0,33.0,33.0,33.0,33.0,33.0,34.0,34.0,34.0,34.0,35.0,35.0,35.0,35.0,36.0,36.0,36.0,36.0,37.0,37.0,37.0,38.0,38.0,39.0,40.0,41.0,46.0,30.0,1000.2000000029802,1000.3725490272045,1000.5058823823929,1000.6078431606293,1000.6941176652908,1000.811764717102,2000.3333333432674,2000.584313750267,2000.705882370472,3000.988235294819,148.4491394042969,156.29661560058594,161.43045043945312,165.5658721923828,169.29400634765625,172.99608764648437,177.16015625,182.96669006347656,197.80789184570312,345.84490966796875,223.04414,0.0,test_data/Useful/Validation/Three eight at 1ft/WhatsApp Image 2024-08-23 at 11.02.44.jpeg,341.0,140.0,22.879639864129672
82,0.0,3.980000000000004,5.0,7.0,9.0,11.0,12.0,13.0,14.0,15.0,15.0,16.0,17.0,17.0,18.0,18.840000000000032,19.0,19.819999999999993,20.0,20.0,21.0,21.0,21.0,22.0,22.0,22.0,23.0,23.0,23.0,23.0,24.0,24.0,24.0,24.0,25.0,25.0,25.0,25.0,26.0,26.0,26.0,26.0,27.0,27.0,27.0,27.0,27.0,28.0,28.0,28.0,28.0,28.0,29.0,29.0,29.0,29.0,29.0,29.0,30.0,30.0,30.0,30.0,30.0,31.0,31.0,31.0,31.0,31.0,31.0,32.0,32.0,32.0,32.0,32.0,32.0,33.0,33.0,33.0,33.0,33.200000000000045,34.0,34.0,34.0,34.0,35.0,35.0,35.0,35.0,35.0,36.0,36.0,37.0,37.0,37.0,38.0,39.0,39.0,40.0,41.0,47.0,30.0,1000.2078431397676,1000.3882353007793,1000.5254902243614,1000.6274510025978,1000.7215686440468,1000.8980392217636,2000.4000000059605,2000.5960784554482,2000.705882370472,3001.0,148.5227508544922,156.40943908691406,161.49349975585938,165.58544921875,169.28924560546875,173.05511474609375,177.22430419921875,183.09384155273438,197.75643920898438,345.8385009765625,222.84708,0.0,test_data/Useful/Validation/Three eight at 1ft/WhatsApp Image 2024-08-23 at 11.02.45 (1).jpeg,338.0,122.0,29.906667089639548
83,1.990000000000002,4.0,6.0,8.0,9.0,11.0,12.0,13.0,14.0,15.0,15.0,16.0,17.0,17.0,18.0,18.0,19.0,19.0,19.0,20.0,20.0,21.0,21.0,21.0,22.0,22.0,22.0,22.0,23.0,23.0,23.0,23.0,24.0,24.0,24.0,25.0,25.0,25.0,25.0,25.0,26.0,26.0,26.0,26.0,27.0,27.0,27.0,27.0,27.0,28.0,28.0,28.0,28.0,28.0,29.0,29.0,29.0,29.0,29.0,29.0,30.0,30.0,30.0,30.0,30.0,31.0,31.0,31.0,31.0,31.0,32.0,32.0,32.0,32.0,32.0,33.0,33.0,33.0,33.0,33.0,33.0,34.0,34.0,34.0,34.0,35.0,35.0,35.0,36.0,36.0,36.0,37.0,37.0,38.0,38.0,39.0,39.0,40.0,42.0,46.0,29.0,1000.1960784345865,1000.3686274588108,1000.5019608139992,1000.6039215922356,1000.6901960968971,1000.7921568751335,2000.2666666805744,2000.572549045086,2000.705882370472,3001.0,149.1369369506836,156.84238891601564,161.84454345703125,165.9490966796875,169.682373046875,173.3206787109375,177.4668426513672,183.25506591796875,197.77407836914062,345.8572998046875,222.70908,0.0,test_data/Useful/Validation/Three eight at 1ft/WhatsApp Image 2024-08-23 at 11.02.45 (2).jpeg,376.0,145.0,20.0
84,1.0,4.0,6.0,8.0,10.0,11.0,12.0,13.0,14.0,14.0,15.0,16.0,16.0,17.0,17.0,18.0,18.0,19.0,19.0,20.0,20.0,21.0,21.0,21.0,22.0,22.0,22.0,22.0,23.0,23.0,23.0,24.0,24.0,24.0,24.0,25.0,25.0,25.0,25.0,26.0,26.0,26.0,26.0,27.0,27.0,27.0,27.0,27.0,28.0,28.0,28.0,28.0,28.0,29.0,29.0,29.0,29.0,29.0,29.0,30.0,30.0,30.0,30.0,30.0,31.0,31.0,31.0,31.0,31.0,32.0,32.0,32.0,32.0,32.0,33.0,33.0,33.0,33.0,33.0,33.0,34.0,34.0,34.0,34.0,34.0,35.0,35.0,35.0,36.0,36.0,36.0,36.0,37.0,37.0,38.0,38.0,39.0,40.0,41.0,47.0,29.0,1000.2117647081614,1000.3960784375668,1000.5333333611488,1000.6352941393852,1000.7333333492279,1000.9254902005196,2000.4235294163227,2000.611764729023,2000.7215686440468,3001.0,148.65396118164062,156.49534912109374,161.6830276489258,165.7792755126953,169.46271514892578,173.12452697753906,177.3759307861328,183.16900634765625,197.91358947753906,345.8648681640625,222.62137,0.0,test_data/Useful/Validation/Three eight at 1ft/WhatsApp Image 2024-08-23 at 11.02.45 (3).jpeg,357.0,136.0,29.402850925080607
85,0.0,3.0,6.969999999999999,8.0,10.0,11.939999999999998,13.0,14.0,14.909999999999997,15.0,16.0,17.0,17.0,18.0,19.0,19.0,19.0,20.0,20.0,21.0,21.0,21.0,22.0,22.0,23.0,23.0,23.0,23.0,23.0,24.0,24.0,24.0,24.0,25.0,25.0,25.0,25.0,25.0,26.0,26.0,26.0,26.0,27.0,27.0,27.0,27.0,27.0,27.0,28.0,28.0,28.0,28.0,28.0,29.0,29.0,29.0,29.0,29.0,30.0,30.0,30.0,30.0,30.0,30.360000000000127,31.0,31.0,31.0,31.0,31.0,32.0,32.0,32.0,32.0,32.0,33.0,33.0,33.0,33.0,33.0,34.0,34.0,34.0,34.0,35.0,35.0,35.0,35.0,35.0,36.0,36.0,36.0,36.0,37.0,37.0,38.0,38.0,39.0,40.0,41.0,45.0,30.0,1000.2000000029802,1000.3764705955982,1000.5098039507866,1000.611764729023,1000.6901960968971,1000.7882353067398,2000.243137255311,2000.5686274766922,2000.705882370472,3000.9960784316063,148.74957275390625,156.64633178710938,161.76678466796875,165.94000244140625,169.6425552368164,173.3418487548828,177.52801513671875,183.3050537109375,198.01812744140625,345.87310791015625,222.6253,0.0,test_data/Useful/Validation/Three eight at 1ft/WhatsApp Image 2024-08-23 at 11.02.45.jpeg,314.0,107.0,31.05129222669809
86,1.0,5.0,7.0,9.0,10.0,11.0,12.0,13.0,14.0,15.0,16.0,16.0,17.0,18.0,18.0,19.0,19.0,20.0,20.0,20.0,21.0,21.0,21.0,22.0,22.0,22.0,23.0,23.0,23.0,23.0,24.0,24.0,24.0,24.0,25.0,25.0,25.0,25.0,26.0,26.0,26.0,26.0,26.0,27.0,27.0,27.0,27.0,28.0,28.0,28.0,28.0,28.0,28.0,29.0,29.0,29.0,29.0,29.0,30.0,30.0,30.0,30.0,30.0,30.0,31.0,31.0,31.0,31.0,31.0,32.0,32.0,32.0,32.0,32.0,33.0,33.0,33.0,33.0,33.0,34.0,34.0,34.0,34.0,35.0,35.0,35.0,35.0,36.0,36.0,36.0,37.0,37.0,37.0,38.0,38.0,39.0,39.0,40.0,41.0,46.0,28.0,1000.1960784345865,1000.3686274588108,1000.5019608139992,1000.6000000238419,1000.6823529601097,1000.7803921699524,2000.2078431397676,2000.5529412031174,2000.6980392336845,3001.0,148.4818084716797,156.29293823242188,161.51063232421876,165.62886962890624,169.42367553710938,173.1349609375,177.29375457763672,183.17904357910157,197.89962768554688,345.8509521484375,222.77534,0.0,test_data/Useful/Validation/Three eight at 1ft/WhatsApp Image 2024-08-23 at 11.02.46 (1).jpeg,358.0,144.0,29.842347645632987
87,2.0,6.0,8.0,10.0,11.0,12.0,13.0,14.0,15.0,15.0,16.0,17.0,17.0,18.0,19.0,19.0,19.0,20.0,20.0,21.0,21.0,21.0,22.0,22.0,22.0,23.0,23.0,23.0,23.0,24.0,24.0,24.0,24.0,24.0,25.0,25.0,25.0,25.0,26.0,26.0,26.0,26.0,26.0,27.0,27.0,27.0,27.0,28.0,28.0,28.0,28.0,28.0,28.0,29.0,29.0,29.0,29.0,29.0,29.0,30.0,30.0,30.0,30.0,30.0,31.0,31.0,31.0,31.0,31.0,31.0,32.0,32.0,32.0,32.0,32.0,33.0,33.0,33.0,33.0,33.0,34.0,34.0,34.0,34.0,35.0,35.0,35.0,35.0,36.0,36.0,36.0,37.0,37.0,37.0,38.0,39.0,39.0,40.0,41.0,44.0,31.0,1000.2078431397676,1000.3803921639919,1000.5137255191803,1000.611764729023,1000.6941176652908,1000.8039215803146,2000.3176470696926,2000.5764706134796,2000.6980392336845,3000.9960784316063,148.07374572753906,156.0483612060547,161.14083557128907,165.2564270019531,169.0064239501953,172.76702270507812,177.04604949951172,182.98989868164062,197.9745330810547,345.85394287109375,222.86116,0.0,test_data/Useful/Validation/Three eight at 1ft/WhatsApp Image 2024-08-23 at 11.02.46.jpeg,359.0,151.0,28.097156750248093
88,1.0,3.0,6.969999999999999,8.0,9.0,11.0,12.0,13.0,14.0,15.0,16.0,16.0,17.0,17.0,18.0,18.0,19.0,19.0,20.0,20.0,21.0,21.0,21.0,22.0,22.0,22.74000000000001,23.0,23.0,23.0,23.0,24.0,24.0,24.0,25.0,25.0,25.0,25.0,26.0,26.0,26.0,26.0,26.0,27.0,27.0,27.0,27.0,27.0,28.0,28.0,28.0,28.0,28.480000000000018,29.0,29.0,29.0,29.0,29.0,30.0,30.0,30.0,30.0,30.0,30.0,31.0,31.0,31.0,31.0,31.0,31.0,32.0,32.0,32.0,32.0,32.0,33.0,33.0,33.0,33.0,34.0,34.0,34.0,34.0,34.0,35.0,35.0,35.0,36.0,36.0,36.0,36.0,37.0,37.0,37.0,38.0,38.0,39.0,40.0,40.0,41.0,48.0,30.0,1000.2156862765551,1000.3960784375668,1000.5333333611488,1000.6352941393852,1000.7333333492279,1000.9647058844566,2000.4313725531101,2000.6078431606293,2000.717647075653,3000.988235294819,148.96224975585938,156.83578491210938,161.98121643066406,166.03121948242188,169.71864318847656,173.43036499023438,177.57338256835936,183.28195190429688,197.90280151367188,345.86785888671875,222.68007,0.0,test_data/Useful/Validation/Three eight at 1ft/WhatsApp Image 2024-08-23 at 11.02.47 (1).jpeg,362.0,139.0,28.911206682846398
89,0.0,4.0,7.0,9.0,10.0,11.0,12.0,13.0,14.0,15.0,15.0,16.0,17.0,17.0,18.0,18.0,18.0,19.0,19.0,20.0,20.0,21.0,21.0,21.0,22.0,22.0,22.0,23.0,23.0,23.0,23.0,24.0,24.0,24.0,24.0,25.0,25.0,25.0,25.0,25.0,26.0,26.0,26.0,26.0,27.0,27.0,27.0,27.0,27.0,28.0,28.0,28.0,28.0,28.0,29.0,29.0,29.0,29.0,29.409999999999854,30.0,30.0,30.0,30.0,30.0,31.0,31.0,31.0,31.0,31.0,31.299999999999955,32.0,32.0,32.0,32.0,32.0,33.0,33.0,33.0,33.0,33.0,34.0,34.0,34.0,34.0,34.0,35.0,35.0,35.0,36.0,36.0,36.0,37.0,37.0,37.0,38.0,38.0,39.0,40.0,41.0,48.0,31.0,1000.1960784345865,1000.3686274588108,1000.5019608139992,1000.6000000238419,1000.6823529601097,1000.7803921699524,2000.2235294133425,2000.5490196347237,2000.6941176652908,3000.9960784316063,148.9199676513672,156.67024841308594,161.70674591064454,165.795361328125,169.50167083740234,173.1808624267578,177.33302764892576,183.17111206054688,197.87232971191406,345.844970703125,222.85541,0.0,test_data/Useful/Validation/Three eight at 1ft/WhatsApp Image 2024-08-23 at 11.02.47 (2).jpeg,358.0,141.0,22.287240717210974
90,0.0,3.0,6.0,8.0,9.0,10.0,12.0,13.0,14.0,15.0,16.0,16.0,17.0,17.0,18.0,18.0,19.0,19.0,20.0,20.0,21.0,21.0,21.0,22.0,22.0,22.0,22.730000000000018,23.0,23.0,23.0,24.0,24.0,24.0,24.0,25.0,25.0,25.0,25.0,26.0,26.0,26.0,26.0,26.0,27.0,27.0,27.0,27.0,27.0,28.0,28.0,28.0,28.0,28.0,28.0,29.0,29.0,29.0,29.0,29.0,30.0,30.0,30.0,30.0,30.0,30.0,31.0,31.0,31.0,31.0,31.0,31.0,32.0,32.0,32.0,32.0,32.0,33.0,33.0,33.0,33.0,33.0,34.0,34.0,34.0,34.0,35.0,35.0,35.0,35.0,36.0,36.0,36.0,37.0,37.0,37.04999999999973,38.0,39.0,40.0,40.0,46.0,31.0,1000.2196078449488,1000.4000000059605,1000.5333333611488,1000.6352941393852,1000.7333333492279,2000.06274510175,2000.4352941215038,2000.6039215922356,2000.705882370472,3001.0,148.16748046875,156.04444885253906,161.23094177246094,165.34706115722656,169.0658416748047,172.8202392578125,177.06417846679688,182.95101928710938,197.91445922851562,345.8264465332031,222.81128,0.0,test_data/Useful/Validation/Three eight at 1ft/WhatsApp Image 2024-08-23 at 11.02.47.jpeg,350.0,143.0,30.412544219269826
91,1.0,5.0,7.0,9.0,10.0,12.0,13.0,13.920000000000016,14.0,15.0,16.0,16.0,17.0,18.0,18.0,19.0,19.0,19.0,20.0,20.0,21.0,21.0,21.0,22.0,22.0,22.0,23.0,23.0,23.0,24.0,24.0,24.0,24.0,25.0,25.0,25.0,25.0,25.0,26.0,26.0,26.0,26.0,26.0,27.0,27.0,27.0,27.0,27.0,28.0,28.0,28.0,28.0,28.0,29.0,29.0,29.0,29.0,29.0,29.0,30.0,30.0,30.0,30.0,30.0,30.0,31.0,31.0,31.0,31.0,31.0,32.0,32.0,32.0,32.0,32.0,32.0,33.0,33.0,33.0,33.0,33.0,34.0,34.0,34.0,34.0,35.0,35.0,35.0,35.0,36.0,36.0,36.0,37.0,37.0,38.0,38.0,39.0,40.0,41.0,46.0,29.0,1000.2823529541492,1000.4666666686535,1000.5921568870544,1000.6862745285034,1000.8313725590706,2000.2509804069996,2000.4705882370472,2000.611764729023,2000.705882370472,3000.9960784316063,146.58046875,154.60423278808594,159.79548034667968,164.0284881591797,167.9290008544922,171.78604125976562,176.18533325195312,182.33245849609375,197.9375457763672,345.8233947753906,223.2116,0.0,test_data/Useful/Validation/Three eight at 1ft/WhatsApp Image 2024-08-23 at 11.02.48 (1).jpeg,337.0,151.0,27.842111437719012
92,0.0,4.0,6.969999999999999,8.0,10.0,10.0,11.0,12.0,13.0,14.0,15.0,15.0,16.0,16.0,17.0,17.0,18.0,18.0,19.0,19.0,20.0,20.0,20.0,21.0,21.0,21.0,22.0,22.0,22.0,23.0,23.0,23.0,23.0,24.0,24.0,24.0,24.0,24.0,25.0,25.0,25.0,25.0,26.0,26.0,26.0,26.0,27.0,27.0,27.0,27.0,28.0,28.0,28.0,28.0,28.0,29.0,29.0,29.0,29.0,29.0,29.0,30.0,30.0,30.0,30.0,30.0,30.0,30.0,31.0,31.0,31.0,31.0,32.0,32.0,32.0,32.0,32.0,33.0,33.0,33.0,33.0,34.0,34.0,34.0,34.0,35.0,35.0,35.0,35.0,36.0,36.0,36.0,37.0,37.0,38.0,38.0,39.0,40.0,41.0,45.0,30.0,1000.2470588237047,1000.4235294163227,1000.54509806633,1000.6313725709915,1000.7137255072594,1000.8588235378265,2000.32549020648,2000.5607843399048,2000.6901960968971,3000.9921568632126,146.41852569580078,154.3894805908203,159.61961364746094,163.87611389160156,167.78133392333984,171.6705139160156,176.1066711425781,182.24937438964844,198.04132080078125,345.84210205078125,223.61047,0.0,test_data/Useful/Validation/Three eight at 1ft/WhatsApp Image 2024-08-23 at 11.02.48 (2).jpeg,350.0,134.0,32.1855686562683
93,0.0,3.0,5.0,7.0,9.0,10.0,12.0,13.0,14.0,15.0,15.0,16.0,17.0,17.0,18.0,18.0,19.0,19.0,20.0,20.0,20.0,21.0,21.0,21.0,22.0,22.0,22.0,22.0,23.0,23.0,23.0,24.0,24.0,24.0,24.0,25.0,25.0,25.0,25.0,26.0,26.0,26.0,26.0,27.0,27.0,27.0,27.0,27.0,28.0,28.0,28.0,28.0,28.0,28.0,29.0,29.0,29.0,29.0,29.0,30.0,30.0,30.0,30.0,30.0,31.0,31.0,31.0,31.0,31.0,31.0,31.289999999999964,32.0,32.0,32.0,32.0,33.0,33.0,33.0,33.0,33.0,34.0,34.0,34.0,34.0,34.0,35.0,35.0,35.0,35.0,36.0,36.0,36.0,37.0,37.0,38.0,38.0,39.0,40.0,41.0,47.0,31.0,1000.2039215713739,1000.3843137323856,1000.5215686559677,1000.6235294342041,1000.7176470756531,1000.8901960849762,2000.392156869173,2000.5960784554482,2000.7098039388657,3001.0,148.9517822265625,156.7994171142578,161.82212829589844,165.87032165527344,169.6209259033203,173.2473358154297,177.36116485595704,183.15187072753906,197.76263427734375,345.83258056640625,222.70972,0.0,test_data/Useful/Validation/Three eight at 1ft/WhatsApp Image 2024-08-23 at 11.02.48.jpeg,353.0,137.0,34.86523645573482
94,1.0,3.980000000000004,6.0,7.0,8.950000000000003,10.0,11.0,11.0,12.0,13.0,14.0,15.0,15.0,16.0,17.0,17.0,18.0,18.0,19.0,19.0,19.789999999999964,20.0,20.0,21.0,21.0,21.0,21.730000000000018,22.0,22.0,22.0,23.0,23.0,23.0,24.0,24.0,24.0,24.0,25.0,25.0,25.0,25.0,26.0,26.0,26.0,26.0,27.0,27.0,27.0,27.0,27.0,28.0,28.0,28.0,28.0,28.0,28.0,29.0,29.0,29.0,29.0,30.0,30.0,30.0,30.0,30.0,30.0,31.0,31.0,31.0,31.0,31.0,32.0,32.0,32.0,32.0,32.0,33.0,33.0,33.0,33.0,33.0,34.0,34.0,34.0,34.0,35.0,35.0,35.0,35.0,36.0,36.0,36.0,37.0,37.0,38.0,38.0,39.0,40.0,41.0,44.0,30.0,1000.258823543787,1000.4313725531101,1000.5568627715111,1000.6431372761726,1000.7333333492279,2000.0078431377187,2000.3764705955982,2000.5764706134796,2000.6941176652908,3001.0,146.4027862548828,154.3619842529297,159.58505249023438,163.8322296142578,167.6724090576172,171.61380004882812,176.00479125976562,182.17708740234374,197.95574951171875,345.8480224609375,223.52892,0.0,test_data/Useful/Validation/Three eight at 1ft/WhatsApp Image 2024-08-23 at 11.02.49 (1).jpeg,359.0,122.0,34.56498674931409
95,0.990000000000002,5.0,7.0,8.0,10.0,11.939999999999998,12.930000000000007,13.0,14.0,15.0,16.0,16.0,17.0,17.0,18.0,19.0,19.0,19.0,20.0,20.0,21.0,21.0,21.0,22.0,22.0,22.0,23.0,23.0,23.0,23.0,24.0,24.0,24.0,24.0,24.0,25.0,25.0,25.0,25.0,26.0,26.0,26.0,26.0,26.0,26.0,27.0,27.0,27.0,27.0,27.0,28.0,28.0,28.0,28.0,28.0,29.0,29.0,29.0,29.0,29.0,30.0,30.0,30.0,30.0,30.0,30.0,31.0,31.0,31.0,31.0,31.0,32.0,32.0,32.0,32.0,32.0,32.0,33.0,33.0,33.0,33.0,34.0,34.0,34.0,34.0,35.0,35.0,35.0,36.0,36.0,36.0,36.0,37.0,37.0,38.0,38.0,39.0,40.0,41.0,46.0,31.0,1000.2705882489681,1000.4549019634724,1000.5803921818733,1000.678431391716,1000.8039215803146,2000.2235294133425,2000.458823531866,2000.6078431606293,2000.705882370472,3000.9960784316063,147.10687103271485,154.97015380859375,160.13800048828125,164.34185791015625,168.2000503540039,172.0564422607422,176.33355712890625,182.39511108398438,197.90139770507812,345.8320617675781,223.5394,0.0,test_data/Useful/Validation/Three eight at 1ft/WhatsApp Image 2024-08-23 at 11.02.49 (2).jpeg,334.0,137.0,26.079679711003383
96,1.0,3.0,5.0,7.0,9.0,10.0,11.0,12.0,13.0,14.0,14.0,15.0,16.0,16.0,17.0,17.0,18.0,18.0,19.0,19.0,19.0,20.0,20.0,21.0,21.0,21.0,22.0,22.0,22.0,22.0,23.0,23.0,23.0,23.0,24.0,24.0,24.0,24.0,25.0,25.0,25.0,25.579999999999927,26.0,26.0,26.0,26.0,27.0,27.0,27.0,27.0,27.0,28.0,28.0,28.0,28.0,28.0,29.0,29.0,29.0,29.0,29.0,29.0,30.0,30.0,30.0,30.0,30.0,30.0,31.0,31.0,31.0,31.0,31.0,32.0,32.0,32.0,32.0,32.0,33.0,33.0,33.0,33.0,34.0,34.0,34.0,34.0,35.0,35.0,35.0,36.0,36.0,36.0,36.0,37.0,38.0,38.0,39.0,40.0,41.0,47.0,29.0,1000.2627451121807,1000.4392156898975,1000.5647059082985,1000.6549019813538,1000.7490196228027,2000.0901960805058,2000.4039215743542,2000.5882353186607,2000.6980392336845,3000.9921568632126,146.1502227783203,154.0802459716797,159.30746459960938,163.60397338867188,167.51446533203125,171.40565185546876,175.84015350341795,182.05956420898437,197.9177703857422,345.84185791015625,223.64775,0.0,test_data/Useful/Validation/Three eight at 1ft/WhatsApp Image 2024-08-23 at 11.02.49.jpeg,358.0,121.0,27.330695093193267
97,0.0,4.0,6.0,8.0,10.0,11.0,12.0,13.0,14.0,14.0,15.0,16.0,17.0,17.0,18.0,18.0,18.0,19.0,19.0,19.0,20.0,20.0,20.0,21.0,21.0,21.0,22.0,22.0,22.0,23.0,23.0,23.0,24.0,24.0,24.0,24.0,24.0,25.0,25.0,25.0,25.0,25.0,25.0,26.0,26.0,26.0,26.0,27.0,27.0,27.0,27.0,27.0,28.0,28.0,28.0,28.0,28.0,29.0,29.0,29.0,29.0,29.0,29.0,29.0,30.0,30.0,30.0,30.0,31.0,31.0,31.0,31.0,32.0,32.0,32.0,32.0,32.0,33.0,33.0,33.0,33.0,33.0,34.0,34.0,34.0,35.0,35.0,35.0,36.0,36.0,36.0,36.0,37.0,37.0,38.0,38.0,39.0,39.01999999999998,42.0,47.0,29.0,1000.2705882489681,1000.4549019634724,1000.5803921818733,1000.6705882549286,1000.7803921699524,2000.1725490242243,2000.4392156898975,2000.6039215922356,2000.7098039388657,3001.0,146.77823028564453,154.67934875488282,159.92093963623046,164.15878295898438,167.9982147216797,171.85630798339844,176.24881896972656,182.44641418457033,197.94427490234375,345.8648986816406,223.2702,0.0,test_data/Useful/Validation/Three eight at 1ft/WhatsApp Image 2024-08-23 at 11.02.50 (1).jpeg,350.0,143.0,30.01580322287114
98,0.0,3.0,6.0,7.0,9.0,10.0,11.0,12.0,13.0,13.0,14.0,15.0,16.0,16.0,17.0,18.0,18.0,19.0,19.0,20.0,20.0,20.0,21.0,21.0,21.0,22.0,22.0,22.0,22.0,23.0,23.0,23.0,24.0,24.0,24.0,24.0,25.0,25.0,25.0,25.0,25.0,26.0,26.0,26.0,26.0,27.0,27.0,27.0,27.0,27.0,28.0,28.0,28.0,28.0,28.0,28.0,29.0,29.0,29.0,29.0,29.0,29.0,30.0,30.0,30.0,30.0,30.0,30.0,31.0,31.0,31.0,31.0,31.0,32.0,32.0,32.0,32.0,32.0,32.0,33.0,33.0,33.0,33.0,34.0,34.0,34.0,34.0,35.0,35.0,35.0,36.0,36.0,36.0,37.0,37.0,38.0,38.0,39.0,40.0,47.0,29.0,1000.2000000029802,1000.3764705955982,1000.5137255191803,1000.6156862974167,1000.705882370472,1000.8431372642517,2000.3725490272045,2000.6000000238419,2000.7137255072594,3001.0,148.19261474609374,155.97618103027344,161.05907592773437,165.186279296875,168.97002410888672,172.67539672851564,176.92929534912105,182.72349243164064,197.71011352539062,345.8633728027344,223.07025,0.0,test_data/Useful/Validation/Three eight at 1ft/WhatsApp Image 2024-08-23 at 11.02.50 (2).jpeg,354.0,147.0,32.59927461050529
99,1.0,4.0,6.0,8.0,9.0,11.0,11.0,12.0,13.0,14.0,15.0,15.0,16.0,16.0,17.0,18.0,18.0,18.0,19.0,19.0,20.0,20.0,21.0,21.0,21.0,22.0,22.0,22.0,22.0,23.0,23.0,23.0,23.0,24.0,24.0,24.0,24.0,25.0,25.0,25.0,25.0,26.0,26.0,26.0,26.0,26.0,27.0,27.0,27.0,27.0,27.0,28.0,28.0,28.0,28.0,28.0,28.0,29.0,29.0,29.0,29.0,29.0,30.0,30.0,30.0,30.0,30.0,30.0,31.0,31.0,31.0,31.0,31.0,32.0,32.0,32.0,32.0,32.0,33.0,33.0,33.0,33.0,33.0,34.0,34.0,34.0,34.0,35.0,35.0,35.0,36.0,36.0,36.0,37.0,37.0,38.0,38.0,39.0,41.0,46.0,31.0,1000.2901960909367,1000.4784313738346,1000.6039215922356,1000.6980392336845,1000.8705882430077,2000.2784313857555,2000.4901960790157,2000.6274510025978,2000.717647075653,3001.0,146.2799835205078,154.38482971191405,159.61634063720703,163.88388061523438,167.74376678466797,171.71653747558594,176.0994140625,182.2563934326172,197.89292907714844,345.8633728027344,223.30185,0.0,test_data/Useful/Validation/Three eight at 1ft/WhatsApp Image 2024-08-23 at 11.02.50.jpeg,357.0,135.0,28.39339325902142
100,2.0,4.0,7.0,8.0,9.0,11.0,12.0,13.0,14.0,15.0,15.0,16.0,17.0,17.0,18.0,18.0,18.0,19.0,19.0,20.0,20.0,21.0,21.0,21.0,22.0,22.0,22.0,23.0,23.0,23.0,24.0,24.0,24.0,24.0,25.0,25.0,25.0,25.0,26.0,26.0,26.0,26.0,26.0,27.0,27.0,27.0,27.0,27.0,28.0,28.0,28.0,28.0,28.0,29.0,29.0,29.0,29.0,29.0,29.409999999999854,30.0,30.0,30.0,30.0,30.0,31.0,31.0,31.0,31.0,31.0,32.0,32.0,32.0,32.0,32.0,32.25,33.0,33.0,33.0,33.0,33.0,34.0,34.0,34.0,35.0,35.0,35.0,35.0,36.0,36.0,36.0,37.0,37.0,37.0,38.0,38.0,38.0,39.0,40.0,41.0,45.0,29.0,1000.2000000029802,1000.3764705955982,1000.5137255191803,1000.6156862974167,1000.7098039388657,1000.866666674614,2000.3843137323856,2000.5921568870544,2000.7098039388657,3000.988235294819,149.12520751953124,156.92168273925782,162.04515991210937,166.15106201171875,169.80168914794922,173.44607543945312,177.53704833984375,183.3017578125,197.6315155029297,345.82781982421875,222.75015,0.0,test_data/Useful/Validation/Three eight at 1ft/WhatsApp Image 2024-08-23 at 11.03.02 (2).jpeg,371.0,146.0,29.225553246883443
101,1.0,4.980000000000004,7.0,9.0,10.0,11.0,12.0,13.0,14.0,15.0,15.0,16.0,17.0,17.0,18.0,18.0,19.0,19.0,20.0,20.0,20.0,21.0,21.0,21.0,21.0,22.0,22.0,22.0,23.0,23.0,23.0,23.0,24.0,24.0,24.0,24.0,25.0,25.0,25.0,25.600000000000023,26.0,26.0,26.0,26.0,27.0,27.0,27.0,27.0,27.0,27.0,28.0,28.0,28.0,28.0,29.0,29.0,29.0,29.0,29.0,29.0,30.0,30.0,30.0,30.0,30.0,31.0,31.0,31.0,31.0,31.0,32.0,32.0,32.0,32.0,32.0,33.0,33.0,33.0,33.0,33.0,34.0,34.0,34.0,34.0,35.0,35.0,35.0,35.0,36.0,36.0,36.0,36.07999999999993,37.0,37.0,38.0,38.0,39.0,40.0,41.0,47.0,29.0,1000.2000000029802,1000.3764705955982,1000.5137255191803,1000.6156862974167,1000.7098039388657,1000.8862745165825,2000.3882353007793,2000.5960784554482,2000.7137255072594,3001.0,148.88899993896484,156.62686767578126,161.6562713623047,165.76589965820312,169.43667602539062,173.09994506835938,177.2455596923828,183.00595092773438,197.60537719726562,345.8298034667969,223.10677,0.0,test_data/Useful/Validation/Three eight at 1ft/WhatsApp Image 2024-08-23 at 11.03.02.jpeg,366.0,137.0,30.141468474068592
102,0.0,4.0,7.0,8.0,10.0,10.939999999999998,12.0,13.0,14.0,14.0,15.0,16.0,16.0,17.0,17.0,18.0,18.83000000000004,19.0,19.0,20.0,20.0,21.0,21.0,21.0,22.0,22.0,22.0,23.0,23.0,23.0,23.0,24.0,24.0,24.0,24.0,25.0,25.0,25.0,25.0,26.0,26.0,26.0,26.0,26.0,27.0,27.0,27.0,27.0,27.0,28.0,28.0,28.0,28.0,28.460000000000036,29.0,29.0,29.0,29.0,29.0,30.0,30.0,30.0,30.0,30.0,30.0,31.0,31.0,31.0,31.0,31.0,32.0,32.0,32.0,32.0,32.0,32.0,33.0,33.0,33.0,33.0,33.0,34.0,34.0,34.0,34.0,35.0,35.0,35.0,36.0,36.0,36.0,36.0,37.0,37.0,37.0,38.0,39.0,39.0,40.0,44.0,29.0,1000.2039215713739,1000.3803921639919,1000.517647087574,1000.6156862974167,1000.7098039388657,1000.8549019694328,2000.3686274588108,2000.5882353186607,2000.705882370472,3001.0,148.35543823242188,156.26890563964844,161.34735260009765,165.4888153076172,169.23954010009766,172.98192138671874,177.2021713256836,183.11900634765627,197.7936553955078,345.8326416015625,223.11792,0.0,test_data/Useful/Validation/Three eight at 1ft/WhatsApp Image 2024-08-23 at 11.03.03 (1).jpeg,363.0,137.0,28.718804556052184
103,0.0,2.980000000000004,5.0,7.0,9.0,10.0,11.0,12.0,13.0,14.0,14.0,15.0,16.0,16.0,17.0,18.0,18.0,19.0,19.0,20.0,20.0,20.0,21.0,21.0,22.0,22.0,22.0,22.0,23.0,23.0,23.0,23.680000000000064,24.0,24.0,24.0,25.0,25.0,25.0,25.0,25.0,26.0,26.0,26.0,26.0,27.0,27.0,27.0,27.0,27.0,28.0,28.0,28.0,28.0,28.0,28.0,29.0,29.0,29.0,29.0,30.0,30.0,30.0,30.0,30.0,30.0,31.0,31.0,31.0,31.0,32.0,32.0,32.0,32.0,32.0,33.0,33.0,33.0,33.0,33.0,33.0,34.0,34.0,34.0,34.0,34.0,35.0,35.0,35.0,35.0,36.0,36.0,36.0,37.0,37.0,38.0,38.0,39.0,40.0,41.0,45.0,33.0,1000.2117647081614,1000.392156869173,1000.5333333611488,1000.6392157077789,1000.745098054409,2000.1176470592618,2000.4549019634724,2000.6156862974167,2000.717647075653,3001.0,148.19107055664062,156.1409912109375,161.32241821289062,165.5020294189453,169.28427124023438,172.9475555419922,177.13458251953125,182.99270629882812,197.80108642578125,345.8265380859375,222.98694,0.0,test_data/Useful/Validation/Three eight at 1ft/WhatsApp Image 2024-08-23 at 11.03.03.jpeg,350.0,136.0,29.636301102627808
104,0.990000000000002,4.0,6.969999999999999,8.0,10.0,11.0,12.930000000000007,13.0,14.0,15.0,15.0,16.0,16.0,17.0,17.0,18.0,18.0,19.0,19.0,19.0,20.0,20.0,20.0,21.0,21.0,21.0,22.0,22.0,22.0,23.0,23.0,23.0,23.0,24.0,24.0,24.0,24.0,25.0,25.0,25.0,25.0,26.0,26.0,26.0,26.0,26.0,27.0,27.0,27.0,27.0,27.0,28.0,28.0,28.0,28.0,28.0,28.0,29.0,29.0,29.0,29.0,29.0,29.0,30.0,30.0,30.0,30.0,30.0,31.0,31.0,31.0,31.0,31.0,31.0,32.0,32.0,32.0,32.0,33.0,33.0,33.0,33.0,33.0,34.0,34.0,34.0,34.0,35.0,35.0,35.0,36.0,36.0,36.0,37.0,37.0,38.0,39.0,39.0,41.0,45.0,29.0,1000.1960784345865,1000.3647058904171,1000.4980392158031,1000.6000000238419,1000.6901960968971,1000.811764717102,2000.3450980484486,2000.5882353186607,2000.7098039388657,3000.9960784316063,147.49156036376954,155.36349487304688,160.52606201171875,164.72023010253906,168.49210357666016,172.2574279785156,176.49662017822266,182.46319580078125,197.7910614013672,345.8356018066406,223.47552,0.0,test_data/Useful/Validation/Three eight at 1ft/WhatsApp Image 2024-08-23 at 11.06.26.jpeg,339.0,139.0,29.494276361807728
0,0.0,0.0,1.0,2.0,3.0,4.0,5.0,6.0,7.0,8.0,9.0,10.0,11.0,11.0,12.0,12.0,12.0,13.0,13.0,14.0,14.0,14.0,15.0,15.0,15.0,16.0,16.0,16.0,17.0,17.0,17.0,18.0,18.0,18.0,19.0,19.0,19.0,19.0,20.0,20.0,20.0,20.0,21.0,21.0,21.0,21.0,22.0,22.0,22.0,22.0,23.0,23.0,23.0,23.0,24.0,24.0,24.0,24.0,25.0,25.0,25.0,25.0,25.0,26.0,26.0,26.0,26.0,27.0,27.0,27.0,27.0,28.0,28.0,28.0,28.0,28.0,29.0,29.0,29.0,29.0,30.0,30.0,30.0,30.0,31.0,31.0,31.0,32.0,32.0,32.0,33.0,33.0,34.0,34.0,35.0,35.0,36.0,36.0,38.0,43.0,24.0,1000.4117647111416,1000.6745098233223,1000.811764717102,1000.9921568632126,2000.5764706134796,2000.7764706015587,3000.06274510175,3000.447058826685,3000.662745118141,3001.0,149.12890625,156.87112426757812,161.9150390625,165.86318969726562,169.37918090820312,172.87449340820314,176.7364044189453,182.1544372558594,196.12811279296875,345.9948425292969,223.51074,1.0,test_data/Useful/Validation/Three Quarter at 1 ft/IMG-20240821-WA0097.jpg,351.0,138.0,31.558427521842486
1,0.0,0.0,1.0,3.0,4.0,5.0,6.0,7.0,8.0,9.0,10.0,10.0,11.0,11.0,11.0,12.0,12.0,13.0,13.0,14.0,14.0,14.0,15.0,15.0,15.75,16.0,16.0,16.0,17.0,17.0,17.0,18.0,18.0,18.0,19.0,19.0,19.0,19.0,20.0,20.0,20.0,20.0,21.0,21.0,21.0,21.0,22.0,22.0,22.0,22.0,23.0,23.0,23.0,23.0,23.0,24.0,24.0,24.0,24.0,25.0,25.0,25.0,25.0,26.0,26.0,26.0,26.0,26.0,27.0,27.0,27.0,27.0,27.0,28.0,28.0,28.0,28.0,29.0,29.0,29.0,30.0,30.0,30.0,30.0,31.0,31.0,31.0,31.0,32.0,32.0,33.0,33.0,33.0,34.0,35.0,35.0,36.0,37.0,38.0,44.0,25.0,1000.4156862795353,1000.6745098233223,1000.8000000119209,1000.9450980424881,2000.5960784554482,2000.8078431487083,3000.164705887437,3000.501960813999,3000.6823529601097,3001.0,148.8902587890625,156.64956665039062,161.6697540283203,165.63072204589844,169.1708755493164,172.73110961914062,176.67335510253906,182.02284240722656,195.9082794189453,346.02679443359375,223.67401,1.0,test_data/Useful/Validation/Three Quarter at 1 ft/IMG-20240821-WA0098.jpg,347.0,149.0,26.193748857735294
2,0.0,0.0,0.0,0.0,2.0,3.0,4.0,5.0,6.0,7.0,8.0,8.0,9.0,10.0,10.0,11.0,11.0,11.0,12.0,12.0,12.0,13.0,13.0,13.0,14.0,14.0,14.0,15.0,15.0,15.0,16.0,16.0,16.0,16.0,16.0,17.0,17.0,17.0,17.0,18.0,18.0,18.0,18.0,19.0,19.0,19.0,19.0,20.0,20.0,20.0,20.0,20.0,21.0,21.0,21.0,21.0,21.0,22.0,22.0,22.0,22.0,23.0,23.0,23.0,23.0,23.0,24.0,24.0,24.0,24.0,25.0,25.0,25.0,25.0,25.0,26.0,26.0,26.0,26.0,27.0,27.0,27.0,27.0,28.0,28.0,28.0,29.0,29.0,29.0,30.0,30.0,31.0,31.0,31.059999999999945,32.0,33.0,34.0,35.0,36.0,40.0,25.0,1000.5372549295425,1000.811764717102,1000.972549021244,2000.243137255311,2000.4627451002598,2000.611764729023,2000.7254902124405,2000.8627451062202,3000.2941176593304,3001.0,141.64285278320312,149.5895538330078,154.88828125,159.10851135253907,162.9963607788086,166.91573181152344,171.32606506347656,177.66043090820312,194.24588012695312,346.06103515625,225.26443,1.0,test_data/Useful/Validation/Three Quarter at 1 ft/IMG-20240821-WA0099.jpg,350.0,164.0,30.72126007858863
3,0.0,0.0,1.0,3.0,4.0,5.0,6.0,7.0,8.0,8.0,9.0,10.0,10.0,11.0,11.0,12.0,13.0,13.0,14.0,14.0,14.0,15.0,15.0,15.0,16.0,16.0,16.0,17.0,17.0,18.0,18.0,18.0,18.0,19.0,19.0,19.0,19.0,20.0,20.0,20.0,21.0,21.0,21.0,21.0,22.0,22.0,22.0,22.0,23.0,23.0,23.0,23.0,23.0,24.0,24.0,24.0,24.0,25.0,25.0,25.0,25.0,25.0,26.0,26.0,26.0,26.0,26.0,27.0,27.0,27.0,27.0,28.0,28.0,28.0,28.0,29.0,29.0,29.0,29.0,29.200000000000045,30.0,30.0,30.0,30.0,31.0,31.0,31.0,32.0,32.0,32.0,33.0,33.0,33.0,34.0,34.0,35.0,36.0,36.0,38.0,43.0,26.0,1000.392156869173,1000.65098041296,1000.7843137383461,1000.9019607901573,2000.5372549295425,2000.7960784435272,3000.149019613862,3000.4941176474094,3000.6823529601097,3001.0,148.75497436523438,156.47467041015625,161.409423828125,165.39955139160156,168.9560546875,172.50839233398438,176.41481018066406,181.8807830810547,196.03614807128906,346.0238952636719,223.58713,1.0,test_data/Useful/Validation/Three Quarter at 1 ft/IMG-20240821-WA0100.jpg,353.0,147.0,27.588127704606045
4,0.0,0.0,1.0,2.0,4.0,5.0,6.0,7.0,8.0,9.0,9.0,10.0,10.0,11.0,11.0,12.0,12.0,13.0,13.0,14.0,14.0,14.0,14.0,15.0,15.0,15.0,16.0,16.0,16.0,17.0,17.0,17.0,17.0,18.0,18.0,18.0,19.0,19.0,19.0,19.0,19.0,20.0,20.0,20.0,20.0,21.0,21.0,21.0,21.0,22.0,22.0,22.0,22.0,22.0,23.0,23.0,23.0,23.0,24.0,24.0,24.0,24.0,24.0,25.0,25.0,25.0,25.0,26.0,26.0,26.0,26.0,26.0,27.0,27.0,27.0,27.0,28.0,28.0,28.0,29.0,29.0,29.0,29.0,30.0,30.0,30.0,31.0,31.0,31.0,32.0,32.0,32.0,33.0,33.0,34.0,34.0,35.0,35.01999999999998,37.0,43.0,23.0,1000.3176470696926,1000.584313750267,1000.7215686440468,1000.8588235378265,2000.4313725531101,2000.678431391716,3000.019607843831,3000.380392163992,3000.584313750267,3001.0,146.01988220214844,153.95068359375,158.96651458740234,163.03741149902345,166.75498962402344,170.45362854003906,174.60313415527344,180.55665588378906,195.59713745117188,345.7382507324219,224.19644,1.0,test_data/Useful/Validation/Three Quarter at 1 ft/IMG-20240821-WA0101.jpg,345.0,155.0,30.052032298880754
5,0.0,0.0,2.0,3.0,4.0,5.0,6.0,7.0,8.0,9.0,10.0,11.0,11.0,12.0,12.0,12.0,13.0,13.0,14.0,14.0,15.0,15.0,15.0,16.0,16.0,16.0,17.0,17.0,17.0,17.0,18.0,18.0,18.0,19.0,19.0,19.0,19.0,20.0,20.0,20.0,21.0,21.0,21.0,21.0,22.0,22.0,22.0,22.0,23.0,23.0,23.0,23.0,23.0,24.0,24.0,24.0,24.0,24.0,25.0,25.0,25.0,25.0,26.0,26.0,26.0,26.0,26.0,27.0,27.0,27.0,27.0,28.0,28.0,28.0,28.0,28.0,29.0,29.0,29.0,29.0,30.0,30.0,30.0,30.0,31.0,31.0,31.0,31.0,32.0,32.0,33.0,33.0,34.0,34.0,34.0,35.0,36.0,37.0,38.0,44.0,24.0,1000.392156869173,1000.6588235497475,1000.7882353067398,1000.9176470637321,2000.5490196347237,2000.7882353067398,3000.113725490868,3000.474509805441,3000.6745098233223,3001.0,149.5181884765625,157.12442016601562,162.12924194335938,166.03157653808594,169.56503295898438,173.07049560546875,176.940673828125,182.26284790039062,195.93740844726562,346.0247497558594,223.37433,1.0,test_data/Useful/Validation/Three Quarter at 1 ft/IMG-20240821-WA0102.jpg,334.0,133.0,31.1831814929415
6,0.0,0.0,0.0,1.0,2.0,4.0,5.0,6.0,6.0,7.0,8.0,9.0,9.0,10.0,10.0,11.0,11.0,11.0,12.0,12.0,12.0,13.0,13.0,13.0,14.0,14.0,14.0,15.0,15.0,15.699999999999932,16.0,16.0,16.0,17.0,17.0,17.0,18.0,18.0,18.0,18.0,19.0,19.0,19.0,19.0,20.0,20.0,20.0,20.0,20.0,21.0,21.0,21.0,21.0,21.0,22.0,22.0,22.0,22.0,23.0,23.0,23.0,23.0,23.37000000000012,24.0,24.0,24.0,24.0,25.0,25.0,25.0,25.0,26.0,26.0,26.0,27.0,27.0,27.0,27.0,27.0,28.0,28.0,28.0,29.0,29.0,29.0,30.0,30.0,30.0,31.0,31.0,32.0,32.0,32.0,33.0,33.0,34.0,35.0,36.0,37.00999999999976,42.0,21.0,1000.4431372582912,1000.6980392336845,1000.8156862854958,1000.9803921580315,2000.6352941393852,2000.8627451062202,3000.2470588237047,3000.5372549295425,3000.705882370472,3001.0,149.51284790039062,157.24285888671875,162.19924926757812,166.1309051513672,169.6418914794922,173.0600128173828,176.86216735839844,182.03994750976562,195.33712768554688,346.07305908203125,223.2863,1.0,test_data/Useful/Validation/Three Quarter at 1 ft/IMG-20240821-WA0103.jpg,357.0,163.0,33.83739679215837
7,0.0,0.0,1.0,2.0,3.0,4.0,5.0,6.0,7.0,8.0,9.0,9.0,10.0,11.0,11.0,12.0,12.0,12.0,13.0,13.0,13.0,14.0,14.0,14.0,15.0,15.0,15.0,16.0,16.0,16.0,17.0,17.0,17.0,17.660000000000082,18.0,18.0,18.0,18.0,19.0,19.0,19.0,20.0,20.0,20.0,20.0,21.0,21.0,21.0,21.0,21.0,22.0,22.0,22.0,22.0,23.0,23.0,23.0,23.0,23.0,24.0,24.0,24.0,24.0,24.0,25.0,25.0,25.0,25.0,25.0,26.0,26.0,26.0,27.0,27.0,27.0,27.0,27.0,28.0,28.0,28.0,28.0,29.0,29.0,29.0,29.0,30.0,30.0,30.0,31.0,31.0,31.0,32.0,32.070000000000164,33.0,34.0,34.0,35.0,36.0,38.0,42.0,24.0,1000.4901960790157,1000.7176470756531,1000.8274509906769,2000.0470588244498,2000.6000000238419,2000.800000011921,3000.1686274558306,3000.517647087574,3000.694117665291,3001.0,148.2274383544922,155.9665252685547,160.99163513183595,165.0096008300781,168.58950805664062,172.17266845703125,176.1455535888672,181.627197265625,195.81948852539062,346.04412841796875,223.21623,1.0,test_data/Useful/Validation/Three Quarter at 1 ft/IMG-20240821-WA0104.jpg,321.0,135.0,31.979209123144617
8,0.0,0.0,1.0,2.0,3.0,4.0,5.0,6.0,6.0,7.0,8.0,9.0,9.0,10.0,10.0,11.0,11.0,12.0,12.0,12.0,13.0,13.0,14.0,14.0,14.0,14.0,15.0,15.0,15.0,16.0,16.0,16.0,17.0,17.0,17.0,18.0,18.0,18.0,18.0,19.0,19.0,19.0,19.0,19.0,20.0,20.0,20.0,20.0,21.0,21.0,21.0,21.0,21.0,22.0,22.0,22.0,22.0,23.0,23.0,23.0,23.0,24.0,24.0,24.0,24.0,24.0,25.0,25.0,25.0,25.0,26.0,26.0,26.0,26.0,27.0,27.0,27.0,27.0,28.0,28.0,28.0,28.0,29.0,29.0,29.0,30.0,30.0,30.0,31.0,31.0,31.0,32.0,32.0,33.0,34.0,34.0,35.0,36.0,38.0,44.0,24.0,1000.4901960790157,1000.7254902124405,1000.8431372642517,2000.101960785687,2000.6000000238419,2000.7960784435272,3000.117647059262,3000.501960813999,3000.690196096897,3001.0,149.40302124023438,157.19453125,162.13861083984375,166.05775146484376,169.60704803466797,173.0616943359375,176.86593475341797,182.13394165039062,195.5620574951172,346.0567626953125,222.97617,1.0,test_data/Useful/Validation/Three Quarter at 1 ft/IMG-20240821-WA0105.jpg,333.0,146.0,28.633857371579303
9,0.0,0.0,0.0,1.0,2.0,3.9399999999999977,5.0,6.0,7.0,7.0,8.0,9.0,9.870000000000005,10.0,11.0,11.0,11.0,12.0,12.0,13.0,13.0,13.0,14.0,14.0,14.0,15.0,15.0,15.0,16.0,16.0,16.0,16.680000000000064,17.0,17.0,17.0,17.0,18.0,18.0,18.0,19.0,19.0,19.0,19.0,20.0,20.0,20.0,20.0,20.0,21.0,21.0,21.0,21.0,21.0,22.0,22.0,22.0,22.0,22.0,22.0,23.0,23.0,23.0,23.0,24.0,24.0,24.0,25.0,25.0,25.0,25.0,26.0,26.0,26.0,26.0,27.0,27.0,27.0,27.0,28.0,28.0,28.0,28.0,29.0,29.0,29.0,30.0,30.0,30.0,31.0,31.0,32.0,32.0,33.0,33.0,34.0,35.0,36.0,36.0,38.0,43.0,22.0,1000.447058826685,1000.7019608020782,1000.8196078538895,1001.0,2000.6196078658104,2000.8274509906769,3000.188235297799,3000.5137255191803,3000.694117665291,3001.0,149.1728057861328,156.90931701660156,161.86456298828125,165.83526611328125,169.4220962524414,172.94007263183593,176.7653793334961,182.0695343017578,195.52781677246094,346.0511474609375,223.36633,1.0,test_data/Useful/Validation/Three Quarter at 1 ft/IMG-20240821-WA0106.jpg,325.0,140.0,34.39736707937371
10,0.0,0.0,0.0,1.960000000000008,3.0,4.0,5.0,6.0,7.0,8.0,8.0,9.0,10.0,10.0,11.0,11.0,11.0,12.0,12.0,13.0,13.0,14.0,14.0,14.0,14.0,15.0,15.0,15.0,16.0,16.0,16.0,17.0,17.0,17.0,17.0,18.0,18.0,18.0,18.0,19.0,19.0,19.0,19.0,20.0,20.0,20.0,21.0,21.0,21.0,21.0,21.0,22.0,22.0,22.0,22.0,23.0,23.0,23.0,23.0,24.0,24.0,24.0,24.0,25.0,25.0,25.0,25.0,25.0,26.0,26.0,26.0,27.0,27.0,27.0,27.0,27.0,28.0,28.0,28.0,28.0,29.0,29.0,29.0,29.0,30.0,30.0,30.0,31.0,31.0,31.0,31.0,32.0,32.0,33.0,34.0,34.0,35.0,36.0,37.0,42.0,27.0,1000.4666666686535,1000.7137255072594,1000.8352941274643,2000.0470588244498,2000.5921568870544,2000.7921568751335,3000.090196080506,3000.4901960790157,3000.6823529601097,3001.0,149.38070678710938,157.06332397460938,162.05979919433594,165.97311401367188,169.544677734375,173.01980590820312,176.90992736816406,182.17897033691406,195.88632202148438,346.0517578125,222.69243,1.0,test_data/Useful/Validation/Three Quarter at 1 ft/IMG-20240821-WA0107.jpg,356.0,159.0,28.743219823386678
11,0.0,0.0,0.0,2.0,3.0,4.0,5.0,6.0,7.0,7.0,8.0,9.0,10.0,10.0,11.0,11.0,12.0,12.0,12.0,13.0,13.0,14.0,14.0,14.0,15.0,15.0,15.0,16.0,16.0,16.0,16.0,17.0,17.0,17.0,18.0,18.0,18.0,19.0,19.0,19.0,19.0,19.0,20.0,20.0,20.0,20.0,21.0,21.0,21.0,21.0,22.0,22.0,22.0,22.0,22.450000000000045,23.0,23.0,23.0,23.0,24.0,24.0,24.0,25.0,25.0,25.0,25.0,25.0,26.0,26.0,26.0,26.0,27.0,27.0,27.0,27.0,28.0,28.0,28.0,28.0,29.0,29.0,29.0,29.0,30.0,30.0,30.0,31.0,31.0,31.0,32.0,32.0,32.0,33.0,33.0,34.0,34.0,35.0,36.0,37.0,43.0,26.0,1000.4274509847164,1000.6901960968971,1000.8156862854958,1000.9647058844566,2000.5333333611488,2000.7647058963776,3000.043137256056,3000.4549019634724,3000.6745098233223,3001.0,149.49380493164062,157.30013122558594,162.3168472290039,166.24859008789062,169.7113800048828,173.1848358154297,177.01458740234375,182.2692108154297,195.68795776367188,346.05242919921875,222.96783,1.0,test_data/Useful/Validation/Three Quarter at 1 ft/IMG-20240821-WA0109.jpg,330.0,137.0,34.398917711909384
12,0.0,0.0,1.0,2.0,3.0,4.0,5.0,6.0,7.0,8.0,9.0,10.0,10.0,11.0,11.0,12.0,12.0,12.0,13.0,13.0,14.0,14.0,14.0,14.0,15.0,15.0,15.0,15.0,16.0,16.0,16.0,17.0,17.0,17.0,17.0,18.0,18.0,18.0,18.0,19.0,19.0,19.0,20.0,20.0,20.0,20.0,21.0,21.0,21.0,21.0,21.0,22.0,22.0,22.0,23.0,23.0,23.0,23.0,23.0,24.0,24.0,24.0,24.0,24.0,25.0,25.0,25.0,25.0,26.0,26.0,26.0,26.0,26.0,27.0,27.0,27.0,27.0,28.0,28.0,28.0,28.0,29.0,29.0,29.0,30.0,30.0,30.0,31.0,31.0,31.0,32.0,32.0,33.0,33.0,34.0,34.039999999999964,35.0,36.0,38.0,43.0,24.0,1000.4313725531101,1000.6941176652908,1000.8156862854958,1000.9647058844566,2000.5607843399048,2000.784313738346,3000.086274512112,3000.486274510622,3000.6862745285034,3001.0,149.61317443847656,157.2817840576172,162.2202911376953,166.1865997314453,169.67706298828125,173.11859130859375,176.93016052246094,182.12515258789062,195.61158752441406,346.07830810546875,223.10616,1.0,test_data/Useful/Validation/Three Quarter at 1 ft/IMG-20240821-WA0110.jpg,319.0,129.0,30.65034756776453
13,0.0,0.0,1.0,2.0,3.0,4.0,5.0,6.0,7.0,8.0,9.0,10.0,10.0,11.0,11.0,12.0,12.0,12.0,13.0,13.0,14.0,14.0,14.0,14.0,15.0,15.0,15.0,15.0,16.0,16.0,16.0,17.0,17.0,17.0,17.0,18.0,18.0,18.0,18.0,19.0,19.0,19.0,20.0,20.0,20.0,20.0,21.0,21.0,21.0,21.0,21.0,22.0,22.0,22.0,23.0,23.0,23.0,23.0,23.0,24.0,24.0,24.0,24.0,24.0,25.0,25.0,25.0,25.0,26.0,26.0,26.0,26.0,26.0,27.0,27.0,27.0,27.0,28.0,28.0,28.0,28.0,29.0,29.0,29.0,30.0,30.0,30.0,31.0,31.0,31.0,32.0,32.0,33.0,33.0,34.0,34.039999999999964,35.0,36.0,38.0,43.0,24.0,1000.4313725531101,1000.6941176652908,1000.8156862854958,1000.9647058844566,2000.5607843399048,2000.784313738346,3000.086274512112,3000.486274510622,3000.6862745285034,3001.0,149.61317443847656,157.2817840576172,162.2202911376953,166.1865997314453,169.67706298828125,173.11859130859375,176.93016052246094,182.12515258789062,195.61158752441406,346.07830810546875,223.10616,1.0,test_data/Useful/Validation/Three Quarter at 1 ft/IMG-20240821-WA0112.jpg,319.0,129.0,31.523227481433615
14,0.0,0.0,1.0,3.0,5.0,6.0,7.0,7.0,8.0,9.0,10.0,10.0,11.0,11.0,12.0,12.0,12.0,13.0,13.0,13.0,14.0,14.0,14.0,15.0,15.0,15.0,15.0,16.0,16.0,16.0,17.0,17.0,17.0,17.0,18.0,18.0,18.0,18.0,18.0,19.0,19.0,19.0,20.0,20.0,20.0,20.0,21.0,21.0,21.0,21.0,22.0,22.0,22.0,22.0,23.0,23.0,23.0,23.0,23.0,24.0,24.0,24.0,24.0,25.0,25.0,25.0,25.0,25.0,26.0,26.0,26.0,26.0,27.0,27.0,27.0,27.0,28.0,28.0,28.0,29.0,29.0,29.0,29.0,30.0,30.0,30.0,30.0,31.0,31.0,31.0,32.0,32.0,33.0,33.0,34.0,35.0,35.0,36.0,38.0,42.0,25.0,1000.4823529422283,1000.7215686440468,1000.8352941274643,2000.0274509806186,2000.5803921818733,2000.7960784435272,3000.117647059262,3000.501960813999,3000.690196096897,3001.0,149.27552795410156,157.0502166748047,162.04644775390625,166.01437377929688,169.59070587158203,173.0318359375,176.93099670410157,182.16598205566407,195.76632690429688,346.0622863769531,223.35596,1.0,test_data/Useful/Validation/Three Quarter at 1 ft/IMG-20240821-WA0113.jpg,317.0,138.0,32.91921618965744
15,0.0,0.0,0.0,1.0,3.0,4.0,5.0,6.0,6.0,8.0,8.0,9.0,10.0,10.0,11.0,11.0,12.0,12.0,13.0,13.0,13.0,13.0,14.0,14.0,15.0,15.0,15.0,15.0,16.0,16.0,16.0,17.0,17.0,17.0,18.0,18.0,18.0,18.0,19.0,19.0,19.0,20.0,20.0,20.0,20.0,21.0,21.0,21.0,21.0,22.0,22.0,22.0,22.0,22.0,23.0,23.0,23.0,23.0,24.0,24.0,24.0,24.0,24.0,25.0,25.0,25.0,25.0,26.0,26.0,26.0,27.0,27.0,27.0,27.0,28.0,28.0,28.0,28.0,29.0,29.0,29.0,29.0,30.0,30.0,30.0,31.0,31.0,31.0,32.0,32.0,32.0,33.0,33.0,34.0,34.0,35.0,36.0,37.0,38.00999999999976,42.0,24.0,1000.4980392158031,1000.7294117808342,1000.8509804010391,2000.1921568661928,2000.6274510025978,2000.8156862854958,3000.1529411822557,3000.5098039507866,3000.690196096897,3001.0,148.939453125,156.64804077148438,161.65286254882812,165.60894775390625,169.2054901123047,172.7641143798828,176.61431884765625,181.96485900878906,195.78453063964844,346.0496520996094,223.30992,1.0,test_data/Useful/Validation/Three Quarter at 1 ft/IMG-20240821-WA0114.jpg,345.0,141.0,28.930075165848
16,0.0,0.0,1.0,2.0,3.0,4.0,5.0,6.0,7.0,7.0,8.0,9.0,10.0,10.0,11.0,11.0,12.0,12.0,12.810000000000002,13.0,13.0,14.0,14.0,15.0,15.0,15.0,15.0,16.0,16.0,16.0,17.0,17.0,17.0,18.0,18.0,18.0,18.0,19.0,19.0,19.0,19.0,19.0,20.0,20.0,20.0,20.0,21.0,21.0,21.0,21.0,22.0,22.0,22.0,22.0,23.0,23.0,23.0,23.0,23.0,24.0,24.0,24.0,24.0,24.0,25.0,25.0,25.0,25.0,26.0,26.0,26.0,27.0,27.0,27.0,27.0,27.0,28.0,28.0,28.0,28.0,29.0,29.0,29.0,30.0,30.0,30.0,31.0,31.0,31.0,32.0,32.0,33.0,33.0,33.0,34.0,35.0,36.0,36.0,38.0,43.0,24.0,1000.4705882370472,1000.7176470756531,1000.839215695858,2000.0941176488996,2000.6156862974167,2000.811764717102,3000.137254908681,3000.501960813999,3000.690196096897,3001.0,149.25757293701173,156.95843811035155,161.92232360839844,165.893310546875,169.425537109375,172.94100952148438,176.85065307617188,182.20263061523437,196.0126495361328,346.0558776855469,223.03703,1.0,test_data/Useful/Validation/Three Quarter at 1 ft/IMG-20240821-WA0115.jpg,346.0,140.0,27.63511614273767
17,0.0,0.0,0.0,2.0,3.0,4.0,5.0,6.0,7.0,8.0,8.0,9.0,9.0,10.0,10.0,11.0,11.0,12.0,12.0,13.0,13.0,14.0,14.0,14.0,15.0,15.0,15.0,15.0,16.0,16.0,16.0,17.0,17.0,17.0,17.0,18.0,18.0,18.0,19.0,19.0,19.0,19.0,20.0,20.0,20.0,20.0,20.0,21.0,21.0,21.0,21.0,22.0,22.0,22.0,22.0,23.0,23.0,23.0,23.0,23.0,24.0,24.0,24.0,24.0,25.0,25.0,25.0,25.0,26.0,26.0,26.0,26.0,26.0,27.0,27.0,27.0,28.0,28.0,28.0,28.0,29.0,29.0,29.0,30.0,30.0,30.0,31.0,31.0,31.0,32.0,32.0,33.0,33.0,34.0,34.0,35.0,36.0,37.0,38.0,44.0,23.0,1000.4745098054409,1000.7176470756531,1000.839215695858,2000.0823529437184,2000.6000000238419,2000.7960784435272,3000.1058823540807,3000.4941176474094,3000.6862745285034,3001.0,149.21269836425782,156.82396240234374,161.84248962402344,165.80424804687502,169.3907928466797,172.92276306152343,176.7881866455078,182.11880493164062,195.82388305664062,346.05389404296875,223.27869,1.0,test_data/Useful/Validation/Three Quarter at 1 ft/IMG-20240821-WA0117.jpg,345.0,145.0,29.302266850183106
18,0.0,0.0,0.0,1.0,2.0,3.0,5.0,6.0,6.0,7.0,8.0,8.879999999999995,9.0,10.0,10.0,11.0,11.0,12.0,12.0,12.0,13.0,13.0,14.0,14.0,14.0,15.0,15.0,15.0,16.0,16.0,16.0,17.0,17.0,17.0,17.0,18.0,18.0,18.0,19.0,19.0,19.0,19.0,20.0,20.0,20.0,20.0,21.0,21.0,21.0,21.0,22.0,22.0,22.0,22.0,22.0,23.0,23.0,23.0,23.0,23.0,24.0,24.0,24.0,24.0,25.0,25.0,25.0,25.0,26.0,26.0,26.0,26.0,27.0,27.0,27.0,27.0,28.0,28.0,28.0,28.0,29.0,29.0,29.0,29.0,30.0,30.0,30.0,31.0,31.0,31.0,32.0,32.0,32.0,33.0,34.0,34.039999999999964,35.0,36.0,38.0,44.0,22.0,1000.4901960790157,1000.7294117808342,1000.8470588326454,2000.1686274558306,2000.6196078658104,2000.811764717102,3000.1529411822557,3000.5098039507866,3000.694117665291,3001.0,149.3110824584961,157.12460327148438,162.06167602539062,165.97869873046875,169.55764770507812,172.98898315429688,176.91542053222656,182.21676635742188,195.81744384765625,346.04388427734375,223.07184,1.0,test_data/Useful/Validation/Three Quarter at 1 ft/IMG-20240821-WA0121.jpg,346.0,132.0,27.45749624782404
19,0.0,0.0,0.0,0.0,0.0,0.0,1.0,1.920000000000016,2.0,3.0,4.0,5.0,5.0,6.0,6.0,7.0,7.0,8.0,9.0,9.0,10.0,10.0,10.0,11.0,11.0,11.0,11.0,12.0,12.0,12.0,13.0,13.0,13.0,13.0,14.0,14.0,14.0,14.0,15.0,15.0,15.0,15.0,16.0,16.0,16.0,16.0,17.0,17.0,17.0,17.0,18.0,18.0,18.0,18.0,19.0,19.0,19.0,20.0,20.0,20.0,20.0,20.0,21.0,21.0,21.0,21.0,22.0,22.0,22.0,22.0,22.0,23.0,23.0,23.0,23.0,24.0,24.0,24.0,25.0,25.0,25.0,25.0,26.0,26.0,26.0,27.0,27.0,27.0,28.0,28.0,28.0,29.0,29.0,30.0,30.049999999999727,31.0,32.0,33.0,34.0,40.0,0.0,1000.5411764979362,1000.8156862854958,1000.9803921580315,2000.3568627536297,2000.556862771511,2000.6980392336845,2000.8431372642517,3000.1529411822557,3000.5490196347237,3001.0,141.55231781005858,149.40792846679688,154.5155487060547,158.68402099609375,162.46322631835938,166.30252075195312,170.61119079589844,176.82839965820312,193.3863067626953,346.1106872558594,225.1876,1.0,test_data/Useful/Validation/Three Quarter at 1 ft/IMG-20240821-WA0124.jpg,405.0,196.0,24.755242273448538
20,0.0,0.0,0.0,0.0,0.0,0.0,1.0,2.0,3.0,3.0,4.0,4.0,5.0,5.0,6.0,6.840000000000032,7.0,8.0,8.0,9.0,10.0,10.0,10.0,10.0,11.0,11.0,12.0,12.0,12.0,12.0,13.0,13.0,13.0,14.0,14.0,14.0,14.0,15.0,15.0,15.0,15.0,15.0,16.0,16.0,16.0,17.0,17.0,17.0,17.0,18.0,18.0,18.0,18.0,19.0,19.0,19.0,20.0,20.0,20.0,20.0,21.0,21.0,21.0,21.0,21.0,22.0,22.0,22.0,22.0,23.0,23.0,23.0,23.0,24.0,24.0,24.0,24.0,25.0,25.0,25.0,26.0,26.0,26.0,26.0,27.0,27.0,27.13000000000011,28.0,28.0,29.0,29.0,30.0,30.0,31.0,31.049999999999727,32.039999999999964,33.0,34.01999999999998,36.0,44.0,0.0,1000.5137255191803,1000.7254902124405,1000.8352941274643,2000.32549020648,2000.8627451062202,3000.188235297799,3000.4509803950787,3000.6156862974167,3000.745098054409,3001.0,149.23172149658203,156.9344512939453,161.8997589111328,165.8359588623047,169.28375244140625,172.68883666992187,176.43396606445313,181.36663513183595,193.55979919433594,346.106201171875,222.0181,1.0,test_data/Useful/Validation/Three Quarter at 1 ft/IMG-20240821-WA0237.jpg,337.0,172.0,32.424214711523064
21,0.0,0.0,0.0,0.0,0.0,0.0,1.0,2.0,2.9099999999999966,3.0,4.0,5.0,6.0,6.0,7.0,7.0,8.0,8.0,9.0,10.0,10.0,10.0,10.0,11.0,11.0,11.0,12.0,12.0,12.0,13.0,13.0,13.0,14.0,14.0,14.0,15.0,15.0,15.0,15.0,16.0,16.0,16.0,16.0,17.0,17.0,17.0,17.0,18.0,18.0,18.0,18.0,19.0,19.0,19.0,19.0,20.0,20.0,20.0,21.0,21.0,21.0,21.0,21.0,22.0,22.0,22.0,22.0,23.0,23.0,23.0,23.0,24.0,24.0,24.0,25.0,25.0,25.0,25.0,26.0,26.0,26.0,27.0,27.0,27.0,28.0,28.0,28.0,28.0,29.0,29.0,30.0,30.0,31.0,31.0,32.0,33.0,33.029999999999745,35.0,37.0,41.0,0.0,1000.486274510622,1000.7098039388657,1000.8235294222832,2000.2274509817362,2000.7803921699524,3000.101960785687,3000.403921574354,3000.584313750267,3000.7254902124405,3001.0,150.07488098144532,157.80184936523438,162.69630432128906,166.5748748779297,170.03549194335938,173.4020233154297,177.11679077148438,182.03244018554688,194.017333984375,346.0643005371094,221.6545,1.0,test_data/Useful/Validation/Three Quarter at 1 ft/IMG-20240821-WA0238.jpg,301.0,158.0,33.71938625105828
22,0.0,0.0,0.0,0.0,0.0,1.0,2.0,3.0,4.0,4.0,5.0,6.0,7.0,7.0,8.0,8.0,9.0,9.0,10.0,10.0,11.0,11.0,11.0,11.0,12.0,12.0,12.0,13.0,13.0,13.0,14.0,14.0,14.0,14.0,15.0,15.0,15.0,15.620000000000005,16.0,16.0,16.0,16.0,17.0,17.0,17.0,17.0,18.0,18.0,18.0,18.0,19.0,19.0,19.0,19.0,20.0,20.0,20.0,20.0,21.0,21.0,21.0,22.0,22.0,22.0,22.0,23.0,23.0,23.0,23.0,23.0,24.0,24.0,24.0,24.0,25.0,25.0,25.0,25.0,26.0,26.0,26.0,27.0,27.0,27.0,28.0,28.0,29.0,29.0,29.0,30.0,30.0,31.0,31.0,32.0,32.0,33.0,34.0,35.0,36.0,43.0,0.0,1000.5019608139992,1000.7254902124405,1000.839215695858,2000.4078431427479,2000.7921568751335,3000.101960785687,3000.407843142748,3000.5882353186607,3000.729411780834,3001.0,149.17221069335938,156.94021606445312,161.87252807617188,165.84893798828125,169.29751586914062,172.73877563476563,176.5722702026367,181.6275604248047,194.26377868652344,346.0751953125,222.20245,1.0,test_data/Useful/Validation/Three Quarter at 1 ft/IMG-20240821-WA0239.jpg,319.0,155.0,31.681907565390194
23,0.0,0.0,0.0,0.0,0.0,1.0,2.0,2.0,3.0,4.0,5.0,5.0,6.0,7.0,7.0,8.0,8.0,9.0,9.0,10.0,10.0,10.0,11.0,11.0,11.0,12.0,12.0,12.0,12.0,13.0,13.0,13.680000000000064,14.0,14.0,15.0,15.0,15.0,15.0,16.0,16.0,16.0,16.0,16.0,17.0,17.0,17.0,17.0,18.0,18.0,18.0,18.0,19.0,19.0,19.0,19.450000000000045,20.0,20.0,20.0,21.0,21.0,21.0,21.0,22.0,22.0,22.0,23.0,23.0,23.0,23.0,24.0,24.0,24.0,24.0,25.0,25.0,25.0,25.0,25.0,26.0,26.0,26.0,27.0,27.0,27.0,27.15000000000009,28.0,28.0,29.0,29.0,29.0,30.0,30.0,31.0,31.0,32.0,33.0,33.0,34.0,36.0,43.0,0.0,1000.5137255191803,1000.7294117808342,1000.839215695858,2000.4941176474094,2000.8235294222832,3000.149019613862,3000.43137255311,3000.600000023842,3000.733333349228,3001.0,149.73899841308594,157.5457305908203,162.4623550415039,166.378662109375,169.84716796875,173.22964477539062,176.90938415527344,181.91368103027344,194.22314453125,346.07806396484375,221.8948,1.0,test_data/Useful/Validation/Three Quarter at 1 ft/IMG-20240821-WA0240.jpg,295.0,152.0,28.37154890206999
24,0.0,0.0,0.0,0.0,0.0,1.0,1.0,2.0,3.0,4.0,4.0,5.0,6.0,6.0,7.0,8.0,9.0,9.0,10.0,10.0,10.0,11.0,11.0,11.0,11.0,12.0,12.0,12.0,12.0,13.0,13.0,13.0,14.0,14.0,14.0,14.639999999999986,15.0,15.0,15.0,16.0,16.0,16.0,16.0,17.0,17.0,17.0,18.0,18.0,18.0,18.0,18.0,19.0,19.0,19.0,20.0,20.0,20.0,20.0,20.0,21.0,21.0,21.0,21.0,22.0,22.0,22.0,23.0,23.0,23.0,23.0,23.0,24.0,24.0,24.0,24.0,25.0,25.0,25.0,26.0,26.0,26.0,26.0,27.0,27.0,27.0,28.0,28.0,28.0,29.0,29.0,29.0,30.0,30.0,31.0,32.0,32.0,33.0,35.0,37.0,43.0,0.0,1000.5019608139992,1000.7137255072594,1000.8156862854958,2000.2549019753933,2000.784313738346,3000.1215686276555,3000.4235294163227,3000.5921568870544,3000.7254902124405,3001.0,149.1396026611328,156.7828369140625,161.7446273803711,165.69541931152344,169.16027069091797,172.56930236816407,176.3885498046875,181.44416198730468,194.11302185058594,346.07171630859375,222.09418,1.0,test_data/Useful/Validation/Three Quarter at 1 ft/IMG-20240821-WA0241.jpg,325.0,158.0,28.54755158624679
25,0.0,0.0,0.0,0.0,1.0,2.0,3.0,4.0,4.0,5.0,5.0,6.0,7.0,7.0,8.0,8.0,9.0,9.0,10.0,10.0,11.0,11.0,11.0,12.0,12.0,12.0,13.0,13.0,13.0,13.0,14.0,14.0,14.0,14.0,15.0,15.0,15.0,15.0,16.0,16.0,16.0,17.0,17.0,17.0,18.0,18.0,18.0,18.0,18.0,19.0,19.0,19.0,19.0,20.0,20.0,20.0,20.0,20.0,21.0,21.0,21.0,22.0,22.0,22.0,22.0,23.0,23.0,23.0,24.0,24.0,24.0,24.0,25.0,25.0,25.0,25.0,25.0,26.0,26.0,26.0,26.0,27.0,27.0,27.0,28.0,28.0,29.0,29.0,29.0,30.0,30.0,31.0,31.0,31.0,32.0,33.0,33.0,34.0,36.0,44.0,0.0,1000.4823529422283,1000.7098039388657,1000.8196078538895,2000.058823529631,2000.7529411911964,3000.06274510175,3000.3843137323856,3000.5764706134796,3000.721568644047,3001.0,149.12628173828125,156.89703369140625,161.83648376464845,165.80841979980468,169.25780487060547,172.72906494140625,176.49061584472656,181.58633422851562,194.53164672851562,346.05279541015625,222.30554,1.0,test_data/Useful/Validation/Three Quarter at 1 ft/IMG-20240821-WA0242.jpg,311.0,162.0,33.95948347278353
26,0.0,0.0,0.0,0.0,0.0,1.0,2.0,3.0,3.0,4.0,5.0,6.0,6.0,7.0,7.0,8.0,8.0,9.0,9.0,10.0,10.0,10.0,11.0,11.0,11.0,12.0,12.0,12.0,13.0,13.0,13.0,14.0,14.0,14.0,15.0,15.0,15.0,15.0,16.0,16.0,16.0,16.0,17.0,17.0,17.0,17.0,18.0,18.0,18.0,18.0,19.0,19.0,19.0,19.0,19.0,20.0,20.0,20.0,21.0,21.0,21.0,21.0,22.0,22.0,22.0,22.0,23.0,23.0,23.0,24.0,24.0,24.0,24.0,25.0,25.0,25.0,25.0,26.0,26.0,26.0,26.0,27.0,27.0,27.0,28.0,28.0,28.0,29.0,29.0,30.0,30.0,31.0,31.0,32.0,32.0,33.0,34.0,35.0,37.0,43.0,0.0,1000.4941176474094,1000.7215686440468,1000.8274509906769,2000.2549019753933,2000.7803921699524,3000.0941176488996,3000.407843142748,3000.5882353186607,3000.729411780834,3001.0,149.3192611694336,157.13980102539062,162.1496841430664,166.05069580078126,169.50189208984375,172.99349975585938,176.71157836914062,181.6920166015625,194.43270874023438,346.0655212402344,222.22762,1.0,test_data/Useful/Validation/Three Quarter at 1 ft/IMG-20240821-WA0243.jpg,355.0,188.0,34.33661999485515
27,0.0,0.0,0.0,0.0,0.0,1.0,2.0,3.0,4.0,5.0,5.0,5.8799999999999955,6.0,7.0,7.0,8.0,8.0,9.0,9.0,10.0,10.0,10.779999999999973,11.0,11.0,12.0,12.0,12.0,12.0,13.0,13.0,13.0,14.0,14.0,14.0,15.0,15.0,15.0,15.0,16.0,16.0,16.0,17.0,17.0,17.0,17.0,17.0,18.0,18.0,18.0,19.0,19.0,19.0,19.0,20.0,20.0,20.0,20.0,21.0,21.0,21.0,22.0,22.0,22.0,22.0,22.0,23.0,23.0,23.0,23.0,24.0,24.0,24.0,24.0,25.0,25.0,25.0,25.0,26.0,26.0,26.0,27.0,27.0,27.0,27.0,28.0,28.0,29.0,29.0,29.0,29.0,30.0,30.0,31.0,31.0,32.0,33.0,34.0,35.0,37.0,45.0,0.0,1000.4745098054409,1000.7019608020782,1000.811764717102,2000.0039215688594,2000.7411764860153,3000.054901961237,3000.3725490272045,3000.568627476692,3000.717647075653,3001.0,150.11907348632812,157.67852478027345,162.600732421875,166.51486206054688,169.9837417602539,173.4013214111328,177.10389709472656,182.09768676757812,194.47950744628906,346.0503845214844,221.83653,1.0,test_data/Useful/Validation/Three Quarter at 1 ft/IMG-20240821-WA0244.jpg,333.0,174.0,30.155451945563325
28,0.0,0.0,0.0,0.0,1.0,2.0,3.0,3.0,4.0,5.0,6.0,6.0,7.0,7.0,8.0,9.0,10.0,10.0,10.0,11.0,11.0,11.0,12.0,12.0,12.0,13.0,13.0,13.0,13.0,14.0,14.0,14.0,15.0,15.0,15.0,15.0,16.0,16.0,16.0,16.0,17.0,17.0,17.0,17.0,18.0,18.0,18.0,18.0,19.0,19.0,19.0,19.0,20.0,20.0,20.0,20.0,21.0,21.0,21.0,21.0,21.0,22.0,22.0,22.0,22.0,23.0,23.0,23.0,23.0,24.0,24.0,24.0,25.0,25.0,25.0,25.0,26.0,26.0,26.0,27.0,27.0,27.0,27.0,28.0,28.0,28.0,29.0,29.0,29.110000000000127,30.0,30.0,31.0,31.0,32.0,32.0,33.0,34.0,35.0,37.0,43.0,0.0,1000.4901960790157,1000.7176470756531,1000.8274509906769,2000.2196078449488,2000.7686274647713,3000.0784313753247,3000.3960784375668,3000.584313750267,3000.729411780834,3001.0,149.6159423828125,157.42166137695312,162.3464813232422,166.2882843017578,169.78086853027344,173.20858764648438,177.01113891601562,181.8909454345703,194.2847900390625,346.07080078125,222.01189,1.0,test_data/Useful/Validation/Three Quarter at 1 ft/IMG-20240821-WA0245.jpg,309.0,171.0,34.88603827498739
29,0.0,0.0,0.0,0.0,0.0,1.0,2.0,3.0,3.0,4.0,5.0,5.0,6.0,7.0,7.0,8.0,8.0,9.0,9.0,10.0,10.0,10.0,11.0,11.0,11.0,12.0,12.0,12.0,13.0,13.0,13.0,14.0,14.0,14.0,15.0,15.0,15.0,15.0,16.0,16.0,16.0,17.0,17.0,17.0,17.0,18.0,18.0,18.0,18.0,18.0,19.0,19.0,19.0,19.0,20.0,20.0,20.0,20.0,21.0,21.0,21.0,21.0,21.0,22.0,22.0,22.0,22.0,23.0,23.0,23.0,23.289999999999964,24.0,24.0,24.0,24.0,25.0,25.0,25.0,26.0,26.0,26.0,27.0,27.0,27.0,27.0,28.0,28.0,29.0,29.0,29.0,30.0,30.0,31.0,31.0,32.0,33.0,34.0,35.0,36.0,44.0,0.0,1000.4745098054409,1000.705882370472,1000.811764717102,1000.9803921580315,2000.7372549176216,3000.054901961237,3000.376470595598,3000.572549045086,3000.721568644047,3001.0,150.09012451171876,157.72885437011718,162.61699981689452,166.5338928222656,170.02256774902344,173.37720336914063,177.04782562255858,182.06436157226562,194.39256286621094,346.0622863769531,222.11394,1.0,test_data/Useful/Validation/Three Quarter at 1 ft/IMG-20240821-WA0246.jpg,338.0,173.0,28.90199926764248
30,0.0,0.0,0.0,0.0,1.0,2.0,3.0,3.0,4.0,5.0,5.0,6.0,7.0,7.0,8.0,8.0,9.0,10.0,10.0,10.0,11.0,11.0,11.0,12.0,12.0,12.0,13.0,13.0,13.0,13.0,14.0,14.0,14.0,15.0,15.0,15.0,15.0,16.0,16.0,16.0,16.0,17.0,17.0,17.0,18.0,18.0,18.0,18.0,18.0,19.0,19.0,19.0,19.0,20.0,20.0,20.0,20.0,21.0,21.0,21.0,22.0,22.0,22.0,22.0,23.0,23.0,23.0,23.0,24.0,24.0,24.0,24.0,24.0,25.0,25.0,25.0,26.0,26.0,26.0,27.0,27.0,27.0,28.0,28.0,28.0,28.0,29.0,29.0,29.0,30.0,30.0,31.0,31.0,32.0,32.0,33.0,34.0,35.0,37.0,41.0,0.0,1000.4901960790157,1000.7137255072594,1000.8196078538895,2000.0078431377187,2000.7607843279839,3000.0784313753247,3000.3960784375668,3000.5803921818733,3000.7254902124405,3001.0,149.46078491210938,157.18667602539062,162.17896118164063,166.11849975585938,169.59780883789062,173.04290771484375,176.7632629394531,181.74490661621095,194.48297119140625,346.06549072265625,222.04819,1.0,test_data/Useful/Validation/Three Quarter at 1 ft/IMG-20240821-WA0247.jpg,319.0,177.0,29.927273733269708
31,0.0,0.0,0.0,0.0,1.0,1.0,2.0,3.0,4.0,5.0,5.0,6.0,7.0,8.0,8.0,9.0,9.0,10.0,10.0,10.0,11.0,11.0,12.0,12.0,12.0,13.0,13.0,13.0,14.0,14.0,14.0,14.0,15.0,15.0,15.0,15.0,16.0,16.0,16.0,16.0,17.0,17.0,17.0,17.559999999999945,18.0,18.0,18.0,18.0,19.0,19.0,19.0,19.0,20.0,20.0,20.0,20.0,20.0,21.0,21.0,21.0,21.0,22.0,22.0,22.0,22.0,23.0,23.0,23.0,23.0,24.0,24.0,24.0,25.0,25.0,25.0,25.0,25.230000000000018,26.0,26.0,26.0,26.0,27.0,27.0,27.159999999999854,28.0,28.0,28.0,29.0,29.0,30.0,30.0,31.0,31.0,32.0,32.0,33.0,34.0,35.0,37.0,42.0,0.0,1000.6000000238419,1000.7568627595901,1000.8549019694328,2000.2941176593304,2000.717647075653,3000.0784313753247,3000.435294121504,3000.6039215922356,3000.7254902124405,3001.0,146.4513702392578,154.29306030273438,159.39142456054688,163.47818603515626,167.1494903564453,170.85121154785156,174.9125518798828,180.5929412841797,194.70205688476562,346.0595703125,222.92741,1.0,test_data/Useful/Validation/Three Quarter at 1 ft/IMG-20240821-WA0248.jpg,310.0,159.0,27.52030375904704
32,0.0,0.0,0.0,0.0,0.0,1.0,2.0,3.0,4.0,5.0,5.0,6.0,6.0,7.0,8.0,8.0,9.0,10.0,10.0,10.0,11.0,11.0,11.0,12.0,12.0,12.0,13.0,13.0,13.0,13.0,14.0,14.0,14.0,14.0,15.0,15.0,15.0,16.0,16.0,16.0,16.0,17.0,17.0,17.0,17.0,17.0,18.0,18.0,18.0,18.0,19.0,19.0,19.0,19.0,19.0,20.0,20.0,20.0,21.0,21.0,21.0,21.0,22.0,22.0,22.0,22.0,23.0,23.0,23.0,24.0,24.0,24.0,24.0,25.0,25.0,25.0,25.0,26.0,26.0,26.0,26.0,27.0,27.0,27.0,28.0,28.0,28.0,29.0,29.0,29.0,30.0,30.0,31.0,32.0,32.0,33.0,34.0,35.0,36.0,42.0,0.0,1000.611764729023,1000.7647058963776,1000.8823529481888,2000.4039215743542,2000.7137255072594,3000.019607843831,3000.392156869173,3000.5803921818733,3000.7098039388657,3001.0,145.9043701171875,153.8135986328125,158.9535369873047,162.99732666015626,166.69363403320312,170.43564453125,174.58496856689453,180.33631591796876,194.73875427246094,346.05474853515625,222.51642,1.0,test_data/Useful/Validation/Three Quarter at 1 ft/IMG-20240821-WA0249.jpg,349.0,181.0,25.333804923080955
33,0.0,0.0,0.0,0.0,0.0,1.0,2.0,3.0,4.0,4.0,5.0,6.0,6.0,7.0,7.0,8.0,9.0,9.0,10.0,10.0,10.0,11.0,11.0,11.0,12.0,12.0,12.0,12.720000000000027,13.0,13.0,13.0,14.0,14.0,14.0,14.0,15.0,15.0,15.0,16.0,16.0,16.0,16.0,17.0,17.0,17.0,18.0,18.0,18.0,18.0,18.5,19.0,19.0,19.0,19.0,20.0,20.0,20.0,20.0,21.0,21.0,21.0,21.0,21.37000000000012,22.0,22.0,22.0,23.0,23.0,23.0,23.0,24.0,24.0,24.0,24.0,25.0,25.0,25.0,26.0,26.0,26.0,26.190000000000055,27.0,27.0,27.0,28.0,28.0,28.0,29.0,29.0,29.0,30.0,30.0,31.0,31.0,32.0,33.0,33.0,35.0,36.0,43.0,0.0,1000.6078431606293,1000.7607843279839,1000.8627451062202,2000.3882353007793,2000.7254902124405,3000.0509803928435,3000.4156862795353,3000.5882353186607,3000.7098039388657,3001.0,145.35894317626952,153.28463745117188,158.41836547851562,162.5421112060547,166.30159759521484,170.01032104492188,174.1925048828125,180.0565948486328,194.7152862548828,346.0476379394531,223.0533,1.0,test_data/Useful/Validation/Three Quarter at 1 ft/IMG-20240821-WA0250.jpg,321.0,152.0,28.794388810096997
34,0.0,0.0,0.0,0.0,0.0,1.0,2.0,3.0,3.0,4.0,5.0,5.0,6.0,7.0,7.0,8.0,8.0,9.0,9.0,10.0,10.0,10.0,11.0,11.0,11.0,12.0,12.0,12.0,13.0,13.0,13.0,14.0,14.0,14.0,15.0,15.0,15.0,15.0,16.0,16.0,16.0,17.0,17.0,17.0,17.0,18.0,18.0,18.0,18.0,18.0,19.0,19.0,19.0,19.0,20.0,20.0,20.0,20.0,21.0,21.0,21.0,21.0,21.0,22.0,22.0,22.0,22.0,23.0,23.0,23.0,23.289999999999964,24.0,24.0,24.0,24.0,25.0,25.0,25.0,26.0,26.0,26.0,27.0,27.0,27.0,27.0,28.0,28.0,29.0,29.0,29.0,30.0,30.0,31.0,31.0,32.0,33.0,34.0,35.0,36.0,44.0,0.0,1000.4745098054409,1000.705882370472,1000.811764717102,1000.9803921580315,2000.7372549176216,3000.054901961237,3000.376470595598,3000.572549045086,3000.721568644047,3001.0,150.09012451171876,157.72885437011718,162.61699981689452,166.5338928222656,170.02256774902344,173.37720336914063,177.04782562255858,182.06436157226562,194.39256286621094,346.0622863769531,222.11394,1.0,test_data/Useful/Validation/Three Quarter at 1 ft/IMG-20240821-WA0251.jpg,338.0,173.0,28.173320925842972
35,0.0,0.0,0.0,0.0,1.0,2.0,3.0,3.0,4.0,5.0,6.0,6.0,7.0,7.0,8.0,9.0,10.0,10.0,10.0,11.0,11.0,11.0,12.0,12.0,12.0,13.0,13.0,13.0,13.0,14.0,14.0,14.0,15.0,15.0,15.0,15.0,16.0,16.0,16.0,16.0,17.0,17.0,17.0,17.0,18.0,18.0,18.0,18.0,19.0,19.0,19.0,19.0,20.0,20.0,20.0,20.0,21.0,21.0,21.0,21.0,21.0,22.0,22.0,22.0,22.0,23.0,23.0,23.0,23.0,24.0,24.0,24.0,25.0,25.0,25.0,25.0,26.0,26.0,26.0,27.0,27.0,27.0,27.0,28.0,28.0,28.0,29.0,29.0,29.110000000000127,30.0,30.0,31.0,31.0,32.0,32.0,33.0,34.0,35.0,37.0,43.0,0.0,1000.4901960790157,1000.7176470756531,1000.8274509906769,2000.2196078449488,2000.7686274647713,3000.0784313753247,3000.3960784375668,3000.584313750267,3000.729411780834,3001.0,149.6159423828125,157.42166137695312,162.3464813232422,166.2882843017578,169.78086853027344,173.20858764648438,177.01113891601562,181.8909454345703,194.2847900390625,346.07080078125,222.01189,1.0,test_data/Useful/Validation/Three Quarter at 1 ft/IMG-20240821-WA0252.jpg,309.0,171.0,29.801528148316393
36,0.0,0.0,0.0,0.0,0.0,1.0,2.0,3.0,4.0,5.0,5.0,6.0,6.0,7.0,8.0,8.0,9.0,9.0,10.0,10.0,11.0,11.0,11.0,11.0,12.0,12.0,12.0,12.0,13.0,13.0,13.0,14.0,14.0,14.0,15.0,15.0,15.0,16.0,16.0,16.0,16.0,16.579999999999927,17.0,17.0,17.0,18.0,18.0,18.0,18.0,18.0,19.0,19.0,19.0,19.0,20.0,20.0,20.0,20.0,21.0,21.0,21.0,21.0,22.0,22.0,22.0,22.0,23.0,23.0,23.0,24.0,24.0,24.0,24.0,25.0,25.0,25.0,25.0,26.0,26.0,26.0,27.0,27.0,27.0,28.0,28.0,28.0,29.0,29.0,30.0,30.0,31.0,31.0,31.0,32.0,33.0,33.0,34.0,35.0,37.0,43.0,0.0,1000.4901960790157,1000.7098039388657,1000.811764717102,1000.9607843160629,2000.6705882549286,3000.023529412225,3000.3568627536297,3000.5647059082985,3000.717647075653,3001.0,149.0006866455078,156.78160095214844,161.77383422851562,165.7170867919922,169.21511840820312,172.70196533203125,176.49322509765625,181.50921630859375,194.36322021484375,346.0472412109375,222.04953,1.0,test_data/Useful/Validation/Three Quarter at 1 ft/IMG-20240821-WA0253.jpg,318.0,160.0,33.456552288836036
37,0.0,0.0,0.0,0.0,0.0,1.0,2.0,3.0,4.0,4.0,5.0,6.0,6.0,7.0,7.0,8.0,9.0,9.0,10.0,10.0,10.0,11.0,11.0,11.0,12.0,12.0,12.0,12.720000000000027,13.0,13.0,13.0,14.0,14.0,14.0,14.0,15.0,15.0,15.0,16.0,16.0,16.0,16.0,17.0,17.0,17.0,18.0,18.0,18.0,18.0,18.5,19.0,19.0,19.0,19.0,20.0,20.0,20.0,20.0,21.0,21.0,21.0,21.0,21.37000000000012,22.0,22.0,22.0,23.0,23.0,23.0,23.0,24.0,24.0,24.0,24.0,25.0,25.0,25.0,26.0,26.0,26.0,26.190000000000055,27.0,27.0,27.0,28.0,28.0,28.0,29.0,29.0,29.0,30.0,30.0,31.0,31.0,32.0,33.0,33.0,35.0,36.0,43.0,0.0,1000.6078431606293,1000.7607843279839,1000.8627451062202,2000.3882353007793,2000.7254902124405,3000.0509803928435,3000.4156862795353,3000.5882353186607,3000.7098039388657,3001.0,145.35894317626952,153.28463745117188,158.41836547851562,162.5421112060547,166.30159759521484,170.01032104492188,174.1925048828125,180.0565948486328,194.7152862548828,346.0476379394531,223.0533,1.0,test_data/Useful/Validation/Three Quarter at 1 ft/IMG-20240821-WA0254.jpg,321.0,152.0,29.978105915708873
38,0.0,0.0,0.0,0.0,0.0,0.0,1.0,1.0,2.0,3.0,4.0,5.0,5.0,6.0,7.0,7.0,8.0,8.0,9.0,9.0,10.0,10.0,10.0,10.0,11.0,11.0,11.0,11.0,12.0,12.0,12.0,13.0,13.0,13.0,13.0,14.0,14.0,14.0,14.0,14.0,15.0,15.0,15.0,15.0,16.0,16.0,16.0,16.0,17.0,17.0,17.0,17.0,18.0,18.0,18.0,18.0,19.0,19.0,19.0,19.0,20.0,20.0,20.0,20.0,21.0,21.0,21.0,21.0,22.0,22.0,22.0,22.0,23.0,23.0,23.0,24.0,24.0,24.0,24.0,25.0,25.0,25.0,26.0,26.0,26.0,27.0,27.0,28.0,28.0,28.0,29.0,29.0,30.0,30.0,31.0,32.0,33.0,34.0,36.0,43.0,0.0,1000.4039215743542,1000.6549019813538,1000.7882353067398,2000.4039215743542,2000.7137255072594,3000.054901961237,3000.3176470696926,3000.4941176474094,3000.635294139385,3001.0,146.87884521484375,154.8035888671875,159.89205932617188,163.84037170410156,167.39309692382812,170.9281463623047,174.8119110107422,180.04005432128906,193.1207275390625,345.7610778808594,222.05965,1.0,test_data/Useful/Validation/Three Quarter at 1 ft/IMG-20240821-WA0255.jpg,326.0,187.0,32.083776473810055
39,0.0,0.0,0.0,0.0,0.0,1.0,2.0,3.0,4.0,4.0,5.0,6.0,7.0,7.0,8.0,9.0,9.0,9.0,10.0,10.0,11.0,11.0,11.0,11.0,12.0,12.0,12.0,13.0,13.0,13.0,13.0,14.0,14.0,14.0,15.0,15.0,15.0,15.0,16.0,16.0,16.0,16.579999999999927,17.0,17.0,17.0,18.0,18.0,18.0,18.0,19.0,19.0,19.0,19.0,19.0,20.0,20.0,20.0,20.0,21.0,21.0,21.0,21.0,22.0,22.0,22.0,22.0,23.0,23.0,23.0,23.0,23.0,24.0,24.0,24.0,25.0,25.0,25.0,26.0,26.0,26.0,26.0,27.0,27.0,27.0,28.0,28.0,29.0,29.0,29.0,30.0,30.0,31.0,31.0,32.0,33.0,33.0,34.0,35.0,37.0,42.0,0.0,1000.5294117927551,1000.7372549176216,1000.8470588326454,2000.3490196168423,2000.745098054409,3000.0509803928435,3000.380392163992,3000.572549045086,3000.717647075653,3001.0,149.20603942871094,156.96282958984375,161.85422210693358,165.7744140625,169.263671875,172.71287536621094,176.49862670898438,181.48086547851562,194.35781860351562,346.0535888671875,221.83026,1.0,test_data/Useful/Validation/Three Quarter at 1 ft/IMG-20240821-WA0256.jpg,325.0,172.0,29.142888960620503
40,0.0,0.0,0.0,0.0,0.0,0.0,1.0,2.0,3.0,3.0,4.0,4.0,5.0,5.0,6.0,6.0,7.0,7.0,8.0,8.800000000000011,9.0,10.0,10.0,10.0,10.0,11.0,11.0,11.0,12.0,12.0,13.0,13.0,13.0,13.0,14.0,14.0,14.0,14.0,15.0,15.0,15.0,16.0,16.0,16.0,16.0,17.0,17.0,17.0,18.0,18.0,18.0,18.0,19.0,19.0,19.0,19.0,19.0,20.0,20.0,20.0,20.0,21.0,21.0,21.0,21.0,22.0,22.0,22.0,23.0,23.0,23.0,23.0,24.0,24.0,24.0,25.0,25.0,25.0,25.0,25.0,26.0,26.0,26.0,27.0,27.0,27.0,28.0,28.0,28.0,29.0,29.0,30.0,30.0,31.0,31.0,32.0,33.0,34.0,35.0,41.0,0.0,1000.3019607961178,1000.5490196347237,1000.705882370472,1000.811764717102,1000.9529411792755,2000.2705882489681,2000.4941176474094,2000.6588235497475,2000.7921568751335,3001.0,148.3505096435547,155.9066925048828,160.83596649169922,164.747607421875,168.2694320678711,171.6912841796875,175.46160888671875,180.58441162109375,193.46620178222656,346.037353515625,222.27858,1.0,test_data/Useful/Validation/Three Quarter at 1 ft/WhatsApp Image 2024-08-21 at 14.16.45.jpeg,337.0,182.0,31.915697233504478
41,0.0,0.0,0.0,0.0,0.0,0.0,1.0,2.0,3.0,3.0,5.0,5.0,6.0,7.0,7.0,8.0,8.0,9.0,9.0,10.0,10.0,10.0,11.0,11.0,11.0,12.0,12.0,12.0,13.0,13.0,13.0,14.0,14.0,14.0,14.0,14.0,15.0,15.0,15.0,15.0,16.0,16.0,16.0,17.0,17.0,17.0,17.0,18.0,18.0,18.0,18.0,19.0,19.0,19.0,19.0,19.440000000000055,20.0,20.0,20.0,21.0,21.0,21.0,21.0,21.0,22.0,22.0,22.0,23.0,23.0,23.0,23.0,24.0,24.0,24.0,24.0,25.0,25.0,25.0,26.0,26.0,26.0,26.0,27.0,27.0,28.0,28.0,28.0,28.0,29.0,29.0,30.0,30.0,31.0,31.0,32.0,33.0,33.029999999999745,35.0,37.0,42.0,0.0,1000.2901960909367,1000.5294117927551,1000.6862745285034,1000.7921568751335,1000.9098039269447,2000.2274509817362,2000.4784313738346,2000.65098041296,2000.7886274635796,3001.0,148.02778015136718,155.75350952148438,160.82852172851562,164.80050659179688,168.23635864257812,171.73533325195314,175.5021499633789,180.57396850585937,193.59112548828125,346.0261535644531,222.03412,1.0,test_data/Useful/Validation/Three Quarter at 1 ft/WhatsApp Image 2024-08-21 at 14.16.46 (1).jpeg,344.0,190.0,33.33785833012906
42,0.0,0.0,0.0,0.0,0.0,0.0,1.0,1.0,2.0,3.0,4.0,5.0,5.0,6.0,6.0,6.0,7.0,8.0,8.0,9.0,9.0,10.0,10.0,10.0,11.0,11.0,11.0,12.0,12.0,12.0,13.0,13.0,13.0,14.0,14.0,14.0,14.0,15.0,15.0,15.0,16.0,16.0,16.0,17.0,17.0,17.0,17.0,18.0,18.0,18.0,18.0,18.0,19.0,19.0,19.0,19.0,20.0,20.0,20.0,20.0,21.0,21.0,21.0,22.0,22.0,22.0,22.0,22.0,23.0,23.0,23.0,24.0,24.0,24.0,24.0,25.0,25.0,25.0,25.0,26.0,26.0,26.0,27.0,27.0,27.0,28.0,28.0,28.0,29.0,29.0,30.0,30.0,30.070000000000164,31.0,32.0,33.0,33.0,35.0,36.0,40.0,0.0,1000.2784313857555,1000.5137255191803,1000.6705882549286,1000.7764706015587,1000.8823529481888,2000.1411764770746,2000.447058826685,2000.6352941393852,2000.784313738346,3001.0,148.4883270263672,156.19366455078125,161.0764923095703,164.9977264404297,168.4722137451172,171.88063049316406,175.57212982177734,180.53766479492188,193.28355407714844,346.035888671875,222.05731,1.0,test_data/Useful/Validation/Three Quarter at 1 ft/WhatsApp Image 2024-08-21 at 14.16.46 (2).jpeg,349.0,205.0,30.94442982221164
43,0.0,0.0,0.0,0.0,0.0,0.0,1.0,2.0,2.0,3.0,4.0,5.0,5.0,6.0,6.0,7.0,8.0,8.0,9.0,9.0,10.0,10.0,10.0,11.0,11.0,11.0,12.0,12.0,12.0,13.0,13.0,13.0,14.0,14.0,14.0,14.0,15.0,15.0,15.0,15.0,16.0,16.0,16.0,17.0,17.0,17.0,17.0,18.0,18.0,18.0,18.0,19.0,19.0,19.0,19.0,19.0,20.0,20.0,20.0,21.0,21.0,21.0,21.0,22.0,22.0,22.0,22.0,23.0,23.0,23.0,23.0,24.0,24.0,24.0,24.0,25.0,25.0,25.0,26.0,26.0,26.0,27.0,27.0,27.0,27.0,28.0,28.0,28.0,29.0,29.0,30.0,30.0,31.0,31.0,32.0,33.0,34.0,35.0,36.0,41.0,0.0,1000.2941176593304,1000.5333333611488,1000.6823529601097,1000.7843137383461,1000.8901960849762,2000.1725490242243,2000.4627451002598,2000.6431372761726,2000.784313738346,3001.0,148.48190307617188,156.2400360107422,161.16744995117188,165.02891540527344,168.53369140625,171.959228515625,175.71728515625,180.69866943359375,193.5574493408203,346.05230712890625,222.15991,1.0,test_data/Useful/Validation/Three Quarter at 1 ft/WhatsApp Image 2024-08-21 at 14.16.46 (3).jpeg,337.0,181.0,35.29781363369958
44,0.0,0.0,0.0,0.0,0.0,0.0,1.0,1.0,2.0,3.0,4.0,4.0,5.0,6.0,6.0,7.0,7.0,8.0,8.0,9.0,9.0,10.0,10.0,10.0,11.0,11.0,11.0,11.0,12.0,12.0,12.0,13.0,13.0,13.0,13.0,14.0,14.0,14.0,15.0,15.0,15.0,15.0,16.0,16.0,16.0,17.0,17.0,17.0,18.0,18.0,18.0,18.0,19.0,19.0,19.0,19.0,20.0,20.0,20.0,21.0,21.0,21.0,22.0,22.0,22.0,22.0,22.0,23.0,23.0,23.0,23.0,24.0,24.0,24.0,24.25,25.0,25.0,25.0,26.0,26.0,26.0,27.0,27.0,27.0,28.0,28.0,28.0,29.0,29.0,29.0,30.0,30.0,31.0,31.0,32.0,33.0,33.0,34.0,36.0,42.0,0.0,1000.2784313857555,1000.5137255191803,1000.6705882549286,1000.7764706015587,1000.8784313797951,2000.1294117718935,2000.4509803950787,2000.6431372761726,2000.7960784435272,3001.0,148.4706039428711,156.2125671386719,161.20081329345703,165.07418518066407,168.54436492919922,171.955078125,175.63119506835938,180.58612060546875,193.2783203125,346.0429382324219,222.41264,1.0,test_data/Useful/Validation/Three Quarter at 1 ft/WhatsApp Image 2024-08-21 at 14.16.46.jpeg,348.0,198.0,32.8008715265199
45,0.0,0.0,0.0,0.0,0.0,0.0,1.0,2.0,3.0,3.0,5.0,5.0,6.0,7.0,7.0,8.0,8.0,9.0,9.0,10.0,10.0,10.0,11.0,11.0,11.0,12.0,12.0,12.0,13.0,13.0,13.0,14.0,14.0,14.0,14.0,14.0,15.0,15.0,15.0,15.0,16.0,16.0,16.0,17.0,17.0,17.0,17.0,18.0,18.0,18.0,18.0,19.0,19.0,19.0,19.0,19.440000000000055,20.0,20.0,20.0,21.0,21.0,21.0,21.0,21.0,22.0,22.0,22.0,23.0,23.0,23.0,23.0,24.0,24.0,24.0,24.0,25.0,25.0,25.0,26.0,26.0,26.0,26.0,27.0,27.0,28.0,28.0,28.0,28.0,29.0,29.0,30.0,30.0,31.0,31.0,32.0,33.0,33.029999999999745,35.0,37.0,42.0,0.0,1000.2901960909367,1000.5294117927551,1000.6862745285034,1000.7921568751335,1000.9098039269447,2000.2274509817362,2000.4784313738346,2000.65098041296,2000.7886274635796,3001.0,148.02778015136718,155.75350952148438,160.82852172851562,164.80050659179688,168.23635864257812,171.73533325195314,175.5021499633789,180.57396850585937,193.59112548828125,346.0261535644531,222.03412,1.0,test_data/Useful/Validation/Three Quarter at 1 ft/WhatsApp Image 2024-08-21 at 14.16.47 (1).jpeg,344.0,190.0,29.80390809323359
46,0.0,0.0,0.0,0.0,0.0,0.0,1.0,2.0,2.0,3.0,4.0,5.0,5.0,6.0,6.0,7.0,8.0,8.0,9.0,9.0,10.0,10.0,10.0,11.0,11.0,11.0,12.0,12.0,12.0,13.0,13.0,13.0,14.0,14.0,14.0,14.0,15.0,15.0,15.0,15.0,16.0,16.0,16.0,17.0,17.0,17.0,17.0,18.0,18.0,18.0,18.0,19.0,19.0,19.0,19.0,19.0,20.0,20.0,20.0,21.0,21.0,21.0,21.0,22.0,22.0,22.0,22.0,23.0,23.0,23.0,23.0,24.0,24.0,24.0,24.0,25.0,25.0,25.0,26.0,26.0,26.0,27.0,27.0,27.0,27.0,28.0,28.0,28.0,29.0,29.0,30.0,30.0,31.0,31.0,32.0,33.0,34.0,35.0,36.0,41.0,0.0,1000.2941176593304,1000.5333333611488,1000.6823529601097,1000.7843137383461,1000.8901960849762,2000.1725490242243,2000.4627451002598,2000.6431372761726,2000.784313738346,3001.0,148.48190307617188,156.2400360107422,161.16744995117188,165.02891540527344,168.53369140625,171.959228515625,175.71728515625,180.69866943359375,193.5574493408203,346.05230712890625,222.15991,1.0,test_data/Useful/Validation/Three Quarter at 1 ft/WhatsApp Image 2024-08-21 at 14.16.47 (2).jpeg,337.0,181.0,31.51187061388296
47,0.0,0.0,0.0,0.0,0.0,0.0,1.0,2.0,3.0,4.0,4.0,5.0,6.0,6.0,7.0,8.0,8.0,9.0,9.0,10.0,10.0,10.0,11.0,11.0,11.0,12.0,12.0,12.0,13.0,13.0,13.0,13.0,14.0,14.0,14.0,14.0,15.0,15.0,15.0,15.0,16.0,16.0,16.0,16.559999999999945,17.0,17.0,17.0,18.0,18.0,18.0,18.0,19.0,19.0,19.0,19.0,20.0,20.0,20.0,20.0,21.0,21.0,21.0,21.0,22.0,22.0,22.0,22.0,23.0,23.0,23.0,23.0,24.0,24.0,24.0,24.0,25.0,25.0,25.0,25.210000000000036,26.0,26.0,26.0,27.0,27.0,27.0,28.0,28.0,28.0,29.0,29.0,30.0,30.0,30.070000000000164,31.0,32.0,32.0,33.0,35.0,36.0,42.0,0.0,1000.2784313857555,1000.5058823823929,1000.6627451181412,1000.772549033165,1000.8784313797951,2000.1294117718935,2000.4392156898975,2000.6274510025978,2000.7764706015587,3001.0,148.12179107666014,155.80671081542968,160.7328140258789,164.6353271484375,168.18502044677734,171.60316467285156,175.33885192871094,180.40377807617188,193.424560546875,346.01837158203125,222.393,1.0,test_data/Useful/Validation/Three Quarter at 1 ft/WhatsApp Image 2024-08-21 at 14.16.47 (3).jpeg,339.0,188.0,23.172179888463127
48,0.0,0.0,0.0,0.0,0.0,0.0,1.0,1.0,2.0,3.0,4.0,5.0,5.0,6.0,6.0,6.0,7.0,8.0,8.0,9.0,9.0,10.0,10.0,10.0,11.0,11.0,11.0,12.0,12.0,12.0,13.0,13.0,13.0,14.0,14.0,14.0,14.0,15.0,15.0,15.0,16.0,16.0,16.0,17.0,17.0,17.0,17.0,18.0,18.0,18.0,18.0,18.0,19.0,19.0,19.0,19.0,20.0,20.0,20.0,20.0,21.0,21.0,21.0,22.0,22.0,22.0,22.0,22.0,23.0,23.0,23.0,24.0,24.0,24.0,24.0,25.0,25.0,25.0,25.0,26.0,26.0,26.0,27.0,27.0,27.0,28.0,28.0,28.0,29.0,29.0,30.0,30.0,30.070000000000164,31.0,32.0,33.0,33.0,35.0,36.0,40.0,0.0,1000.2784313857555,1000.5137255191803,1000.6705882549286,1000.7764706015587,1000.8823529481888,2000.1411764770746,2000.447058826685,2000.6352941393852,2000.784313738346,3001.0,148.4883270263672,156.19366455078125,161.0764923095703,164.9977264404297,168.4722137451172,171.88063049316406,175.57212982177734,180.53766479492188,193.28355407714844,346.035888671875,222.05731,1.0,test_data/Useful/Validation/Three Quarter at 1 ft/WhatsApp Image 2024-08-21 at 14.16.47.jpeg,349.0,205.0,27.99300549087056
49,0.0,0.0,0.0,0.0,0.0,0.0,1.0,2.0,3.0,4.0,4.0,5.0,6.0,6.0,7.0,8.0,8.0,9.0,9.0,10.0,10.0,10.0,11.0,11.0,11.0,12.0,12.0,12.0,13.0,13.0,13.0,13.0,14.0,14.0,14.0,14.0,15.0,15.0,15.0,15.0,16.0,16.0,16.0,16.559999999999945,17.0,17.0,17.0,18.0,18.0,18.0,18.0,19.0,19.0,19.0,19.0,20.0,20.0,20.0,20.0,21.0,21.0,21.0,21.0,22.0,22.0,22.0,22.0,23.0,23.0,23.0,23.0,24.0,24.0,24.0,24.0,25.0,25.0,25.0,25.210000000000036,26.0,26.0,26.0,27.0,27.0,27.0,28.0,28.0,28.0,29.0,29.0,30.0,30.0,30.070000000000164,31.0,32.0,32.0,33.0,35.0,36.0,42.0,0.0,1000.2784313857555,1000.5058823823929,1000.6627451181412,1000.772549033165,1000.8784313797951,2000.1294117718935,2000.4392156898975,2000.6274510025978,2000.7764706015587,3001.0,148.12179107666014,155.80671081542968,160.7328140258789,164.6353271484375,168.18502044677734,171.60316467285156,175.33885192871094,180.40377807617188,193.424560546875,346.01837158203125,222.393,1.0,test_data/Useful/Validation/Three Quarter at 1 ft/WhatsApp Image 2024-08-21 at 14.16.48 (1).jpeg,339.0,188.0,35.24436550183511
50,0.0,0.0,0.0,0.0,0.0,0.0,1.0,2.0,3.0,4.0,4.0,5.0,6.0,6.0,7.0,8.0,8.0,9.0,9.0,10.0,10.0,10.0,11.0,11.0,11.0,12.0,12.0,13.0,13.0,13.0,13.0,14.0,14.0,14.0,14.0,15.0,15.0,15.0,16.0,16.0,16.0,16.0,17.0,17.0,17.0,17.0,18.0,18.0,18.0,19.0,19.0,19.0,19.0,20.0,20.0,20.0,20.0,20.0,21.0,21.0,21.0,21.0,22.0,22.0,22.0,22.0,22.330000000000155,23.0,23.0,23.0,23.0,24.0,24.0,24.0,24.0,25.0,25.0,25.0,26.0,26.0,26.0,26.0,27.0,27.0,28.0,28.0,28.0,29.0,29.0,29.0,30.0,30.0,31.0,31.0,32.0,32.0,33.0,34.0,35.0,42.0,0.0,1000.3490196168423,1000.5882353186607,1000.7254902124405,1000.8274509906769,2000.0039215688594,2000.3098039329052,2000.5098039507866,2000.6627451181412,2000.7882353067398,3001.0,147.63058471679688,155.39212036132812,160.33255615234376,164.29106445312502,167.86045837402344,171.39073486328124,175.21527862548828,180.44177551269533,193.80850219726562,346.03460693359375,222.39493,1.0,test_data/Useful/Validation/Three Quarter at 1 ft/WhatsApp Image 2024-08-21 at 14.16.48 (2).jpeg,368.0,180.0,33.529357380395936
51,0.0,0.0,0.0,0.0,0.0,0.0,1.0,2.0,2.0,3.0,3.0,4.0,5.0,6.0,6.0,7.0,7.0,8.0,8.0,9.0,9.0,10.0,10.0,11.0,11.0,11.0,11.0,12.0,12.0,12.699999999999932,13.0,13.0,13.0,14.0,14.0,14.0,15.0,15.0,15.0,15.0,16.0,16.0,16.0,17.0,17.0,17.0,17.0,18.0,18.0,18.0,18.0,19.0,19.0,19.0,20.0,20.0,20.0,20.0,20.0,21.0,21.0,21.0,21.0,22.0,22.0,22.0,22.0,22.0,23.0,23.0,23.0,24.0,24.0,24.0,24.0,25.0,25.0,25.220000000000027,26.0,26.0,26.0,27.0,27.0,27.0,28.0,28.0,28.0,29.0,29.0,30.0,30.0,30.0,31.0,32.0,32.0,33.0,33.0,34.0,36.0,43.0,0.0,1000.3215686380863,1000.5607843399048,1000.7098039388657,1000.811764717102,1000.9647058844566,2000.2627451121807,2000.4784313738346,2000.6352941393852,2000.7686274647713,3001.0,147.7638702392578,155.57636108398438,160.50405578613282,164.51870727539062,167.97943115234375,171.39822387695312,175.17092895507812,180.34686279296875,193.51988220214844,346.0278015136719,222.33641,1.0,test_data/Useful/Validation/Three Quarter at 1 ft/WhatsApp Image 2024-08-21 at 14.16.48 (3).jpeg,352.0,199.0,35.18513927036257
52,0.0,0.0,0.0,0.0,0.0,0.0,1.0,2.0,3.0,4.0,4.0,5.0,6.0,6.0,7.0,8.0,8.0,9.0,9.0,10.0,10.0,10.0,11.0,11.0,11.0,12.0,12.0,13.0,13.0,13.0,13.0,14.0,14.0,14.0,14.0,15.0,15.0,15.0,16.0,16.0,16.0,16.0,17.0,17.0,17.0,17.0,18.0,18.0,18.0,19.0,19.0,19.0,19.0,20.0,20.0,20.0,20.0,20.0,21.0,21.0,21.0,21.0,22.0,22.0,22.0,22.0,22.330000000000155,23.0,23.0,23.0,23.0,24.0,24.0,24.0,24.0,25.0,25.0,25.0,26.0,26.0,26.0,26.0,27.0,27.0,28.0,28.0,28.0,29.0,29.0,29.0,30.0,30.0,31.0,31.0,32.0,32.0,33.0,34.0,35.0,42.0,0.0,1000.3490196168423,1000.5882353186607,1000.7254902124405,1000.8274509906769,2000.0039215688594,2000.3098039329052,2000.5098039507866,2000.6627451181412,2000.7882353067398,3001.0,147.63058471679688,155.39212036132812,160.33255615234376,164.29106445312502,167.86045837402344,171.39073486328124,175.21527862548828,180.44177551269533,193.80850219726562,346.03460693359375,222.39493,1.0,test_data/Useful/Validation/Three Quarter at 1 ft/WhatsApp Image 2024-08-21 at 14.16.48.jpeg,368.0,180.0,32.519422090337486
53,0.0,0.0,0.0,0.0,0.0,1.0,2.0,3.0,4.0,4.0,5.0,6.0,7.0,7.0,8.0,8.0,9.0,9.0,10.0,10.0,11.0,11.0,11.0,11.759999999999991,12.0,12.0,12.0,13.0,13.0,13.0,13.0,14.0,14.0,14.0,15.0,15.0,15.0,15.0,15.610000000000014,16.0,16.0,16.0,16.0,17.0,17.0,17.0,17.0,18.0,18.0,18.0,18.0,19.0,19.0,19.0,20.0,20.0,20.0,20.0,21.0,21.0,21.0,22.0,22.0,22.0,22.0,23.0,23.0,23.0,23.0,24.0,24.0,24.0,24.0,25.0,25.0,25.0,26.0,26.0,26.0,27.0,27.0,27.0,28.0,28.0,28.0,29.0,29.0,29.0,30.0,30.0,30.0,31.0,31.0,32.0,32.0,33.0,34.0,35.0,37.0,44.0,0.0,1000.352941185236,1000.5921568870544,1000.7294117808342,1000.839215695858,2000.0196078438312,2000.3294117748737,2000.517647087574,2000.6588235497475,2000.7803921699524,3001.0,147.6216278076172,155.4910125732422,160.490966796875,164.37960815429688,167.88247680664062,171.35169677734376,175.19182586669922,180.33948364257813,193.5709228515625,346.028076171875,222.62636,1.0,test_data/Useful/Validation/Three Quarter at 1 ft/WhatsApp Image 2024-08-21 at 14.16.49 (1).jpeg,329.0,187.0,29.72296285509969
54,0.0,0.0,0.0,0.0,0.0,0.0,0.9300000000000068,1.0,2.0,3.0,4.0,4.0,5.0,5.0,6.0,7.0,8.0,8.0,9.0,9.0,10.0,10.0,10.0,11.0,11.0,12.0,12.0,12.0,13.0,13.0,13.0,13.0,14.0,14.0,14.0,14.0,15.0,15.0,15.0,16.0,16.0,16.0,16.0,17.0,17.0,17.0,17.0,18.0,18.0,18.0,18.49000000000001,19.0,19.0,19.0,19.0,20.0,20.0,20.0,20.0,21.0,21.0,21.0,21.0,22.0,22.0,22.0,22.0,23.0,23.0,23.0,24.0,24.0,24.0,24.0,25.0,25.0,25.0,25.0,26.0,26.0,26.0,27.0,27.0,27.0,28.0,28.0,28.0,29.0,29.0,29.0,30.0,30.0,31.0,31.0,32.0,33.0,34.0,35.0,36.00999999999976,41.0,0.0,1000.3294117748737,1000.5725490450859,1000.7176470756531,1000.8235294222832,1001.0,2000.2901960909367,2000.5019608139992,2000.6549019813538,2000.7882353067398,3001.0,148.1033935546875,155.88571166992188,160.84738159179688,164.7918701171875,168.29278564453125,171.75540161132812,175.5239715576172,180.5817413330078,193.53936767578125,346.0291748046875,222.36916,1.0,test_data/Useful/Validation/Three Quarter at 1 ft/WhatsApp Image 2024-08-21 at 14.16.49 (2).jpeg,351.0,185.0,30.573607020655896
55,0.0,0.0,0.0,0.0,0.0,1.0,2.0,3.0,4.0,4.0,5.0,6.0,7.0,7.0,8.0,8.0,9.0,9.0,10.0,10.0,11.0,11.0,11.0,11.759999999999991,12.0,12.0,12.0,13.0,13.0,13.0,13.0,14.0,14.0,14.0,15.0,15.0,15.0,15.0,15.610000000000014,16.0,16.0,16.0,16.0,17.0,17.0,17.0,17.0,18.0,18.0,18.0,18.0,19.0,19.0,19.0,20.0,20.0,20.0,20.0,21.0,21.0,21.0,22.0,22.0,22.0,22.0,23.0,23.0,23.0,23.0,24.0,24.0,24.0,24.0,25.0,25.0,25.0,26.0,26.0,26.0,27.0,27.0,27.0,28.0,28.0,28.0,29.0,29.0,29.0,30.0,30.0,30.0,31.0,31.0,32.0,32.0,33.0,34.0,35.0,37.0,44.0,0.0,1000.352941185236,1000.5921568870544,1000.7294117808342,1000.839215695858,2000.0196078438312,2000.3294117748737,2000.517647087574,2000.6588235497475,2000.7803921699524,3001.0,147.6216278076172,155.4910125732422,160.490966796875,164.37960815429688,167.88247680664062,171.35169677734376,175.19182586669922,180.33948364257813,193.5709228515625,346.028076171875,222.62636,1.0,test_data/Useful/Validation/Three Quarter at 1 ft/WhatsApp Image 2024-08-21 at 14.16.49 (3).jpeg,329.0,187.0,30.325968344560806
56,0.0,0.0,0.0,0.0,0.0,0.0,0.9300000000000068,1.0,2.0,3.0,4.0,4.0,5.0,5.0,6.0,7.0,8.0,8.0,9.0,9.0,10.0,10.0,10.0,11.0,11.0,12.0,12.0,12.0,13.0,13.0,13.0,13.0,14.0,14.0,14.0,14.0,15.0,15.0,15.0,16.0,16.0,16.0,16.0,17.0,17.0,17.0,17.0,18.0,18.0,18.0,18.49000000000001,19.0,19.0,19.0,19.0,20.0,20.0,20.0,20.0,21.0,21.0,21.0,21.0,22.0,22.0,22.0,22.0,23.0,23.0,23.0,24.0,24.0,24.0,24.0,25.0,25.0,25.0,25.0,26.0,26.0,26.0,27.0,27.0,27.0,28.0,28.0,28.0,29.0,29.0,29.0,30.0,30.0,31.0,31.0,32.0,33.0,34.0,35.0,36.00999999999976,41.0,0.0,1000.3294117748737,1000.5725490450859,1000.7176470756531,1000.8235294222832,1001.0,2000.2901960909367,2000.5019608139992,2000.6549019813538,2000.7882353067398,3001.0,148.1033935546875,155.88571166992188,160.84738159179688,164.7918701171875,168.29278564453125,171.75540161132812,175.5239715576172,180.5817413330078,193.53936767578125,346.0291748046875,222.36916,1.0,test_data/Useful/Validation/Three Quarter at 1 ft/WhatsApp Image 2024-08-21 at 14.16.49.jpeg,351.0,185.0,29.030937406522636
57,0.0,0.0,0.0,0.0,0.0,0.0,1.0,2.0,2.0,3.0,3.0,4.0,5.0,6.0,6.0,7.0,7.0,8.0,8.0,9.0,9.0,10.0,10.0,11.0,11.0,11.0,11.0,12.0,12.0,12.699999999999932,13.0,13.0,13.0,14.0,14.0,14.0,15.0,15.0,15.0,15.0,16.0,16.0,16.0,17.0,17.0,17.0,17.0,18.0,18.0,18.0,18.0,19.0,19.0,19.0,20.0,20.0,20.0,20.0,20.0,21.0,21.0,21.0,21.0,22.0,22.0,22.0,22.0,22.0,23.0,23.0,23.0,24.0,24.0,24.0,24.0,25.0,25.0,25.220000000000027,26.0,26.0,26.0,27.0,27.0,27.0,28.0,28.0,28.0,29.0,29.0,30.0,30.0,30.0,31.0,32.0,32.0,33.0,33.0,34.0,36.0,43.0,0.0,1000.3215686380863,1000.5607843399048,1000.7098039388657,1000.811764717102,1000.9647058844566,2000.2627451121807,2000.4784313738346,2000.6352941393852,2000.7686274647713,3001.0,147.7638702392578,155.57636108398438,160.50405578613282,164.51870727539062,167.97943115234375,171.39822387695312,175.17092895507812,180.34686279296875,193.51988220214844,346.0278015136719,222.33641,1.0,test_data/Useful/Validation/Three Quarter at 1 ft/WhatsApp Image 2024-08-21 at 14.16.50 (1).jpeg,352.0,199.0,32.10988323853703
58,0.0,0.0,0.0,0.0,0.0,0.0,1.0,2.0,3.0,4.0,4.889999999999986,5.0,6.0,7.0,7.0,8.0,8.0,9.0,9.0,10.0,10.0,11.0,11.0,11.0,12.0,12.0,12.0,12.0,13.0,13.0,13.0,13.0,14.0,14.0,14.0,14.0,15.0,15.0,15.0,16.0,16.0,16.0,16.0,17.0,17.0,17.0,18.0,18.0,18.0,18.0,19.0,19.0,19.0,19.0,20.0,20.0,20.0,20.0,21.0,21.0,21.0,21.0,22.0,22.0,22.0,22.0,23.0,23.0,23.0,23.0,24.0,24.0,24.0,24.0,25.0,25.0,25.0,26.0,26.0,26.0,26.0,27.0,27.0,27.0,28.0,28.0,29.0,29.0,29.0,30.0,30.0,30.0,31.0,32.0,32.0,33.0,34.0,34.0,36.0,41.0,0.0,1000.3137255012989,1000.5568627715111,1000.6980392336845,1000.8039215803146,1000.9568627476692,2000.2470588237047,2000.4627451002598,2000.623529434204,2000.7647058963776,3001.0,148.25253295898438,155.96127319335938,160.88804626464844,164.81585693359375,168.34121704101562,171.79779052734375,175.5072021484375,180.6018829345703,193.55270385742188,345.9678955078125,222.36925,1.0,test_data/Useful/Validation/Three Quarter at 1 ft/WhatsApp Image 2024-08-21 at 14.16.50 (2).jpeg,355.0,185.0,28.895766792803983
59,0.0,0.0,0.0,0.0,0.0,0.0,0.0,1.0,2.0,2.0,3.0,4.0,4.0,5.0,6.0,6.0,7.0,7.0,8.0,8.0,9.0,9.0,10.0,10.0,10.0,10.740000000000009,11.0,11.0,11.0,11.0,12.0,12.0,12.0,13.0,13.0,13.0,13.0,14.0,14.0,14.0,15.0,15.0,15.0,15.0,16.0,16.0,16.0,16.0,17.0,17.0,17.0,17.0,18.0,18.0,18.0,19.0,19.0,19.0,19.0,20.0,20.0,20.0,20.0,21.0,21.0,21.0,22.0,22.0,22.0,22.0,23.0,23.0,23.0,23.0,24.0,24.0,24.0,25.0,25.0,25.0,25.0,26.0,26.0,26.0,27.0,27.0,27.0,28.0,28.0,28.0,29.0,29.0,30.0,30.0,31.0,32.0,33.0,34.0,35.0,41.0,0.0,1000.3490196168423,1000.5686274766922,1000.6980392336845,1000.7803921699524,1000.905882358551,2000.298039227724,2000.5058823823929,2000.65098041296,2000.7607843279839,3001.0,137.8668212890625,145.97166442871094,151.691162109375,156.4427032470703,161.11817932128906,165.95114135742188,171.39584350585938,178.42910766601562,193.1278839111328,346.0576171875,222.67783,1.0,test_data/Useful/Validation/Three Quarter at 1 ft/WhatsApp Image 2024-08-21 at 14.16.50 (3).jpeg,365.0,187.0,30.475670415242593
60,0.0,0.0,1.0,2.0,3.0,4.0,5.0,6.0,7.0,8.0,9.0,10.0,10.0,11.0,11.0,12.0,12.0,12.0,13.0,13.0,14.0,14.0,14.0,14.0,15.0,15.0,15.0,15.0,16.0,16.0,16.0,17.0,17.0,17.0,17.0,18.0,18.0,18.0,18.0,19.0,19.0,19.0,20.0,20.0,20.0,20.0,21.0,21.0,21.0,21.0,21.0,22.0,22.0,22.0,23.0,23.0,23.0,23.0,23.0,24.0,24.0,24.0,24.0,24.0,25.0,25.0,25.0,25.0,26.0,26.0,26.0,26.0,26.0,27.0,27.0,27.0,27.0,28.0,28.0,28.0,28.0,29.0,29.0,29.0,30.0,30.0,30.0,31.0,31.0,31.0,32.0,32.0,33.0,33.0,34.0,34.039999999999964,35.0,36.0,38.0,43.0,24.0,1000.4313725531101,1000.6941176652908,1000.8156862854958,1000.9647058844566,2000.5607843399048,2000.784313738346,3000.086274512112,3000.486274510622,3000.6862745285034,3001.0,149.61317443847656,157.2817840576172,162.2202911376953,166.1865997314453,169.67706298828125,173.11859130859375,176.93016052246094,182.12515258789062,195.61158752441406,346.07830810546875,223.10616,1.0,test_data/Useful/Validation/Three Quarter at 1 ft/WhatsApp Image 2024-08-21 at 14.17.07.jpeg,319.0,129.0,31.950652500919645
61,0.0,0.0,0.0,2.0,3.0,4.0,5.0,6.0,7.0,7.0,8.0,9.0,10.0,10.0,11.0,11.0,12.0,12.0,12.0,13.0,13.0,14.0,14.0,14.0,15.0,15.0,15.0,16.0,16.0,16.0,16.0,17.0,17.0,17.0,18.0,18.0,18.0,19.0,19.0,19.0,19.0,19.0,20.0,20.0,20.0,20.0,21.0,21.0,21.0,21.0,22.0,22.0,22.0,22.0,22.450000000000045,23.0,23.0,23.0,23.0,24.0,24.0,24.0,25.0,25.0,25.0,25.0,25.0,26.0,26.0,26.0,26.0,27.0,27.0,27.0,27.0,28.0,28.0,28.0,28.0,29.0,29.0,29.0,29.0,30.0,30.0,30.0,31.0,31.0,31.0,32.0,32.0,32.0,33.0,33.0,34.0,34.0,35.0,36.0,37.0,43.0,26.0,1000.4274509847164,1000.6901960968971,1000.8156862854958,1000.9647058844566,2000.5333333611488,2000.7647058963776,3000.043137256056,3000.4549019634724,3000.6745098233223,3001.0,149.49380493164062,157.30013122558594,162.3168472290039,166.24859008789062,169.7113800048828,173.1848358154297,177.01458740234375,182.2692108154297,195.68795776367188,346.05242919921875,222.96783,1.0,test_data/Useful/Validation/Three Quarter at 1 ft/WhatsApp Image 2024-08-21 at 14.17.08 (1).jpeg,330.0,137.0,27.392130164963614
62,0.0,0.0,1.0,2.0,3.0,4.0,5.0,6.0,7.0,8.0,9.0,9.0,10.0,11.0,11.0,12.0,12.0,12.0,13.0,13.0,13.0,14.0,14.0,14.0,15.0,15.0,15.0,16.0,16.0,16.0,17.0,17.0,17.0,17.660000000000082,18.0,18.0,18.0,18.0,19.0,19.0,19.0,20.0,20.0,20.0,20.0,21.0,21.0,21.0,21.0,21.0,22.0,22.0,22.0,22.0,23.0,23.0,23.0,23.0,23.0,24.0,24.0,24.0,24.0,24.0,25.0,25.0,25.0,25.0,25.0,26.0,26.0,26.0,27.0,27.0,27.0,27.0,27.0,28.0,28.0,28.0,28.0,29.0,29.0,29.0,29.0,30.0,30.0,30.0,31.0,31.0,31.0,32.0,32.070000000000164,33.0,34.0,34.0,35.0,36.0,38.0,42.0,24.0,1000.4901960790157,1000.7176470756531,1000.8274509906769,2000.0470588244498,2000.6000000238419,2000.800000011921,3000.1686274558306,3000.517647087574,3000.694117665291,3001.0,148.2274383544922,155.9665252685547,160.99163513183595,165.0096008300781,168.58950805664062,172.17266845703125,176.1455535888672,181.627197265625,195.81948852539062,346.04412841796875,223.21623,1.0,test_data/Useful/Validation/Three Quarter at 1 ft/WhatsApp Image 2024-08-21 at 14.17.08 (2).jpeg,321.0,135.0,27.51434424682129
63,0.0,0.0,1.0,2.0,3.0,4.0,5.0,6.0,7.0,8.0,9.0,10.0,10.0,11.0,11.0,12.0,12.0,12.0,13.0,13.0,14.0,14.0,14.0,14.0,15.0,15.0,15.0,15.0,16.0,16.0,16.0,17.0,17.0,17.0,17.0,18.0,18.0,18.0,18.0,19.0,19.0,19.0,20.0,20.0,20.0,20.0,21.0,21.0,21.0,21.0,21.0,22.0,22.0,22.0,23.0,23.0,23.0,23.0,23.0,24.0,24.0,24.0,24.0,24.0,25.0,25.0,25.0,25.0,26.0,26.0,26.0,26.0,26.0,27.0,27.0,27.0,27.0,28.0,28.0,28.0,28.0,29.0,29.0,29.0,30.0,30.0,30.0,31.0,31.0,31.0,32.0,32.0,33.0,33.0,34.0,34.039999999999964,35.0,36.0,38.0,43.0,24.0,1000.4313725531101,1000.6941176652908,1000.8156862854958,1000.9647058844566,2000.5607843399048,2000.784313738346,3000.086274512112,3000.486274510622,3000.6862745285034,3001.0,149.61317443847656,157.2817840576172,162.2202911376953,166.1865997314453,169.67706298828125,173.11859130859375,176.93016052246094,182.12515258789062,195.61158752441406,346.07830810546875,223.10616,1.0,test_data/Useful/Validation/Three Quarter at 1 ft/WhatsApp Image 2024-08-21 at 14.17.08.jpeg,319.0,129.0,33.061349663422035
64,0.0,0.0,1.0,3.0,5.0,6.0,7.0,7.0,8.0,9.0,10.0,10.0,11.0,11.0,12.0,12.0,12.0,13.0,13.0,13.0,14.0,14.0,14.0,15.0,15.0,15.0,15.0,16.0,16.0,16.0,17.0,17.0,17.0,17.0,18.0,18.0,18.0,18.0,18.0,19.0,19.0,19.0,20.0,20.0,20.0,20.0,21.0,21.0,21.0,21.0,22.0,22.0,22.0,22.0,23.0,23.0,23.0,23.0,23.0,24.0,24.0,24.0,24.0,25.0,25.0,25.0,25.0,25.0,26.0,26.0,26.0,26.0,27.0,27.0,27.0,27.0,28.0,28.0,28.0,29.0,29.0,29.0,29.0,30.0,30.0,30.0,30.0,31.0,31.0,31.0,32.0,32.0,33.0,33.0,34.0,35.0,35.0,36.0,38.0,42.0,25.0,1000.4823529422283,1000.7215686440468,1000.8352941274643,2000.0274509806186,2000.5803921818733,2000.7960784435272,3000.117647059262,3000.501960813999,3000.690196096897,3001.0,149.27552795410156,157.0502166748047,162.04644775390625,166.01437377929688,169.59070587158203,173.0318359375,176.93099670410157,182.16598205566407,195.76632690429688,346.0622863769531,223.35596,1.0,test_data/Useful/Validation/Three Quarter at 1 ft/WhatsApp Image 2024-08-21 at 14.17.09 (1).jpeg,317.0,138.0,26.634625161159633
65,0.0,0.0,0.0,1.960000000000008,3.0,4.0,5.0,6.0,7.0,8.0,8.0,9.0,10.0,10.0,11.0,11.0,11.0,12.0,12.0,13.0,13.0,14.0,14.0,14.0,14.0,15.0,15.0,15.0,16.0,16.0,16.0,17.0,17.0,17.0,17.0,18.0,18.0,18.0,18.0,19.0,19.0,19.0,19.0,20.0,20.0,20.0,21.0,21.0,21.0,21.0,21.0,22.0,22.0,22.0,22.0,23.0,23.0,23.0,23.0,24.0,24.0,24.0,24.0,25.0,25.0,25.0,25.0,25.0,26.0,26.0,26.0,27.0,27.0,27.0,27.0,27.0,28.0,28.0,28.0,28.0,29.0,29.0,29.0,29.0,30.0,30.0,30.0,31.0,31.0,31.0,31.0,32.0,32.0,33.0,34.0,34.0,35.0,36.0,37.0,42.0,27.0,1000.4666666686535,1000.7137255072594,1000.8352941274643,2000.0470588244498,2000.5921568870544,2000.7921568751335,3000.090196080506,3000.4901960790157,3000.6823529601097,3001.0,149.38070678710938,157.06332397460938,162.05979919433594,165.97311401367188,169.544677734375,173.01980590820312,176.90992736816406,182.17897033691406,195.88632202148438,346.0517578125,222.69243,1.0,test_data/Useful/Validation/Three Quarter at 1 ft/WhatsApp Image 2024-08-21 at 14.17.09.jpeg,356.0,159.0,28.32844776494572
66,0.0,0.0,0.0,1.0,3.0,4.0,5.0,6.0,6.0,8.0,8.0,9.0,10.0,10.0,11.0,11.0,12.0,12.0,13.0,13.0,13.0,13.0,14.0,14.0,15.0,15.0,15.0,15.0,16.0,16.0,16.0,17.0,17.0,17.0,18.0,18.0,18.0,18.0,19.0,19.0,19.0,20.0,20.0,20.0,20.0,21.0,21.0,21.0,21.0,22.0,22.0,22.0,22.0,22.0,23.0,23.0,23.0,23.0,24.0,24.0,24.0,24.0,24.0,25.0,25.0,25.0,25.0,26.0,26.0,26.0,27.0,27.0,27.0,27.0,28.0,28.0,28.0,28.0,29.0,29.0,29.0,29.0,30.0,30.0,30.0,31.0,31.0,31.0,32.0,32.0,32.0,33.0,33.0,34.0,34.0,35.0,36.0,37.0,38.00999999999976,42.0,24.0,1000.4980392158031,1000.7294117808342,1000.8509804010391,2000.1921568661928,2000.6274510025978,2000.8156862854958,3000.1529411822557,3000.5098039507866,3000.690196096897,3001.0,148.939453125,156.64804077148438,161.65286254882812,165.60894775390625,169.2054901123047,172.7641143798828,176.61431884765625,181.96485900878906,195.78453063964844,346.0496520996094,223.30992,1.0,test_data/Useful/Validation/Three Quarter at 1 ft/WhatsApp Image 2024-08-21 at 14.17.10 (1).jpeg,345.0,141.0,32.231765480916714
67,0.0,0.0,1.0,2.0,3.0,4.0,5.0,6.0,7.0,7.0,8.0,9.0,10.0,10.0,11.0,11.0,12.0,12.0,12.810000000000002,13.0,13.0,14.0,14.0,15.0,15.0,15.0,15.0,16.0,16.0,16.0,17.0,17.0,17.0,18.0,18.0,18.0,18.0,19.0,19.0,19.0,19.0,19.0,20.0,20.0,20.0,20.0,21.0,21.0,21.0,21.0,22.0,22.0,22.0,22.0,23.0,23.0,23.0,23.0,23.0,24.0,24.0,24.0,24.0,24.0,25.0,25.0,25.0,25.0,26.0,26.0,26.0,27.0,27.0,27.0,27.0,27.0,28.0,28.0,28.0,28.0,29.0,29.0,29.0,30.0,30.0,30.0,31.0,31.0,31.0,32.0,32.0,33.0,33.0,33.0,34.0,35.0,36.0,36.0,38.0,43.0,24.0,1000.4705882370472,1000.7176470756531,1000.839215695858,2000.0941176488996,2000.6156862974167,2000.811764717102,3000.137254908681,3000.501960813999,3000.690196096897,3001.0,149.25757293701173,156.95843811035155,161.92232360839844,165.893310546875,169.425537109375,172.94100952148438,176.85065307617188,182.20263061523437,196.0126495361328,346.0558776855469,223.03703,1.0,test_data/Useful/Validation/Three Quarter at 1 ft/WhatsApp Image 2024-08-21 at 14.17.10 (2).jpeg,346.0,140.0,29.67578508711592
68,0.0,0.0,0.0,1.0,3.0,4.0,5.0,6.0,6.0,8.0,8.0,9.0,10.0,10.0,11.0,11.0,12.0,12.0,13.0,13.0,13.0,13.0,14.0,14.0,15.0,15.0,15.0,15.0,16.0,16.0,16.0,17.0,17.0,17.0,18.0,18.0,18.0,18.0,19.0,19.0,19.0,20.0,20.0,20.0,20.0,21.0,21.0,21.0,21.0,22.0,22.0,22.0,22.0,22.0,23.0,23.0,23.0,23.0,24.0,24.0,24.0,24.0,24.0,25.0,25.0,25.0,25.0,26.0,26.0,26.0,27.0,27.0,27.0,27.0,28.0,28.0,28.0,28.0,29.0,29.0,29.0,29.0,30.0,30.0,30.0,31.0,31.0,31.0,32.0,32.0,32.0,33.0,33.0,34.0,34.0,35.0,36.0,37.0,38.00999999999976,42.0,24.0,1000.4980392158031,1000.7294117808342,1000.8509804010391,2000.1921568661928,2000.6274510025978,2000.8156862854958,3000.1529411822557,3000.5098039507866,3000.690196096897,3001.0,148.939453125,156.64804077148438,161.65286254882812,165.60894775390625,169.2054901123047,172.7641143798828,176.61431884765625,181.96485900878906,195.78453063964844,346.0496520996094,223.30992,1.0,test_data/Useful/Validation/Three Quarter at 1 ft/WhatsApp Image 2024-08-21 at 14.17.10 (3).jpeg,345.0,141.0,28.35732741448312
69,0.0,0.0,1.0,3.0,5.0,6.0,7.0,7.0,8.0,9.0,10.0,10.0,11.0,11.0,12.0,12.0,12.0,13.0,13.0,13.0,14.0,14.0,14.0,15.0,15.0,15.0,15.0,16.0,16.0,16.0,17.0,17.0,17.0,17.0,18.0,18.0,18.0,18.0,18.0,19.0,19.0,19.0,20.0,20.0,20.0,20.0,21.0,21.0,21.0,21.0,22.0,22.0,22.0,22.0,23.0,23.0,23.0,23.0,23.0,24.0,24.0,24.0,24.0,25.0,25.0,25.0,25.0,25.0,26.0,26.0,26.0,26.0,27.0,27.0,27.0,27.0,28.0,28.0,28.0,29.0,29.0,29.0,29.0,30.0,30.0,30.0,30.0,31.0,31.0,31.0,32.0,32.0,33.0,33.0,34.0,35.0,35.0,36.0,38.0,42.0,25.0,1000.4823529422283,1000.7215686440468,1000.8352941274643,2000.0274509806186,2000.5803921818733,2000.7960784435272,3000.117647059262,3000.501960813999,3000.690196096897,3001.0,149.27552795410156,157.0502166748047,162.04644775390625,166.01437377929688,169.59070587158203,173.0318359375,176.93099670410157,182.16598205566407,195.76632690429688,346.0622863769531,223.35596,1.0,test_data/Useful/Validation/Three Quarter at 1 ft/WhatsApp Image 2024-08-21 at 14.17.10.jpeg,317.0,138.0,24.994394875009558
70,0.0,0.0,0.0,2.0,3.0,4.0,5.0,6.0,7.0,8.0,8.0,9.0,9.0,10.0,10.0,11.0,11.0,12.0,12.0,13.0,13.0,14.0,14.0,14.0,15.0,15.0,15.0,15.0,16.0,16.0,16.0,17.0,17.0,17.0,17.0,18.0,18.0,18.0,19.0,19.0,19.0,19.0,20.0,20.0,20.0,20.0,20.0,21.0,21.0,21.0,21.0,22.0,22.0,22.0,22.0,23.0,23.0,23.0,23.0,23.0,24.0,24.0,24.0,24.0,25.0,25.0,25.0,25.0,26.0,26.0,26.0,26.0,26.0,27.0,27.0,27.0,28.0,28.0,28.0,28.0,29.0,29.0,29.0,30.0,30.0,30.0,31.0,31.0,31.0,32.0,32.0,33.0,33.0,34.0,34.0,35.0,36.0,37.0,38.0,44.0,23.0,1000.4745098054409,1000.7176470756531,1000.839215695858,2000.0823529437184,2000.6000000238419,2000.7960784435272,3000.1058823540807,3000.4941176474094,3000.6862745285034,3001.0,149.21269836425782,156.82396240234374,161.84248962402344,165.80424804687502,169.3907928466797,172.92276306152343,176.7881866455078,182.11880493164062,195.82388305664062,346.05389404296875,223.27869,1.0,test_data/Useful/Validation/Three Quarter at 1 ft/WhatsApp Image 2024-08-21 at 14.17.11.jpeg,345.0,145.0,33.468282210500774
71,0.0,0.0,0.0,2.0,3.0,4.0,5.0,6.0,7.0,8.0,8.0,9.0,9.0,10.0,10.0,11.0,11.0,12.0,12.0,13.0,13.0,14.0,14.0,14.0,15.0,15.0,15.0,15.0,16.0,16.0,16.0,17.0,17.0,17.0,17.0,18.0,18.0,18.0,19.0,19.0,19.0,19.0,20.0,20.0,20.0,20.0,20.0,21.0,21.0,21.0,21.0,22.0,22.0,22.0,22.0,23.0,23.0,23.0,23.0,23.0,24.0,24.0,24.0,24.0,25.0,25.0,25.0,25.0,26.0,26.0,26.0,26.0,26.0,27.0,27.0,27.0,28.0,28.0,28.0,28.0,29.0,29.0,29.0,30.0,30.0,30.0,31.0,31.0,31.0,32.0,32.0,33.0,33.0,34.0,34.0,35.0,36.0,37.0,38.0,44.0,23.0,1000.4745098054409,1000.7176470756531,1000.839215695858,2000.0823529437184,2000.6000000238419,2000.7960784435272,3000.1058823540807,3000.4941176474094,3000.6862745285034,3001.0,149.21269836425782,156.82396240234374,161.84248962402344,165.80424804687502,169.3907928466797,172.92276306152343,176.7881866455078,182.11880493164062,195.82388305664062,346.05389404296875,223.27869,1.0,test_data/Useful/Validation/Three Quarter at 1 ft/WhatsApp Image 2024-08-21 at 14.17.14 (1).jpeg,345.0,145.0,29.659786985699146
72,0.0,0.0,0.0,1.0,2.0,3.0,5.0,6.0,6.0,7.0,8.0,8.879999999999995,9.0,10.0,10.0,11.0,11.0,12.0,12.0,12.0,13.0,13.0,14.0,14.0,14.0,15.0,15.0,15.0,16.0,16.0,16.0,17.0,17.0,17.0,17.0,18.0,18.0,18.0,19.0,19.0,19.0,19.0,20.0,20.0,20.0,20.0,21.0,21.0,21.0,21.0,22.0,22.0,22.0,22.0,22.0,23.0,23.0,23.0,23.0,23.0,24.0,24.0,24.0,24.0,25.0,25.0,25.0,25.0,26.0,26.0,26.0,26.0,27.0,27.0,27.0,27.0,28.0,28.0,28.0,28.0,29.0,29.0,29.0,29.0,30.0,30.0,30.0,31.0,31.0,31.0,32.0,32.0,32.0,33.0,34.0,34.039999999999964,35.0,36.0,38.0,44.0,22.0,1000.4901960790157,1000.7294117808342,1000.8470588326454,2000.1686274558306,2000.6196078658104,2000.811764717102,3000.1529411822557,3000.5098039507866,3000.694117665291,3001.0,149.3110824584961,157.12460327148438,162.06167602539062,165.97869873046875,169.55764770507812,172.98898315429688,176.91542053222656,182.21676635742188,195.81744384765625,346.04388427734375,223.07184,1.0,test_data/Useful/Validation/Three Quarter at 1 ft/WhatsApp Image 2024-08-21 at 14.17.14 (2).jpeg,346.0,132.0,29.95173719759992
73,0.0,0.0,1.0,2.0,3.0,4.0,5.0,6.0,7.0,7.0,8.0,9.0,10.0,10.0,11.0,11.0,12.0,12.0,12.810000000000002,13.0,13.0,14.0,14.0,15.0,15.0,15.0,15.0,16.0,16.0,16.0,17.0,17.0,17.0,18.0,18.0,18.0,18.0,19.0,19.0,19.0,19.0,19.0,20.0,20.0,20.0,20.0,21.0,21.0,21.0,21.0,22.0,22.0,22.0,22.0,23.0,23.0,23.0,23.0,23.0,24.0,24.0,24.0,24.0,24.0,25.0,25.0,25.0,25.0,26.0,26.0,26.0,27.0,27.0,27.0,27.0,27.0,28.0,28.0,28.0,28.0,29.0,29.0,29.0,30.0,30.0,30.0,31.0,31.0,31.0,32.0,32.0,33.0,33.0,33.0,34.0,35.0,36.0,36.0,38.0,43.0,24.0,1000.4705882370472,1000.7176470756531,1000.839215695858,2000.0941176488996,2000.6156862974167,2000.811764717102,3000.137254908681,3000.501960813999,3000.690196096897,3001.0,149.25757293701173,156.95843811035155,161.92232360839844,165.893310546875,169.425537109375,172.94100952148438,176.85065307617188,182.20263061523437,196.0126495361328,346.0558776855469,223.03703,1.0,test_data/Useful/Validation/Three Quarter at 1 ft/WhatsApp Image 2024-08-21 at 14.17.14.jpeg,346.0,140.0,31.04963226558649
74,0.0,0.0,0.0,1.0,2.0,3.0,5.0,6.0,6.0,7.0,8.0,8.879999999999995,9.0,10.0,10.0,11.0,11.0,12.0,12.0,12.0,13.0,13.0,14.0,14.0,14.0,15.0,15.0,15.0,16.0,16.0,16.0,17.0,17.0,17.0,17.0,18.0,18.0,18.0,19.0,19.0,19.0,19.0,20.0,20.0,20.0,20.0,21.0,21.0,21.0,21.0,22.0,22.0,22.0,22.0,22.0,23.0,23.0,23.0,23.0,23.0,24.0,24.0,24.0,24.0,25.0,25.0,25.0,25.0,26.0,26.0,26.0,26.0,27.0,27.0,27.0,27.0,28.0,28.0,28.0,28.0,29.0,29.0,29.0,29.0,30.0,30.0,30.0,31.0,31.0,31.0,32.0,32.0,32.0,33.0,34.0,34.039999999999964,35.0,36.0,38.0,44.0,22.0,1000.4901960790157,1000.7294117808342,1000.8470588326454,2000.1686274558306,2000.6196078658104,2000.811764717102,3000.1529411822557,3000.5098039507866,3000.694117665291,3001.0,149.3110824584961,157.12460327148438,162.06167602539062,165.97869873046875,169.55764770507812,172.98898315429688,176.91542053222656,182.21676635742188,195.81744384765625,346.04388427734375,223.07184,1.0,test_data/Useful/Validation/Three Quarter at 1 ft/WhatsApp Image 2024-08-21 at 14.17.15 (1).jpeg,346.0,132.0,34.466729418208175
75,0.0,0.0,0.0,1.0,2.0,3.0,4.0,5.0,5.0,6.0,7.0,8.0,8.0,9.0,10.0,10.0,10.0,11.0,11.0,12.0,12.0,12.0,13.0,13.0,13.0,14.0,14.0,14.0,14.0,15.0,15.0,15.0,16.0,16.0,16.0,16.0,17.0,17.0,17.0,17.0,18.0,18.0,18.0,18.0,19.0,19.0,19.0,20.0,20.0,20.0,20.0,20.0,21.0,21.0,21.0,21.0,22.0,22.0,22.0,22.0,23.0,23.0,23.0,23.0,23.0,24.0,24.0,24.0,24.0,25.0,25.0,25.0,25.0,26.0,26.0,26.0,26.0,27.0,27.0,27.0,27.0,28.0,28.0,28.0,29.0,29.0,29.0,30.0,30.0,31.0,31.0,31.0,32.0,32.0,33.0,34.0,35.0,36.0,37.00999999999976,41.0,23.0,1000.4980392158031,1000.7215686440468,1000.8313725590706,2000.1215686276555,2000.639215707779,2000.8235294222832,3000.215686276555,3000.533333361149,3000.6980392336845,3001.0,148.8552703857422,156.6157684326172,161.6004180908203,165.52320251464843,169.11518096923828,172.58529663085938,176.40839691162108,181.66253662109375,195.09991455078125,346.04779052734375,222.7098,1.0,test_data/Useful/Validation/Three Quarter at 1 ft/WhatsApp Image 2024-08-21 at 14.17.15 (2).jpeg,339.0,162.0,30.580956050637965
76,0.0,0.0,0.0,1.960000000000008,3.0,4.0,5.0,6.0,7.0,8.0,8.0,9.0,10.0,10.0,11.0,11.0,11.0,12.0,12.0,13.0,13.0,14.0,14.0,14.0,14.0,15.0,15.0,15.0,16.0,16.0,16.0,17.0,17.0,17.0,17.0,18.0,18.0,18.0,18.0,19.0,19.0,19.0,19.0,20.0,20.0,20.0,21.0,21.0,21.0,21.0,21.0,22.0,22.0,22.0,22.0,23.0,23.0,23.0,23.0,24.0,24.0,24.0,24.0,25.0,25.0,25.0,25.0,25.0,26.0,26.0,26.0,27.0,27.0,27.0,27.0,27.0,28.0,28.0,28.0,28.0,29.0,29.0,29.0,29.0,30.0,30.0,30.0,31.0,31.0,31.0,31.0,32.0,32.0,33.0,34.0,34.0,35.0,36.0,37.0,42.0,27.0,1000.4666666686535,1000.7137255072594,1000.8352941274643,2000.0470588244498,2000.5921568870544,2000.7921568751335,3000.090196080506,3000.4901960790157,3000.6823529601097,3001.0,149.38070678710938,157.06332397460938,162.05979919433594,165.97311401367188,169.544677734375,173.01980590820312,176.90992736816406,182.17897033691406,195.88632202148438,346.0517578125,222.69243,1.0,test_data/Useful/Validation/Three Quarter at 1 ft/WhatsApp Image 2024-08-21 at 14.17.15.jpeg,356.0,159.0,28.96347321112078
77,0.0,0.0,0.0,1.0,2.0,3.0,4.0,5.0,6.0,6.0,7.0,7.0,8.0,8.0,9.0,10.0,10.0,10.0,10.810000000000002,11.0,11.0,12.0,12.0,12.0,12.0,13.0,13.0,14.0,14.0,14.0,14.0,15.0,15.0,15.0,16.0,16.0,16.0,16.0,17.0,17.0,17.0,17.0,18.0,18.0,18.0,19.0,19.0,19.0,19.0,20.0,20.0,20.0,21.0,21.0,21.0,21.0,22.0,22.0,22.0,22.0,23.0,23.0,23.0,23.0,24.0,24.0,24.0,24.0,24.0,25.0,25.0,25.0,26.0,26.0,26.0,26.0,27.0,27.0,27.0,27.0,28.0,28.0,28.0,28.0,29.0,29.0,29.0,30.0,30.0,30.0,31.0,31.0,32.0,32.0,33.0,34.0,35.0,36.0,37.0,41.0,23.0,1000.54509806633,1000.745098054409,1000.8549019694328,2000.2196078449488,2000.6313725709915,2000.8078431487083,3000.176470592618,3000.529411792755,3000.6980392336845,3001.0,148.61130981445314,156.37088012695312,161.36505126953125,165.3002166748047,168.82601928710938,172.24890747070313,176.1104751586914,181.42007446289062,194.8980712890625,346.08538818359375,222.74214,1.0,test_data/Useful/Validation/Three Quarter at 1 ft/WhatsApp Image 2024-08-21 at 14.17.17.jpeg,361.0,163.0,30.920924373347713
78,0.0,0.0,0.0,1.0,2.0,3.0,4.0,5.0,6.0,6.0,7.0,7.0,8.0,8.0,9.0,10.0,10.0,10.0,10.810000000000002,11.0,11.0,12.0,12.0,12.0,12.0,13.0,13.0,14.0,14.0,14.0,14.0,15.0,15.0,15.0,16.0,16.0,16.0,16.0,17.0,17.0,17.0,17.0,18.0,18.0,18.0,19.0,19.0,19.0,19.0,20.0,20.0,20.0,21.0,21.0,21.0,21.0,22.0,22.0,22.0,22.0,23.0,23.0,23.0,23.0,24.0,24.0,24.0,24.0,24.0,25.0,25.0,25.0,26.0,26.0,26.0,26.0,27.0,27.0,27.0,27.0,28.0,28.0,28.0,28.0,29.0,29.0,29.0,30.0,30.0,30.0,31.0,31.0,32.0,32.0,33.0,34.0,35.0,36.0,37.0,41.0,23.0,1000.54509806633,1000.745098054409,1000.8549019694328,2000.2196078449488,2000.6313725709915,2000.8078431487083,3000.176470592618,3000.529411792755,3000.6980392336845,3001.0,148.61130981445314,156.37088012695312,161.36505126953125,165.3002166748047,168.82601928710938,172.24890747070313,176.1104751586914,181.42007446289062,194.8980712890625,346.08538818359375,222.74214,1.0,test_data/Useful/Validation/Three Quarter at 1 ft/WhatsApp Image 2024-08-21 at 14.17.18 (1).jpeg,361.0,163.0,33.89030024988938
79,0.0,0.0,0.0,1.0,2.0,3.0,4.0,5.0,5.0,6.0,7.0,8.0,8.0,9.0,10.0,10.0,10.0,11.0,11.0,12.0,12.0,12.0,13.0,13.0,13.0,14.0,14.0,14.0,14.0,15.0,15.0,15.0,16.0,16.0,16.0,16.0,17.0,17.0,17.0,17.0,18.0,18.0,18.0,18.0,19.0,19.0,19.0,20.0,20.0,20.0,20.0,20.0,21.0,21.0,21.0,21.0,22.0,22.0,22.0,22.0,23.0,23.0,23.0,23.0,23.0,24.0,24.0,24.0,24.0,25.0,25.0,25.0,25.0,26.0,26.0,26.0,26.0,27.0,27.0,27.0,27.0,28.0,28.0,28.0,29.0,29.0,29.0,30.0,30.0,31.0,31.0,31.0,32.0,32.0,33.0,34.0,35.0,36.0,37.00999999999976,41.0,23.0,1000.4980392158031,1000.7215686440468,1000.8313725590706,2000.1215686276555,2000.639215707779,2000.8235294222832,3000.215686276555,3000.533333361149,3000.6980392336845,3001.0,148.8552703857422,156.6157684326172,161.6004180908203,165.52320251464843,169.11518096923828,172.58529663085938,176.40839691162108,181.66253662109375,195.09991455078125,346.04779052734375,222.7098,1.0,test_data/Useful/Validation/Three Quarter at 1 ft/WhatsApp Image 2024-08-21 at 14.17.18.jpeg,339.0,162.0,26.882302497874097
80,0.0,0.0,0.0,0.0,0.0,0.0,1.0,1.0,2.0,3.0,3.0,4.0,4.0,5.0,6.0,6.0,7.0,7.0,8.0,9.0,9.0,9.0,10.0,10.0,10.0,11.0,11.0,11.0,12.0,12.0,12.0,13.0,13.0,13.0,14.0,14.0,14.0,14.0,15.0,15.0,15.0,15.0,16.0,16.0,16.0,17.0,17.0,17.0,17.0,18.0,18.0,18.0,19.0,19.0,19.0,19.0,19.429999999999836,20.0,20.0,20.0,21.0,21.0,21.0,21.0,22.0,22.0,22.0,23.0,23.0,23.0,23.0,23.0,24.0,24.0,24.0,25.0,25.0,25.0,25.0,26.0,26.0,26.0,27.0,27.0,27.0,27.0,28.0,28.0,29.0,29.0,30.0,30.0,30.0,31.0,32.0,32.0,33.0,34.0,35.0,40.0,0.0,1000.5019608139992,1000.7098039388657,1000.8196078538895,2000.1647058874369,2000.8274509906769,3000.1686274558306,3000.4431372582912,3000.6078431606293,3000.7411764860153,3001.0,149.76210021972656,157.6051788330078,162.59010314941406,166.5116729736328,169.96572875976562,173.34540405273438,177.06893615722657,181.93068542480472,193.855224609375,346.08001708984375,221.35132,1.0,test_data/Useful/Validation/Three Quarter at 1 ft/WhatsApp Image 2024-08-21 at 14.19.02 (1).jpeg,322.0,167.0,29.422684183677003
81,0.0,0.0,0.0,0.0,0.0,0.0,1.0,1.0,2.0,3.0,3.0,4.0,4.0,5.0,6.0,6.0,7.0,7.0,8.0,9.0,9.0,9.0,10.0,10.0,10.0,11.0,11.0,11.0,12.0,12.0,12.0,13.0,13.0,13.0,14.0,14.0,14.0,14.0,15.0,15.0,15.0,15.0,16.0,16.0,16.0,17.0,17.0,17.0,17.0,18.0,18.0,18.0,19.0,19.0,19.0,19.0,19.429999999999836,20.0,20.0,20.0,21.0,21.0,21.0,21.0,22.0,22.0,22.0,23.0,23.0,23.0,23.0,23.0,24.0,24.0,24.0,25.0,25.0,25.0,25.0,26.0,26.0,26.0,27.0,27.0,27.0,27.0,28.0,28.0,29.0,29.0,30.0,30.0,30.0,31.0,32.0,32.0,33.0,34.0,35.0,40.0,0.0,1000.5019608139992,1000.7098039388657,1000.8196078538895,2000.1647058874369,2000.8274509906769,3000.1686274558306,3000.4431372582912,3000.6078431606293,3000.7411764860153,3001.0,149.76210021972656,157.6051788330078,162.59010314941406,166.5116729736328,169.96572875976562,173.34540405273438,177.06893615722657,181.93068542480472,193.855224609375,346.08001708984375,221.35132,1.0,test_data/Useful/Validation/Three Quarter at 1 ft/WhatsApp Image 2024-08-21 at 14.19.02.jpeg,322.0,167.0,25.961982316116007
82,0.0,0.0,0.0,0.0,0.0,0.0,1.0,1.0,2.0,3.0,4.0,4.0,5.0,6.0,6.0,7.0,7.0,8.0,8.0,9.0,9.0,10.0,10.0,10.0,11.0,11.0,11.0,12.0,12.0,12.0,13.0,13.0,13.0,13.0,14.0,14.0,14.0,15.0,15.0,15.0,16.0,16.0,16.0,16.0,17.0,17.0,17.0,17.0,18.0,18.0,18.0,18.0,19.0,19.0,19.0,19.0,20.0,20.0,20.0,20.0,20.0,21.0,21.0,21.0,21.0,22.0,22.0,22.0,23.0,23.0,23.0,23.0,24.0,24.0,24.0,25.0,25.0,25.0,25.0,26.0,26.0,26.0,27.0,27.0,27.0,28.0,28.0,28.0,29.0,29.0,30.0,30.0,31.0,31.0,32.0,33.0,33.0,34.0,36.0,42.0,0.0,1000.5019608139992,1000.7098039388657,1000.8196078538895,2000.031372550875,2000.7882353067398,3000.113725490868,3000.419607847929,3000.596078455448,3000.733333349228,3001.0,149.7982177734375,157.53218994140624,162.452099609375,166.35348510742188,169.8269805908203,173.21328735351562,176.9160614013672,181.86715698242188,193.93067321777343,346.08563232421875,221.73495,1.0,test_data/Useful/Validation/Three Quarter at 1 ft/WhatsApp Image 2024-08-21 at 14.19.03 (1).jpeg,317.0,162.0,30.2441840618708
83,0.0,0.0,0.0,0.0,0.0,0.0,1.0,1.0,2.0,3.0,4.0,4.0,5.0,6.0,6.0,7.0,7.0,8.0,8.0,9.0,9.0,10.0,10.0,10.0,11.0,11.0,11.0,12.0,12.0,12.0,13.0,13.0,13.0,13.0,14.0,14.0,14.0,15.0,15.0,15.0,16.0,16.0,16.0,16.0,17.0,17.0,17.0,17.0,18.0,18.0,18.0,18.0,19.0,19.0,19.0,19.0,20.0,20.0,20.0,20.0,20.0,21.0,21.0,21.0,21.0,22.0,22.0,22.0,23.0,23.0,23.0,23.0,24.0,24.0,24.0,25.0,25.0,25.0,25.0,26.0,26.0,26.0,27.0,27.0,27.0,28.0,28.0,28.0,29.0,29.0,30.0,30.0,31.0,31.0,32.0,33.0,33.0,34.0,36.0,42.0,0.0,1000.5019608139992,1000.7098039388657,1000.8196078538895,2000.031372550875,2000.7882353067398,3000.113725490868,3000.419607847929,3000.596078455448,3000.733333349228,3001.0,149.7982177734375,157.53218994140624,162.452099609375,166.35348510742188,169.8269805908203,173.21328735351562,176.9160614013672,181.86715698242188,193.93067321777343,346.08563232421875,221.73495,1.0,test_data/Useful/Validation/Three Quarter at 1 ft/WhatsApp Image 2024-08-21 at 14.19.03 (2).jpeg,317.0,162.0,34.97767776863902
84,0.0,0.0,0.0,0.0,0.0,0.0,1.0,2.0,3.0,4.0,4.0,5.0,6.0,6.0,7.0,8.0,8.0,9.0,9.0,10.0,10.0,10.0,11.0,11.0,11.0,12.0,12.0,12.0,12.0,13.0,13.0,13.0,13.0,14.0,14.0,14.0,15.0,15.0,15.0,15.0,16.0,16.0,16.0,16.559999999999945,17.0,17.0,17.0,18.0,18.0,18.0,19.0,19.0,19.0,19.0,20.0,20.0,20.0,20.0,21.0,21.0,21.0,21.0,22.0,22.0,22.0,22.0,22.0,23.0,23.0,23.0,23.0,24.0,24.0,24.0,25.0,25.0,25.0,25.0,26.0,26.0,26.0,27.0,27.0,27.0,28.0,28.0,28.0,29.0,29.0,30.0,30.0,31.0,31.0,32.0,32.0,33.0,34.0,34.0,36.0,42.0,0.0,1000.4823529422283,1000.7019608020782,1000.811764717102,1001.0,2000.7803921699524,3000.117647059262,3000.4156862795353,3000.5921568870544,3000.729411780834,3001.0,149.8450698852539,157.64309387207032,162.62747344970703,166.54457397460936,170.05934143066406,173.417724609375,177.07550964355468,182.01480712890626,194.05149841308594,346.04986572265625,221.84,1.0,test_data/Useful/Validation/Three Quarter at 1 ft/WhatsApp Image 2024-08-21 at 14.19.03 (3).jpeg,295.0,153.0,27.690679524277193
85,0.0,0.0,0.0,0.0,0.0,0.0,1.0,2.0,3.0,4.0,4.0,5.0,6.0,6.0,7.0,8.0,8.0,9.0,9.0,10.0,10.0,10.0,11.0,11.0,11.0,12.0,12.0,12.0,12.0,13.0,13.0,13.0,13.0,14.0,14.0,14.0,15.0,15.0,15.0,15.0,16.0,16.0,16.0,16.559999999999945,17.0,17.0,17.0,18.0,18.0,18.0,19.0,19.0,19.0,19.0,20.0,20.0,20.0,20.0,21.0,21.0,21.0,21.0,22.0,22.0,22.0,22.0,22.0,23.0,23.0,23.0,23.0,24.0,24.0,24.0,25.0,25.0,25.0,25.0,26.0,26.0,26.0,27.0,27.0,27.0,28.0,28.0,28.0,29.0,29.0,30.0,30.0,31.0,31.0,32.0,32.0,33.0,34.0,34.0,36.0,42.0,0.0,1000.4823529422283,1000.7019608020782,1000.811764717102,1001.0,2000.7803921699524,3000.117647059262,3000.4156862795353,3000.5921568870544,3000.729411780834,3001.0,149.8450698852539,157.64309387207032,162.62747344970703,166.54457397460936,170.05934143066406,173.417724609375,177.07550964355468,182.01480712890626,194.05149841308594,346.04986572265625,221.84,1.0,test_data/Useful/Validation/Three Quarter at 1 ft/WhatsApp Image 2024-08-21 at 14.19.03.jpeg,295.0,153.0,30.079182583083103
86,0.0,0.0,0.0,0.0,0.0,1.0,2.0,2.0,3.0,4.0,5.0,5.0,6.0,6.860000000000014,7.0,8.0,8.0,9.0,9.0,10.0,10.0,10.0,11.0,11.0,11.0,12.0,12.0,12.0,12.0,13.0,13.0,13.0,14.0,14.0,14.0,14.0,15.0,15.0,15.0,15.0,16.0,16.0,16.0,17.0,17.0,17.0,17.0,18.0,18.0,18.0,18.0,19.0,19.0,19.0,19.0,19.0,20.0,20.0,20.0,20.0,21.0,21.0,21.0,21.0,22.0,22.0,22.0,22.0,23.0,23.0,23.0,23.0,24.0,24.0,24.0,24.0,25.0,25.0,25.0,25.0,26.0,26.0,26.0,27.0,27.0,28.0,28.0,28.0,29.0,29.0,29.0,30.0,31.0,31.0,32.0,33.0,34.0,35.0,36.0,40.0,0.0,1000.5137255191803,1000.7215686440468,1000.8313725590706,2000.3882353007793,2000.811764717102,3000.137254908681,3000.4274509847164,3000.596078455448,3000.729411780834,3001.0,149.27669830322264,157.0695587158203,162.02752685546875,165.90817260742188,169.44024658203125,172.82044982910156,176.52220153808594,181.52549743652344,193.8813934326172,346.068603515625,221.73099,1.0,test_data/Useful/Validation/Three Quarter at 1 ft/WhatsApp Image 2024-08-21 at 14.19.04 (1).jpeg,331.0,180.0,31.56478958227175
87,0.0,0.0,0.0,0.0,0.0,1.0,2.0,2.0,3.0,4.0,5.0,5.0,6.0,6.860000000000014,7.0,8.0,8.0,9.0,9.0,10.0,10.0,10.0,11.0,11.0,11.0,12.0,12.0,12.0,12.0,13.0,13.0,13.0,14.0,14.0,14.0,14.0,15.0,15.0,15.0,15.0,16.0,16.0,16.0,17.0,17.0,17.0,17.0,18.0,18.0,18.0,18.0,19.0,19.0,19.0,19.0,19.0,20.0,20.0,20.0,20.0,21.0,21.0,21.0,21.0,22.0,22.0,22.0,22.0,23.0,23.0,23.0,23.0,24.0,24.0,24.0,24.0,25.0,25.0,25.0,25.0,26.0,26.0,26.0,27.0,27.0,28.0,28.0,28.0,29.0,29.0,29.0,30.0,31.0,31.0,32.0,33.0,34.0,35.0,36.0,40.0,0.0,1000.5137255191803,1000.7215686440468,1000.8313725590706,2000.3882353007793,2000.811764717102,3000.137254908681,3000.4274509847164,3000.596078455448,3000.729411780834,3001.0,149.27669830322264,157.0695587158203,162.02752685546875,165.90817260742188,169.44024658203125,172.82044982910156,176.52220153808594,181.52549743652344,193.8813934326172,346.068603515625,221.73099,1.0,test_data/Useful/Validation/Three Quarter at 1 ft/WhatsApp Image 2024-08-21 at 14.19.04.jpeg,331.0,180.0,31.257312322799557
88,0.0,0.0,0.0,0.0,0.0,0.0,1.0,2.0,3.0,3.0,4.0,5.0,6.0,6.0,7.0,8.0,8.0,9.0,9.0,10.0,10.0,10.0,11.0,11.0,11.0,12.0,12.0,12.0,13.0,13.0,13.0,13.0,14.0,14.0,14.0,14.0,15.0,15.0,15.0,15.0,16.0,16.0,16.0,16.0,17.0,17.0,17.0,18.0,18.0,18.0,18.0,18.0,19.0,19.0,19.0,20.0,20.0,20.0,20.0,20.0,21.0,21.0,21.0,21.360000000000127,22.0,22.0,22.0,22.0,23.0,23.0,23.0,23.0,24.0,24.0,24.0,25.0,25.0,25.0,25.210000000000036,26.0,26.0,27.0,27.0,27.0,27.0,28.0,28.0,28.0,29.0,29.0,29.0,30.0,30.0,31.0,31.049999999999727,32.0,33.0,34.0,36.0,44.0,0.0,1000.5098039507866,1000.7215686440468,1000.8352941274643,2000.474509805441,2000.8156862854958,3000.1411764770746,3000.43137255311,3000.596078455448,3000.729411780834,3001.0,149.58497314453126,157.2931365966797,162.2556411743164,166.17456970214843,169.6869888305664,173.10914916992186,176.850341796875,181.80633544921875,194.08445739746094,346.0499572753906,221.66772,1.0,test_data/Useful/Validation/Three Quarter at 1 ft/WhatsApp Image 2024-08-21 at 14.19.05.jpeg,324.0,171.0,33.882290890260386
89,0.0,0.0,0.0,0.0,0.0,1.0,1.0,2.0,3.0,4.0,5.0,5.0,6.0,6.0,7.0,7.0,8.0,8.0,9.0,10.0,10.0,10.0,11.0,11.0,11.0,11.0,12.0,12.0,12.709999999999923,13.0,13.0,13.0,14.0,14.0,14.0,14.0,14.629999999999995,15.0,15.0,15.0,16.0,16.0,16.0,16.0,17.0,17.0,17.0,17.0,18.0,18.0,18.0,18.0,19.0,19.0,19.0,19.0,20.0,20.0,20.0,20.0,21.0,21.0,21.0,22.0,22.0,22.0,22.0,23.0,23.0,23.0,23.289999999999964,24.0,24.0,24.0,25.0,25.0,25.0,26.0,26.0,26.0,26.0,27.0,27.0,27.0,28.0,28.0,28.0,29.0,29.0,30.0,30.0,30.0,31.0,31.0,32.0,33.0,34.0,34.0,36.0,43.0,0.0,1000.5058823823929,1000.7176470756531,1000.8313725590706,2000.3960784375668,2000.866666674614,3000.2000000029802,3000.458823531866,3000.6156862974167,3000.7411764860153,3001.0,150.0870819091797,157.76416015625,162.63481597900392,166.58030700683594,170.03557586669922,173.42843017578124,177.1402145385742,182.09449768066406,194.12557983398438,346.07159423828125,221.84042,1.0,test_data/Useful/Validation/Three Quarter at 1 ft/WhatsApp Image 2024-08-21 at 14.19.06 (1).jpeg,294.0,152.0,28.68420269557533
90,0.0,0.0,0.0,0.0,0.0,1.0,1.0,2.0,3.0,4.0,5.0,5.0,6.0,6.0,7.0,7.0,8.0,8.0,9.0,10.0,10.0,10.0,11.0,11.0,11.0,11.0,12.0,12.0,12.709999999999923,13.0,13.0,13.0,14.0,14.0,14.0,14.0,14.629999999999995,15.0,15.0,15.0,16.0,16.0,16.0,16.0,17.0,17.0,17.0,17.0,18.0,18.0,18.0,18.0,19.0,19.0,19.0,19.0,20.0,20.0,20.0,20.0,21.0,21.0,21.0,22.0,22.0,22.0,22.0,23.0,23.0,23.0,23.289999999999964,24.0,24.0,24.0,25.0,25.0,25.0,26.0,26.0,26.0,26.0,27.0,27.0,27.0,28.0,28.0,28.0,29.0,29.0,30.0,30.0,30.0,31.0,31.0,32.0,33.0,34.0,34.0,36.0,43.0,0.0,1000.5058823823929,1000.7176470756531,1000.8313725590706,2000.3960784375668,2000.866666674614,3000.2000000029802,3000.458823531866,3000.6156862974167,3000.7411764860153,3001.0,150.0870819091797,157.76416015625,162.63481597900392,166.58030700683594,170.03557586669922,173.42843017578124,177.1402145385742,182.09449768066406,194.12557983398438,346.07159423828125,221.84042,1.0,test_data/Useful/Validation/Three Quarter at 1 ft/WhatsApp Image 2024-08-21 at 14.19.06 (2).jpeg,294.0,152.0,28.104103298911106
91,0.0,0.0,0.0,0.0,0.0,1.0,2.0,2.0,3.0,4.0,4.0,5.0,5.0,6.0,7.0,7.0,8.0,9.0,9.0,9.0,10.0,10.0,11.0,11.0,11.0,12.0,12.0,12.0,12.0,13.0,13.0,13.0,13.0,14.0,14.0,14.0,15.0,15.0,15.0,15.0,16.0,16.0,16.0,16.0,17.0,17.0,17.0,17.0,18.0,18.0,18.0,18.0,19.0,19.0,19.0,20.0,20.0,20.0,20.0,21.0,21.0,21.0,21.0,22.0,22.0,22.0,22.0,23.0,23.0,23.0,23.0,24.0,24.0,24.0,25.0,25.0,25.0,25.0,26.0,26.0,26.0,27.0,27.0,27.0,28.0,28.0,29.0,29.0,29.0,30.0,30.0,31.0,31.0,32.0,32.0,33.0,34.0,35.0,37.0,40.0,0.0,1000.4941176474094,1000.7098039388657,1000.8235294222832,2000.2784313857555,2000.8039215803146,3000.133333340287,3000.4235294163227,3000.596078455448,3000.729411780834,3001.0,150.03961334228515,157.74212036132812,162.68590393066407,166.56353759765625,170.00626373291016,173.35520629882814,177.07200927734374,182.0412628173828,194.0749450683594,346.058349609375,221.82343,1.0,test_data/Useful/Validation/Three Quarter at 1 ft/WhatsApp Image 2024-08-21 at 14.19.06.jpeg,294.0,147.0,27.810213603172528
92,0.0,0.0,0.0,0.0,0.0,0.0,1.0,2.0,3.0,4.0,5.0,5.0,6.0,6.860000000000014,7.0,8.0,8.830000000000041,9.0,9.0,10.0,10.0,10.0,11.0,11.0,11.0,11.0,12.0,12.0,12.0,12.0,13.0,13.0,13.0,14.0,14.0,14.0,15.0,15.0,15.0,15.0,16.0,16.0,16.0,16.0,17.0,17.0,17.0,17.0,18.0,18.0,18.0,18.0,19.0,19.0,19.0,19.0,20.0,20.0,20.0,20.0,21.0,21.0,21.0,22.0,22.0,22.0,22.0,23.0,23.0,23.0,23.0,24.0,24.0,24.0,24.25,25.0,25.0,25.0,26.0,26.0,26.0,26.0,27.0,27.0,27.0,28.0,28.0,29.0,29.0,29.0,30.0,30.0,31.0,32.0,32.0,33.0,34.0,35.0,36.0,41.0,0.0,1000.4901960790157,1000.7098039388657,1000.8196078538895,2000.2352941185236,2000.8039215803146,3000.1411764770746,3000.4274509847164,3000.596078455448,3000.733333349228,3001.0,149.9538116455078,157.6057586669922,162.5406036376953,166.4595947265625,169.9380645751953,173.33804321289062,177.04104614257812,181.98776245117188,193.98580932617188,346.05816650390625,221.46063,1.0,test_data/Useful/Validation/Three Quarter at 1 ft/WhatsApp Image 2024-08-21 at 14.19.07 (1).jpeg,288.0,151.0,30.547475732512392
93,0.0,0.0,0.0,0.0,0.0,0.0,1.0,2.0,3.0,4.0,5.0,5.0,6.0,6.860000000000014,7.0,8.0,8.830000000000041,9.0,9.0,10.0,10.0,10.0,11.0,11.0,11.0,11.0,12.0,12.0,12.0,12.0,13.0,13.0,13.0,14.0,14.0,14.0,15.0,15.0,15.0,15.0,16.0,16.0,16.0,16.0,17.0,17.0,17.0,17.0,18.0,18.0,18.0,18.0,19.0,19.0,19.0,19.0,20.0,20.0,20.0,20.0,21.0,21.0,21.0,22.0,22.0,22.0,22.0,23.0,23.0,23.0,23.0,24.0,24.0,24.0,24.25,25.0,25.0,25.0,26.0,26.0,26.0,26.0,27.0,27.0,27.0,28.0,28.0,29.0,29.0,29.0,30.0,30.0,31.0,32.0,32.0,33.0,34.0,35.0,36.0,41.0,0.0,1000.4901960790157,1000.7098039388657,1000.8196078538895,2000.2352941185236,2000.8039215803146,3000.1411764770746,3000.4274509847164,3000.596078455448,3000.733333349228,3001.0,149.9538116455078,157.6057586669922,162.5406036376953,166.4595947265625,169.9380645751953,173.33804321289062,177.04104614257812,181.98776245117188,193.98580932617188,346.05816650390625,221.46063,1.0,test_data/Useful/Validation/Three Quarter at 1 ft/WhatsApp Image 2024-08-21 at 14.19.07 (2).jpeg,288.0,151.0,29.00125176356906
94,0.0,0.0,0.0,0.0,0.0,1.0,1.9300000000000068,2.0,3.0,4.0,5.0,5.0,6.0,7.0,7.0,8.0,8.0,9.0,9.0,9.0,10.0,10.0,11.0,11.0,11.0,12.0,12.0,12.0,12.0,13.0,13.0,13.0,13.0,14.0,14.0,14.0,14.0,15.0,15.0,15.0,15.0,16.0,16.0,16.0,16.0,17.0,17.0,17.0,17.0,18.0,18.0,18.0,18.0,19.0,19.0,19.0,19.0,20.0,20.0,20.0,20.0,21.0,21.0,21.0,21.0,22.0,22.0,22.0,22.0,23.0,23.0,23.0,24.0,24.0,24.0,24.0,25.0,25.0,25.0,26.0,26.0,26.0,27.0,27.0,27.0,28.0,28.0,29.0,29.0,29.0,30.0,30.0,31.0,31.0,32.0,32.0,34.0,34.01999999999998,36.0,44.0,0.0,1000.5019608139992,1000.7137255072594,1000.8196078538895,1001.0,2000.8156862854958,3000.164705887437,3000.4509803950787,3000.6156862974167,3000.7411764860153,3001.0,149.21470642089844,156.98805236816406,161.9193878173828,165.9117889404297,169.37265014648438,172.76927185058594,176.5681610107422,181.57122802734375,193.82713317871094,346.1171875,221.83249,1.0,test_data/Useful/Validation/Three Quarter at 1 ft/WhatsApp Image 2024-08-21 at 14.19.07.jpeg,315.0,168.0,29.424092784836102
95,0.0,0.0,0.0,0.0,0.0,0.0,0.0,1.0,2.0,3.0,3.0,4.0,4.0,5.0,6.0,7.0,8.0,8.0,9.0,9.0,10.0,10.0,10.0,11.0,11.0,11.0,12.0,12.0,12.0,13.0,13.0,13.0,13.670000000000073,14.0,14.0,14.0,15.0,15.0,15.0,15.0,16.0,16.0,16.0,16.0,17.0,17.0,17.0,18.0,18.0,18.0,18.0,19.0,19.0,19.0,19.0,20.0,20.0,20.0,20.0,21.0,21.0,21.0,21.0,22.0,22.0,22.0,22.0,23.0,23.0,23.0,23.0,24.0,24.0,24.0,24.0,25.0,25.0,25.0,26.0,26.0,26.0,27.0,27.0,27.0,28.0,28.0,28.0,29.0,29.0,29.0,30.0,30.0,31.0,31.0,32.0,33.0,33.0,34.0,36.0,40.0,0.0,1000.4901960790157,1000.705882370472,1000.8196078538895,2000.1960784345865,2000.784313738346,3000.117647059262,3000.4156862795353,3000.5921568870544,3000.729411780834,3001.0,149.85208129882812,157.64080810546875,162.5679931640625,166.45529174804688,169.90370178222656,173.34951782226562,177.03875732421875,181.88302612304688,193.93182373046875,346.0567626953125,221.77554,1.0,test_data/Useful/Validation/Three Quarter at 1 ft/WhatsApp Image 2024-08-21 at 14.19.08 (1).jpeg,322.0,172.0,27.32174707316023
96,0.0,0.0,0.0,0.0,0.0,1.0,1.9300000000000068,2.0,3.0,4.0,5.0,5.0,6.0,7.0,7.0,8.0,8.0,9.0,9.0,9.0,10.0,10.0,11.0,11.0,11.0,12.0,12.0,12.0,12.0,13.0,13.0,13.0,13.0,14.0,14.0,14.0,14.0,15.0,15.0,15.0,15.0,16.0,16.0,16.0,16.0,17.0,17.0,17.0,17.0,18.0,18.0,18.0,18.0,19.0,19.0,19.0,19.0,20.0,20.0,20.0,20.0,21.0,21.0,21.0,21.0,22.0,22.0,22.0,22.0,23.0,23.0,23.0,24.0,24.0,24.0,24.0,25.0,25.0,25.0,26.0,26.0,26.0,27.0,27.0,27.0,28.0,28.0,29.0,29.0,29.0,30.0,30.0,31.0,31.0,32.0,32.0,34.0,34.01999999999998,36.0,44.0,0.0,1000.5019608139992,1000.7137255072594,1000.8196078538895,1001.0,2000.8156862854958,3000.164705887437,3000.4509803950787,3000.6156862974167,3000.7411764860153,3001.0,149.21470642089844,156.98805236816406,161.9193878173828,165.9117889404297,169.37265014648438,172.76927185058594,176.5681610107422,181.57122802734375,193.82713317871094,346.1171875,221.83249,1.0,test_data/Useful/Validation/Three Quarter at 1 ft/WhatsApp Image 2024-08-21 at 14.19.08.jpeg,315.0,168.0,37.39532663830888
97,0.0,0.0,0.0,0.0,0.0,0.0,1.0,2.0,3.0,3.0,4.0,5.0,6.0,6.0,7.0,8.0,8.0,9.0,9.0,10.0,10.0,10.0,11.0,11.0,11.0,12.0,12.0,12.0,13.0,13.0,13.0,13.0,14.0,14.0,14.0,14.0,15.0,15.0,15.0,15.0,16.0,16.0,16.0,16.0,17.0,17.0,17.0,18.0,18.0,18.0,18.0,18.0,19.0,19.0,19.0,20.0,20.0,20.0,20.0,20.0,21.0,21.0,21.0,21.360000000000127,22.0,22.0,22.0,22.0,23.0,23.0,23.0,23.0,24.0,24.0,24.0,25.0,25.0,25.0,25.210000000000036,26.0,26.0,27.0,27.0,27.0,27.0,28.0,28.0,28.0,29.0,29.0,29.0,30.0,30.0,31.0,31.049999999999727,32.0,33.0,34.0,36.0,44.0,0.0,1000.5098039507866,1000.7215686440468,1000.8352941274643,2000.474509805441,2000.8156862854958,3000.1411764770746,3000.43137255311,3000.596078455448,3000.729411780834,3001.0,149.58497314453126,157.2931365966797,162.2556411743164,166.17456970214843,169.6869888305664,173.10914916992186,176.850341796875,181.80633544921875,194.08445739746094,346.0499572753906,221.66772,1.0,test_data/Useful/Validation/Three Quarter at 1 ft/WhatsApp Image 2024-08-21 at 14.19.27 (1).jpeg,324.0,171.0,30.398324848101822
98,0.0,0.0,0.0,0.0,0.0,0.0,0.0,1.0,2.0,3.0,3.0,4.0,4.0,5.0,6.0,7.0,8.0,8.0,9.0,9.0,10.0,10.0,10.0,11.0,11.0,11.0,12.0,12.0,12.0,13.0,13.0,13.0,13.670000000000073,14.0,14.0,14.0,15.0,15.0,15.0,15.0,16.0,16.0,16.0,16.0,17.0,17.0,17.0,18.0,18.0,18.0,18.0,19.0,19.0,19.0,19.0,20.0,20.0,20.0,20.0,21.0,21.0,21.0,21.0,22.0,22.0,22.0,22.0,23.0,23.0,23.0,23.0,24.0,24.0,24.0,24.0,25.0,25.0,25.0,26.0,26.0,26.0,27.0,27.0,27.0,28.0,28.0,28.0,29.0,29.0,29.0,30.0,30.0,31.0,31.0,32.0,33.0,33.0,34.0,36.0,40.0,0.0,1000.4901960790157,1000.705882370472,1000.8196078538895,2000.1960784345865,2000.784313738346,3000.117647059262,3000.4156862795353,3000.5921568870544,3000.729411780834,3001.0,149.85208129882812,157.64080810546875,162.5679931640625,166.45529174804688,169.90370178222656,173.34951782226562,177.03875732421875,181.88302612304688,193.93182373046875,346.0567626953125,221.77554,1.0,test_data/Useful/Validation/Three Quarter at 1 ft/WhatsApp Image 2024-08-21 at 14.19.27.jpeg,322.0,172.0,29.408021925396135
99,0.0,0.0,0.0,0.0,0.0,0.0,1.0,2.0,3.0,3.0,4.0,5.0,5.0,6.0,6.0,7.0,7.0,8.0,8.0,9.0,9.0,10.0,10.0,11.0,11.0,11.0,12.0,12.0,12.0,13.0,13.0,13.0,14.0,14.0,14.0,14.639999999999986,15.0,15.0,15.0,16.0,16.0,16.0,16.0,17.0,17.0,17.0,17.0,18.0,18.0,18.0,18.0,19.0,19.0,19.0,19.0,20.0,20.0,20.0,20.0,21.0,21.0,21.0,21.0,22.0,22.0,22.0,22.0,23.0,23.0,23.0,23.0,24.0,24.0,24.0,24.0,25.0,25.0,25.0,26.0,26.0,26.0,26.179999999999836,27.0,27.0,28.0,28.0,28.0,29.0,29.0,30.0,30.0,30.0,31.0,31.0,32.0,33.0,34.0,35.0,37.0,42.0,0.0,1000.517647087574,1000.7254902124405,1000.839215695858,2000.4549019634724,2000.8235294222832,3000.1450980454683,3000.43137255311,3000.600000023842,3000.7372549176216,3001.0,149.69827423095703,157.34035949707032,162.33970336914064,166.2274169921875,169.76914978027344,173.15457153320312,176.80816650390625,181.76145935058594,193.91983032226562,346.0663146972656,221.72116,1.0,test_data/Useful/Validation/Three Quarter at 1 ft/WhatsApp Image 2024-08-21 at 14.19.28.jpeg,307.0,157.0,37.99543260018004
100,0.0,0.0,0.0,0.0,0.0,1.0,2.0,3.0,4.0,4.0,5.0,5.0,6.0,7.0,7.0,8.0,8.0,9.0,10.0,10.0,10.0,11.0,11.0,11.0,11.75,12.0,12.0,12.0,13.0,13.0,13.0,14.0,14.0,14.0,15.0,15.0,15.0,15.0,16.0,16.0,16.0,17.0,17.0,17.0,17.0,18.0,18.0,18.0,18.0,18.5,19.0,19.0,19.0,19.0,19.0,20.0,20.0,20.0,21.0,21.0,21.0,21.0,21.0,22.0,22.0,22.0,23.0,23.0,23.0,23.0,24.0,24.0,24.0,25.0,25.0,25.0,25.0,25.0,26.0,26.0,26.0,27.0,27.0,27.0,28.0,28.0,29.0,29.0,29.0,30.0,30.0,31.0,31.0,32.0,32.0,33.0,34.0,35.0,36.00999999999976,44.0,0.0,1000.4549019634724,1000.6941176652908,1000.8039215803146,1000.9411764740944,2000.6705882549286,3000.0352941192687,3000.3490196168423,3000.556862771511,3000.7137255072594,3001.0,149.32958984375,157.0930938720703,162.0461883544922,165.96569213867187,169.40794372558594,172.8343963623047,176.57209167480468,181.53616943359376,194.1307373046875,346.0200500488281,222.50821,1.0,test_data/Useful/Validation/Three Quarter at 1 ft/WhatsApp Image 2024-08-21 at 14.19.49 (1).jpeg,304.0,142.0,31.333504270397484
101,0.0,0.0,0.0,0.0,0.0,1.9399999999999977,3.0,3.0,4.0,4.0,5.0,6.0,6.0,7.0,8.0,8.0,9.0,9.0,10.0,10.0,10.0,11.0,11.0,11.0,12.0,12.0,12.0,12.0,13.0,13.0,13.0,14.0,14.0,14.0,15.0,15.0,15.0,15.620000000000005,16.0,16.0,16.0,16.0,17.0,17.0,17.0,17.0,18.0,18.0,18.0,18.0,19.0,19.0,19.0,19.0,20.0,20.0,20.0,20.0,21.0,21.0,21.0,21.0,22.0,22.0,22.0,22.0,23.0,23.0,23.0,23.0,24.0,24.0,24.0,24.0,25.0,25.0,25.0,26.0,26.0,26.0,26.0,27.0,27.0,27.0,28.0,28.0,29.0,29.0,29.0,30.0,30.0,30.079999999999927,31.0,32.0,32.0,33.0,34.0,35.0,36.00999999999976,43.0,0.0,1000.4745098054409,1000.7098039388657,1000.8235294222832,2000.1098039224744,2000.7254902124405,3000.0352941192687,3000.3450980484486,3000.5529412031174,3000.7098039388657,3001.0,149.75035858154297,157.4281463623047,162.3006591796875,166.2535400390625,169.74380493164062,173.16204833984375,176.87437438964844,181.91104125976562,194.4502410888672,346.02734375,222.10457,1.0,test_data/Useful/Validation/Three Quarter at 1 ft/WhatsApp Image 2024-08-21 at 14.19.49 (2).jpeg,307.0,155.0,28.513137541413183
102,0.0,0.0,0.0,0.0,0.0,1.0,2.0,3.0,4.0,5.0,5.0,6.0,7.0,7.0,8.0,8.0,9.0,9.0,10.0,10.0,10.0,11.0,11.0,11.0,12.0,12.0,12.0,12.720000000000027,13.0,13.0,14.0,14.0,14.0,14.0,15.0,15.0,15.0,16.0,16.0,16.0,16.0,17.0,17.0,17.0,17.0,18.0,18.0,18.0,18.0,19.0,19.0,19.0,19.0,19.0,20.0,20.0,20.0,20.0,21.0,21.0,21.0,21.0,22.0,22.0,22.0,22.0,23.0,23.0,23.0,23.0,24.0,24.0,24.0,24.0,25.0,25.0,25.0,25.220000000000027,26.0,26.0,26.0,27.0,27.0,27.0,28.0,28.0,28.0,29.0,29.0,30.0,30.0,31.0,31.0,32.0,32.0,33.0,34.0,35.0,36.0,40.0,0.0,1000.4784313738346,1000.705882370472,1000.811764717102,1000.9568627476692,2000.6980392336845,3000.043137256056,3000.368627458811,3000.568627476692,3000.721568644047,3001.0,149.59317016601562,157.27537841796874,162.1389633178711,166.02194213867188,169.49957275390625,172.93104553222656,176.6561279296875,181.5318145751953,194.0155029296875,346.0433654785156,222.42967,1.0,test_data/Useful/Validation/Three Quarter at 1 ft/WhatsApp Image 2024-08-21 at 14.19.49.jpeg,310.0,156.0,31.653519347737156
103,0.0,0.0,0.0,0.0,1.0,1.0,2.0,3.0,4.0,4.0,5.0,6.0,7.0,7.0,8.0,8.0,9.0,10.0,10.0,10.0,11.0,11.0,11.0,12.0,12.0,12.0,13.0,13.0,13.0,14.0,14.0,14.0,14.0,15.0,15.0,15.0,15.0,16.0,16.0,16.0,16.0,17.0,17.0,17.0,17.0,18.0,18.0,18.0,18.0,19.0,19.0,19.0,19.0,20.0,20.0,20.0,20.0,21.0,21.0,21.0,21.0,22.0,22.0,22.0,22.0,22.0,23.0,23.0,23.0,23.0,24.0,24.0,24.0,24.0,25.0,25.0,25.0,26.0,26.0,26.0,27.0,27.0,27.0,27.0,28.0,28.0,28.0,29.0,29.0,30.0,30.0,31.0,31.0,32.0,33.0,33.0,34.0,35.0,36.0,41.0,0.0,1000.4941176474094,1000.7215686440468,1000.8352941274643,2000.2392156869173,2000.7137255072594,3000.0156862754375,3000.3176470696926,3000.5411764979362,3000.7019608020782,3001.0,149.16165771484376,156.90647888183594,161.8873504638672,165.8448944091797,169.39297485351562,172.7616729736328,176.4944610595703,181.5928649902344,194.24227905273438,346.0290222167969,222.10107,1.0,test_data/Useful/Validation/Three Quarter at 1 ft/WhatsApp Image 2024-08-21 at 14.19.50 (1).jpeg,301.0,165.0,33.26479731922532
104,0.0,0.0,0.0,0.0,1.0,1.0,2.0,3.0,4.0,4.0,5.0,6.0,7.0,7.0,8.0,8.0,9.0,10.0,10.0,10.0,11.0,11.0,11.0,12.0,12.0,12.0,13.0,13.0,13.0,14.0,14.0,14.0,14.0,15.0,15.0,15.0,15.0,16.0,16.0,16.0,16.0,17.0,17.0,17.0,17.0,18.0,18.0,18.0,18.0,19.0,19.0,19.0,19.0,20.0,20.0,20.0,20.0,21.0,21.0,21.0,21.0,22.0,22.0,22.0,22.0,22.0,23.0,23.0,23.0,23.0,24.0,24.0,24.0,24.0,25.0,25.0,25.0,26.0,26.0,26.0,27.0,27.0,27.0,27.0,28.0,28.0,28.0,29.0,29.0,30.0,30.0,31.0,31.0,32.0,33.0,33.0,34.0,35.0,36.0,41.0,0.0,1000.4941176474094,1000.7215686440468,1000.8352941274643,2000.2392156869173,2000.7137255072594,3000.0156862754375,3000.3176470696926,3000.5411764979362,3000.7019608020782,3001.0,149.16165771484376,156.90647888183594,161.8873504638672,165.8448944091797,169.39297485351562,172.7616729736328,176.4944610595703,181.5928649902344,194.24227905273438,346.0290222167969,222.10107,1.0,test_data/Useful/Validation/Three Quarter at 1 ft/WhatsApp Image 2024-08-21 at 14.19.50.jpeg,301.0,165.0,30.628121660564773
